time error 
0 0.035847
0.036072 0.022159
0.072144 0.012997
0.10822 0.010471
0.14429 0.013178
0.18036 0.016572
0.21643 0.019098
0.25251 0.020559
0.28858 0.021066
0.32465 0.020806
0.36072 0.019989
0.39679 0.018829
0.43287 0.017555
0.46894 0.016402
0.50501 0.015603
0.54108 0.015329
0.57715 0.015631
0.61323 0.016415
0.6493 0.017496
0.68537 0.018674
0.72144 0.019782
0.75752 0.020706
0.79359 0.021381
0.82966 0.021784
0.86573 0.021926
0.9018 0.021844
0.93788 0.021593
0.97395 0.021236
1.01 0.020836
1.0461 0.020459
1.0822 0.020159
1.1182 0.019985
1.1543 0.019974
1.1904 0.020142
1.2265 0.020486
1.2625 0.020979
1.2986 0.02157
1.3347 0.022197
1.3707 0.022791
1.4068 0.023291
1.4429 0.023653
1.479 0.023853
1.515 0.023891
1.5511 0.023788
1.5872 0.023583
1.6232 0.023322
1.6593 0.023053
1.6954 0.022817
1.7315 0.022646
1.7675 0.02256
1.8036 0.022567
1.8397 0.022669
1.8758 0.022859
1.9118 0.023125
1.9479 0.023447
1.984 0.023795
2.02 0.024135
2.0561 0.024432
2.0922 0.024655
2.1283 0.024786
2.1643 0.024824
2.2004 0.024783
2.2365 0.024693
2.2725 0.024586
2.3086 0.024495
2.3447 0.024442
2.3808 0.024435
2.4168 0.024472
2.4529 0.024542
2.489 0.024638
2.5251 0.024758
2.5611 0.024906
2.5972 0.025094
2.6333 0.025328
2.6693 0.02561
2.7054 0.025927
2.7415 0.026256
2.7776 0.026566
2.8136 0.026827
2.8497 0.027014
2.8858 0.027115
2.9218 0.02713
2.9579 0.027072
2.994 0.026964
3.0301 0.026838
3.0661 0.026725
3.1022 0.026658
3.1383 0.026661
3.1743 0.026747
3.2104 0.026914
3.2465 0.027145
3.2826 0.027409
3.3186 0.027667
3.3547 0.027884
3.3908 0.028032
3.4269 0.028102
3.4629 0.028103
3.499 0.028056
3.5351 0.027994
3.5711 0.027945
3.6072 0.027932
3.6433 0.027965
3.6794 0.028044
3.7154 0.028163
3.7515 0.028317
3.7876 0.028501
3.8236 0.028716
3.8597 0.028961
3.8958 0.029229
3.9319 0.029506
3.9679 0.029774
4.004 0.030014
4.0401 0.030215
4.0762 0.030376
4.1122 0.030508
4.1483 0.030627
4.1844 0.030751
4.2204 0.03089
4.2565 0.031049
4.2926 0.031229
4.3287 0.03143
4.3647 0.031663
4.4008 0.03194
4.4369 0.032275
4.4729 0.032669
4.509 0.033102
4.5451 0.033536
4.5812 0.033919
4.6172 0.034204
4.6533 0.034367
4.6894 0.034418
4.7255 0.0344
4.7615 0.034377
4.7976 0.03441
4.8337 0.034537
4.8697 0.034759
4.9058 0.035042
4.9419 0.035341
4.978 0.035617
5.014 0.035855
5.0501 0.036065
5.0862 0.036274
5.1222 0.036503
5.1583 0.036759
5.1944 0.037027
5.2305 0.037286
5.2665 0.037525
5.3026 0.037756
5.3387 0.038011
5.3747 0.038333
5.4108 0.038745
5.4469 0.039234
5.483 0.039747
5.519 0.040213
5.5551 0.040574
5.5912 0.040809
5.6273 0.040944
5.6633 0.041047
5.6994 0.041192
5.7355 0.041429
5.7715 0.04176
5.8076 0.04214
5.8437 0.042506
5.8798 0.042802
5.9158 0.043006
5.9519 0.04314
5.988 0.043247
6.024 0.043381
6.0601 0.043576
6.0962 0.043838
6.1323 0.044149
6.1683 0.044477
6.2044 0.04479
6.2405 0.045069
6.2766 0.045306
6.3126 0.045509
6.3487 0.045693
6.3848 0.04588
6.4208 0.046088
6.4569 0.046327
6.493 0.046594
6.5291 0.046876
6.5651 0.047153
6.6012 0.047408
6.6373 0.047634
6.6733 0.047834
6.7094 0.048023
6.7455 0.048217
6.7816 0.048428
6.8176 0.048665
6.8537 0.048928
6.8898 0.049212
6.9259 0.049505
6.9619 0.049793
6.998 0.050062
7.0341 0.05031
7.0701 0.050543
7.1062 0.050779
7.1423 0.051038
7.1784 0.051328
7.2144 0.051641
7.2505 0.051954
7.2866 0.052245
7.3226 0.052505
7.3587 0.052743
7.3948 0.052982
7.4309 0.053243
7.4669 0.053529
7.503 0.053829
7.5391 0.054119
7.5752 0.054384
7.6112 0.054621
7.6473 0.054844
7.6834 0.055072
7.7194 0.055318
7.7555 0.055583
7.7916 0.05586
7.8277 0.056142
7.8637 0.056424
7.8998 0.056705
7.9359 0.056985
7.9719 0.057262
8.008 0.057537
8.0441 0.057811
8.0802 0.05809
8.1162 0.05838
8.1523 0.058685
8.1884 0.058998
8.2244 0.059304
8.2605 0.059591
8.2966 0.059852
8.3327 0.060097
8.3687 0.060339
8.4048 0.060591
8.4409 0.060854
8.477 0.061117
8.513 0.061367
8.5491 0.0616
8.5852 0.061821
8.6212 0.062049
8.6573 0.062299
8.6934 0.062576
8.7295 0.062868
8.7655 0.063157
8.8016 0.063426
8.8377 0.063672
8.8737 0.063904
8.9098 0.064139
8.9459 0.06439
8.982 0.064659
9.018 0.064936
9.0541 0.065203
9.0902 0.065442
9.1263 0.065641
9.1623 0.065799
9.1984 0.065928
9.2345 0.066046
9.2705 0.066169
9.3066 0.066309
9.3427 0.066462
9.3788 0.066617
9.4148 0.066754
9.4509 0.066863
9.487 0.066944
9.523 0.067011
9.5591 0.067084
9.5952 0.06717
9.6313 0.067265
9.6673 0.067348
9.7034 0.067401
9.7395 0.067417
9.7756 0.067409
9.8116 0.067397
9.8477 0.067395
9.8838 0.067401
9.9198 0.067399
9.9559 0.067374
9.992 0.067324
10.028 0.067253
10.064 0.067167
10.1 0.067068
10.136 0.066956
10.172 0.066834
10.208 0.066713
10.244 0.066607
10.281 0.066516
10.317 0.066424
10.353 0.066311
10.389 0.066169
10.425 0.066021
10.461 0.0659
10.497 0.065823
10.533 0.065774
10.569 0.065714
10.605 0.065621
10.641 0.065508
10.677 0.06541
10.713 0.065343
10.749 0.065279
10.786 0.065174
10.822 0.065009
10.858 0.064824
10.894 0.064685
10.93 0.06463
10.966 0.064636
11.002 0.06464
11.038 0.064599
11.074 0.064521
11.11 0.064439
11.146 0.064369
11.182 0.064289
11.218 0.064177
11.255 0.064052
11.291 0.063958
11.327 0.063901
11.363 0.063823
11.399 0.06365
11.435 0.063384
11.471 0.063133
11.507 0.063024
11.543 0.06308
11.579 0.06319
11.615 0.063206
11.651 0.063063
11.687 0.062806
11.723 0.062513
11.76 0.062225
11.796 0.061937
11.832 0.061633
11.868 0.0613
11.904 0.060914
11.94 0.060447
11.976 0.059918
12.012 0.059413
12.048 0.059026
12.084 0.058762
12.12 0.058532
12.156 0.058245
12.192 0.05789
12.228 0.057508
12.265 0.057101
12.301 0.056619
12.337 0.056068
12.373 0.05558
12.409 0.055308
12.445 0.055234
12.481 0.055152
12.517 0.054903
12.553 0.054569
12.589 0.054363
12.625 0.054343
12.661 0.054302
12.697 0.054024
12.733 0.053616
12.77 0.053505
12.806 0.05399
12.842 0.054822
12.878 0.055409
12.914 0.055477
12.95 0.055384
12.986 0.055647
13.022 0.05627
13.058 0.056766
13.094 0.056808
13.13 0.056565
13.166 0.056368
13.202 0.056218
13.238 0.055814
13.275 0.05506
13.311 0.05438
13.347 0.054343
13.383 0.054944
13.419 0.055522
13.455 0.055512
13.491 0.055067
13.527 0.054781
13.563 0.054898
13.599 0.055041
13.635 0.054768
13.671 0.054123
13.707 0.05353
13.743 0.053238
13.78 0.053024
13.816 0.052519
13.852 0.051728
13.888 0.051057
13.924 0.05082
13.96 0.050828
13.996 0.050632
14.032 0.050077
14.068 0.049486
14.104 0.049257
14.14 0.049364
14.176 0.04938
14.212 0.049015
14.248 0.048478
14.285 0.048232
14.321 0.048376
14.357 0.048441
14.393 0.047943
14.429 0.047074
14.465 0.046676
14.501 0.047312
14.537 0.048452
14.573 0.049054
14.609 0.048795
14.645 0.048382
14.681 0.048546
14.717 0.049001
14.754 0.04891
14.79 0.0482
14.826 0.047806
14.862 0.048388
14.898 0.049262
14.934 0.049286
14.97 0.048449
15.006 0.047992
15.042 0.048813
15.078 0.050158
15.114 0.050644
15.15 0.050052
15.186 0.049508
15.222 0.049853
15.259 0.050411
15.295 0.050072
15.331 0.049081
15.367 0.048875
15.403 0.049991
15.439 0.051088
15.475 0.050802
15.511 0.04967
15.547 0.049499
15.583 0.050797
15.619 0.051951
15.655 0.051594
15.691 0.050546
15.727 0.0507
15.764 0.052196
15.8 0.053163
15.836 0.052534
15.872 0.051596
15.908 0.052222
15.944 0.054101
15.98 0.055218
16.016 0.054755
16.052 0.054063
16.088 0.054617
16.124 0.055853
16.16 0.056155
16.196 0.055327
16.232 0.054887
16.269 0.055843
16.305 0.057133
16.341 0.057173
16.377 0.056099
16.413 0.055603
16.449 0.056612
16.485 0.057945
16.521 0.05799
16.557 0.056878
16.593 0.056287
16.629 0.057192
16.665 0.058448
16.701 0.058445
16.737 0.057324
16.774 0.05681
16.81 0.057863
16.846 0.059203
16.882 0.059093
16.918 0.057722
16.954 0.057135
16.99 0.058631
17.026 0.060836
17.062 0.061565
17.098 0.06059
17.134 0.059818
17.17 0.060721
17.206 0.062138
17.242 0.061914
17.279 0.060015
17.315 0.059025
17.351 0.06086
17.387 0.063626
17.423 0.064077
17.459 0.061906
17.495 0.060522
17.531 0.062843
17.567 0.066673
17.603 0.067791
17.639 0.065617
17.675 0.064117
17.711 0.066456
17.747 0.069589
17.784 0.06877
17.82 0.064901
17.856 0.064906
17.892 0.070528
17.928 0.072031
17.964 0.063955
18 0.078307
