time error 
0 0.67005
0.036072 0.58161
0.072144 0.50002
0.10822 0.42568
0.14429 0.35921
0.18036 0.30159
0.21643 0.25422
0.25251 0.21895
0.28858 0.19747
0.32465 0.19007
0.36072 0.19458
0.39679 0.2072
0.43287 0.22419
0.46894 0.2428
0.50501 0.26125
0.54108 0.27853
0.57715 0.29405
0.61323 0.30754
0.6493 0.31889
0.68537 0.32808
0.72144 0.3352
0.75752 0.34037
0.79359 0.34373
0.82966 0.34545
0.86573 0.34572
0.9018 0.34472
0.93788 0.34266
0.97395 0.33972
1.01 0.3361
1.0461 0.33198
1.0822 0.32755
1.1182 0.32298
1.1543 0.31843
1.1904 0.31403
1.2265 0.30994
1.2625 0.30625
1.2986 0.30306
1.3347 0.30046
1.3707 0.29849
1.4068 0.2972
1.4429 0.29659
1.479 0.29668
1.515 0.29743
1.5511 0.29883
1.5872 0.30083
1.6232 0.30338
1.6593 0.30642
1.6954 0.30991
1.7315 0.31378
1.7675 0.31796
1.8036 0.32241
1.8397 0.32706
1.8758 0.33185
1.9118 0.33674
1.9479 0.34167
1.984 0.3466
2.02 0.35147
2.0561 0.35623
2.0922 0.36086
2.1283 0.3653
2.1643 0.36952
2.2004 0.37349
2.2365 0.37717
2.2725 0.38055
2.3086 0.38359
2.3447 0.38628
2.3808 0.38861
2.4168 0.39059
2.4529 0.3922
2.489 0.39346
2.5251 0.39439
2.5611 0.39501
2.5972 0.39535
2.6333 0.39545
2.6693 0.39535
2.7054 0.3951
2.7415 0.39475
2.7776 0.39435
2.8136 0.39397
2.8497 0.39365
2.8858 0.39344
2.9218 0.3934
2.9579 0.39355
2.994 0.39394
3.0301 0.39458
3.0661 0.3955
3.1022 0.39669
3.1383 0.39815
3.1743 0.39987
3.2104 0.40182
3.2465 0.40398
3.2826 0.4063
3.3186 0.40875
3.3547 0.4113
3.3908 0.41389
3.4269 0.41649
3.4629 0.41907
3.499 0.42158
3.5351 0.424
3.5711 0.42631
3.6072 0.4285
3.6433 0.43055
3.6794 0.43246
3.7154 0.43424
3.7515 0.4359
3.7876 0.43744
3.8236 0.4389
3.8597 0.4403
3.8958 0.44165
3.9319 0.443
3.9679 0.44437
4.004 0.44577
4.0401 0.44725
4.0762 0.44883
4.1122 0.45051
4.1483 0.45232
4.1844 0.45426
4.2204 0.45635
4.2565 0.45857
4.2926 0.46092
4.3287 0.4634
4.3647 0.46599
4.4008 0.46867
4.4369 0.47143
4.4729 0.47426
4.509 0.47713
4.5451 0.48004
4.5812 0.48297
4.6172 0.48592
4.6533 0.48888
4.6894 0.49185
4.7255 0.49484
4.7615 0.49786
4.7976 0.50092
4.8337 0.50403
4.8697 0.50722
4.9058 0.51051
4.9419 0.5139
4.978 0.51742
5.014 0.52108
5.0501 0.52488
5.0862 0.52883
5.1222 0.53292
5.1583 0.53715
5.1944 0.54149
5.2305 0.54593
5.2665 0.55044
5.3026 0.55499
5.3387 0.55954
5.3747 0.56407
5.4108 0.56853
5.4469 0.57291
5.483 0.57717
5.519 0.58129
5.5551 0.58526
5.5912 0.58908
5.6273 0.59275
5.6633 0.59628
5.6994 0.59969
5.7355 0.60301
5.7715 0.60628
5.8076 0.60953
5.8437 0.61282
5.8798 0.61618
5.9158 0.61965
5.9519 0.62327
5.988 0.62707
6.024 0.63108
6.0601 0.6353
6.0962 0.63973
6.1323 0.64436
6.1683 0.64916
6.2044 0.65411
6.2405 0.65915
6.2766 0.66423
6.3126 0.66931
6.3487 0.67432
6.3848 0.67922
6.4208 0.68396
6.4569 0.6885
6.493 0.6928
6.5291 0.69686
6.5651 0.70066
6.6012 0.70422
6.6373 0.70755
6.6733 0.7107
6.7094 0.7137
6.7455 0.7166
6.7816 0.71946
6.8176 0.72234
6.8537 0.72528
6.8898 0.72834
6.9259 0.73156
6.9619 0.73496
6.998 0.73855
7.0341 0.74235
7.0701 0.74632
7.1062 0.75045
7.1423 0.75469
7.1784 0.759
7.2144 0.76333
7.2505 0.76761
7.2866 0.77181
7.3226 0.77586
7.3587 0.77973
7.3948 0.78339
7.4309 0.78683
7.4669 0.79003
7.503 0.79301
7.5391 0.79579
7.5752 0.7984
7.6112 0.80088
7.6473 0.80327
7.6834 0.80561
7.7194 0.80795
7.7555 0.81033
7.7916 0.81279
7.8277 0.81534
7.8637 0.818
7.8998 0.82078
7.9359 0.82366
7.9719 0.82663
8.008 0.82966
8.0441 0.83273
8.0802 0.83581
8.1162 0.83886
8.1523 0.84186
8.1884 0.84477
8.2244 0.84759
8.2605 0.85029
8.2966 0.85288
8.3327 0.85535
8.3687 0.85773
8.4048 0.86002
8.4409 0.86224
8.477 0.86441
8.513 0.86656
8.5491 0.86871
8.5852 0.87087
8.6212 0.87305
8.6573 0.87528
8.6934 0.87754
8.7295 0.87984
8.7655 0.88217
8.8016 0.88452
8.8377 0.88687
8.8737 0.88922
8.9098 0.89155
8.9459 0.89385
8.982 0.8961
9.018 0.8983
9.0541 0.90045
9.0902 0.90255
9.1263 0.9046
9.1623 0.9066
9.1984 0.90859
9.2345 0.91055
9.2705 0.91253
9.3066 0.91452
9.3427 0.91655
9.3788 0.91863
9.4148 0.92077
9.4509 0.923
9.487 0.92532
9.523 0.92774
9.5591 0.93026
9.5952 0.93289
9.6313 0.93564
9.6673 0.93849
9.7034 0.94145
9.7395 0.94452
9.7756 0.94767
9.8116 0.95091
9.8477 0.95422
9.8838 0.95758
9.9198 0.96097
9.9559 0.96438
9.992 0.96778
10.028 0.97115
10.064 0.97447
10.1 0.97771
10.136 0.98086
10.172 0.98388
10.208 0.98677
10.244 0.98951
10.281 0.99209
10.317 0.99451
10.353 0.99676
10.389 0.99884
10.425 1.0008
10.461 1.0025
10.497 1.0042
10.533 1.0056
10.569 1.007
10.605 1.0082
10.641 1.0094
10.677 1.0104
10.713 1.0114
10.749 1.0123
10.786 1.0132
10.822 1.0141
10.858 1.015
10.894 1.016
10.93 1.017
10.966 1.0181
11.002 1.0193
11.038 1.0206
11.074 1.0219
11.11 1.0233
11.146 1.0246
11.182 1.0258
11.218 1.0268
11.255 1.0277
11.291 1.0282
11.327 1.0284
11.363 1.0283
11.399 1.0279
11.435 1.0271
11.471 1.0261
11.507 1.0248
11.543 1.0233
11.579 1.0218
11.615 1.0202
11.651 1.0186
11.687 1.0169
11.723 1.0152
11.76 1.0134
11.796 1.0115
11.832 1.0093
11.868 1.0068
11.904 1.004
11.94 1.0008
11.976 0.99718
12.012 0.99319
12.048 0.98888
12.084 0.9843
12.12 0.9795
12.156 0.97454
12.192 0.9694
12.228 0.96408
12.265 0.95848
12.301 0.9525
12.337 0.94601
12.373 0.9389
12.409 0.9311
12.445 0.92262
12.481 0.91355
12.517 0.90412
12.553 0.89467
12.589 0.88565
12.625 0.87756
12.661 0.87093
12.697 0.86624
12.733 0.86384
12.77 0.86389
12.806 0.86634
12.842 0.8709
12.878 0.87708
12.914 0.88422
12.95 0.89161
12.986 0.89851
13.022 0.90428
13.058 0.90842
13.094 0.91062
13.13 0.91078
13.166 0.90903
13.202 0.90568
13.238 0.9012
13.275 0.89618
13.311 0.8912
13.347 0.88682
13.383 0.88346
13.419 0.88133
13.455 0.88048
13.491 0.88069
13.527 0.88162
13.563 0.88281
13.599 0.88376
13.635 0.88403
13.671 0.88328
13.707 0.88131
13.743 0.87813
13.78 0.87387
13.816 0.86884
13.852 0.86341
13.888 0.85798
13.924 0.85292
13.96 0.84848
13.996 0.84474
14.032 0.84162
14.068 0.83886
14.104 0.83607
14.14 0.83279
14.176 0.82857
14.212 0.82306
14.248 0.81603
14.285 0.80748
14.321 0.7976
14.357 0.78681
14.393 0.77573
14.429 0.76512
14.465 0.7558
14.501 0.74856
14.537 0.74405
14.573 0.74271
14.609 0.74466
14.645 0.74969
14.681 0.75728
14.717 0.76664
14.754 0.77686
14.79 0.78696
14.826 0.79603
14.862 0.80328
14.898 0.80814
14.934 0.81027
14.97 0.80961
15.006 0.80636
15.042 0.80097
15.078 0.79411
15.114 0.78661
15.15 0.77937
15.186 0.77325
15.222 0.76896
15.259 0.76696
15.295 0.76743
15.331 0.77019
15.367 0.77477
15.403 0.78049
15.439 0.78655
15.475 0.79218
15.511 0.79667
15.547 0.79952
15.583 0.80043
15.619 0.79935
15.655 0.79646
15.691 0.79214
15.727 0.7869
15.764 0.78135
15.8 0.7761
15.836 0.77169
15.872 0.76856
15.908 0.76696
15.944 0.76697
15.98 0.76847
16.016 0.77116
16.052 0.77463
16.088 0.77839
16.124 0.78193
16.16 0.78476
16.196 0.78649
16.232 0.78686
16.269 0.78575
16.305 0.78324
16.341 0.77959
16.377 0.77522
16.413 0.7707
16.449 0.76669
16.485 0.76384
16.521 0.76273
16.557 0.76376
16.593 0.76706
16.629 0.77249
16.665 0.77957
16.701 0.78759
16.737 0.79564
16.774 0.80273
16.81 0.80787
16.846 0.81019
16.882 0.80902
16.918 0.80398
16.954 0.79501
16.99 0.78247
17.026 0.76716
17.062 0.75038
17.098 0.73384
17.134 0.71964
17.17 0.70999
17.206 0.70695
17.242 0.71199
17.279 0.72565
17.315 0.74739
17.351 0.77563
17.387 0.80804
17.423 0.8419
17.459 0.8744
17.495 0.90288
17.531 0.92507
17.567 0.93915
17.603 0.94396
17.639 0.93911
17.675 0.92522
17.711 0.90421
17.747 0.8796
17.784 0.85697
17.82 0.844
17.856 0.84992
17.892 0.88364
17.928 0.9512
17.964 1.0541
18 1.1898
