time error 
0 0.060222
0.036072 0.040401
0.072144 0.025594
0.10822 0.017743
0.14429 0.018305
0.18036 0.022909
0.21643 0.027577
0.25251 0.03114
0.28858 0.033422
0.32465 0.034528
0.36072 0.034649
0.39679 0.034003
0.43287 0.032815
0.46894 0.031312
0.50501 0.029729
0.54108 0.028299
0.57715 0.027242
0.61323 0.026736
0.6493 0.026871
0.68537 0.027624
0.72144 0.028875
0.75752 0.030443
0.79359 0.032139
0.82966 0.033792
0.86573 0.03527
0.9018 0.036478
0.93788 0.037364
0.97395 0.037911
1.01 0.038138
1.0461 0.038087
1.0822 0.037826
1.1182 0.037431
1.1543 0.036986
1.1904 0.036569
1.2265 0.036249
1.2625 0.036077
1.2986 0.036086
1.3347 0.036291
1.3707 0.036692
1.4068 0.037276
1.4429 0.03802
1.479 0.038892
1.515 0.039855
1.5511 0.040861
1.5872 0.041858
1.6232 0.042792
1.6593 0.043611
1.6954 0.044271
1.7315 0.044742
1.7675 0.045011
1.8036 0.045088
1.8397 0.045002
1.8758 0.044799
1.9118 0.044538
1.9479 0.04428
1.984 0.044084
2.02 0.043993
2.0561 0.044034
2.0922 0.044216
2.1283 0.04453
2.1643 0.044959
2.2004 0.045479
2.2365 0.046066
2.2725 0.046698
2.3086 0.047353
2.3447 0.048007
2.3808 0.048634
2.4168 0.049204
2.4529 0.049685
2.489 0.050043
2.5251 0.050253
2.5611 0.050304
2.5972 0.0502
2.6333 0.049967
2.6693 0.049648
2.7054 0.049303
2.7415 0.048995
2.7776 0.048782
2.8136 0.048704
2.8497 0.048776
2.8858 0.048987
2.9218 0.049301
2.9579 0.049669
2.994 0.050041
3.0301 0.050374
3.0661 0.050642
3.1022 0.050836
3.1383 0.050963
3.1743 0.051045
3.2104 0.051105
3.2465 0.051168
3.2826 0.051253
3.3186 0.051366
3.3547 0.051506
3.3908 0.051666
3.4269 0.051835
3.4629 0.052002
3.499 0.052164
3.5351 0.052324
3.5711 0.05249
3.6072 0.052677
3.6433 0.052901
3.6794 0.053178
3.7154 0.053521
3.7515 0.053935
3.7876 0.054415
3.8236 0.054946
3.8597 0.055501
3.8958 0.056046
3.9319 0.056541
3.9679 0.056944
4.004 0.057223
4.0401 0.05736
4.0762 0.057356
4.1122 0.057235
4.1483 0.057045
4.1844 0.056848
4.2204 0.056713
4.2565 0.056698
4.2926 0.056837
4.3287 0.057131
4.3647 0.057542
4.4008 0.058005
4.4369 0.058443
4.4729 0.058786
4.509 0.058987
4.5451 0.059037
4.5812 0.05896
4.6172 0.05881
4.6533 0.058658
4.6894 0.058569
4.7255 0.058589
4.7615 0.058732
4.7976 0.05898
4.8337 0.059294
4.8697 0.059629
4.9058 0.05995
4.9419 0.060245
4.978 0.060526
5.014 0.06082
5.0501 0.061163
5.0862 0.061578
5.1222 0.062069
5.1583 0.062618
5.1944 0.063187
5.2305 0.063735
5.2665 0.064228
5.3026 0.064653
5.3387 0.065017
5.3747 0.065348
5.4108 0.065677
5.4469 0.066029
5.483 0.066416
5.519 0.066828
5.5551 0.067241
5.5912 0.067631
5.6273 0.067981
5.6633 0.06829
5.6994 0.068572
5.7355 0.068856
5.7715 0.069168
5.8076 0.069526
5.8437 0.069934
5.8798 0.070379
5.9158 0.070837
5.9519 0.071285
5.988 0.071704
6.024 0.072087
6.0601 0.072434
6.0962 0.072752
6.1323 0.073052
6.1683 0.073345
6.2044 0.073645
6.2405 0.073969
6.2766 0.074336
6.3126 0.074762
6.3487 0.075252
6.3848 0.075795
6.4208 0.076362
6.4569 0.076907
6.493 0.077384
6.5291 0.077759
6.5651 0.078028
6.6012 0.07822
6.6373 0.078393
6.6733 0.078615
6.7094 0.078941
6.7455 0.079394
6.7816 0.07995
6.8176 0.080555
6.8537 0.081138
6.8898 0.081643
6.9259 0.082042
6.9619 0.082348
6.998 0.082605
7.0341 0.082866
7.0701 0.083179
7.1062 0.083567
7.1423 0.084026
7.1784 0.084531
7.2144 0.085048
7.2505 0.08555
7.2866 0.086021
7.3226 0.086461
7.3587 0.086879
7.3948 0.087287
7.4309 0.087701
7.4669 0.088132
7.503 0.088589
7.5391 0.089077
7.5752 0.089592
7.6112 0.090124
7.6473 0.090655
7.6834 0.091167
7.7194 0.091649
7.7555 0.092102
7.7916 0.092543
7.8277 0.092995
7.8637 0.09348
7.8998 0.094005
7.9359 0.094562
7.9719 0.095125
8.008 0.095666
8.0441 0.096166
8.0802 0.096623
8.1162 0.097057
8.1523 0.097494
8.1884 0.097962
8.2244 0.098473
8.2605 0.099021
8.2966 0.099587
8.3327 0.10015
8.3687 0.10068
8.4048 0.10118
8.4409 0.10163
8.477 0.10205
8.513 0.10245
8.5491 0.10282
8.5852 0.10318
8.6212 0.10355
8.6573 0.10393
8.6934 0.10434
8.7295 0.10477
8.7655 0.10522
8.8016 0.10565
8.8377 0.10606
8.8737 0.10643
8.9098 0.10676
8.9459 0.10708
8.982 0.10739
9.018 0.10772
9.0541 0.10806
9.0902 0.10841
9.1263 0.10875
9.1623 0.10906
9.1984 0.10935
9.2345 0.10961
9.2705 0.10987
9.3066 0.11012
9.3427 0.11037
9.3788 0.11057
9.4148 0.11072
9.4509 0.1108
9.487 0.11081
9.523 0.11078
9.5591 0.11076
9.5952 0.11077
9.6313 0.11082
9.6673 0.11092
9.7034 0.11101
9.7395 0.11108
9.7756 0.11109
9.8116 0.11105
9.8477 0.111
9.8838 0.11096
9.9198 0.11098
9.9559 0.11105
9.992 0.11115
10.028 0.11124
10.064 0.11129
10.1 0.11129
10.136 0.11127
10.172 0.11126
10.208 0.11129
10.244 0.11138
10.281 0.11154
10.317 0.11173
10.353 0.11192
10.389 0.11208
10.425 0.11221
10.461 0.11231
10.497 0.11239
10.533 0.11247
10.569 0.11254
10.605 0.1126
10.641 0.11263
10.677 0.11265
10.713 0.11266
10.749 0.11267
10.786 0.11268
10.822 0.1127
10.858 0.1127
10.894 0.11269
10.93 0.11265
10.966 0.11259
11.002 0.11253
11.038 0.11246
11.074 0.11237
11.11 0.11228
11.146 0.11219
11.182 0.11209
11.218 0.11199
11.255 0.11186
11.291 0.11164
11.327 0.11131
11.363 0.11086
11.399 0.11034
11.435 0.10984
11.471 0.10941
11.507 0.10906
11.543 0.10872
11.579 0.10827
11.615 0.10764
11.651 0.10686
11.687 0.10603
11.723 0.1053
11.76 0.10474
11.796 0.10435
11.832 0.10403
11.868 0.10368
11.904 0.10322
11.94 0.10263
11.976 0.10194
12.012 0.10117
12.048 0.10035
12.084 0.099497
12.12 0.098673
12.156 0.09792
12.192 0.097241
12.228 0.096573
12.265 0.095821
12.301 0.094937
12.337 0.093978
12.373 0.093095
12.409 0.09244
12.445 0.092052
12.481 0.091824
12.517 0.091579
12.553 0.091196
12.589 0.090682
12.625 0.090135
12.661 0.089625
12.697 0.089116
12.733 0.088494
12.77 0.087707
12.806 0.086855
12.842 0.086153
12.878 0.085761
12.914 0.085641
12.95 0.085581
12.986 0.085349
13.022 0.084871
13.058 0.084268
13.094 0.083737
13.13 0.08338
13.166 0.083127
13.202 0.082811
13.238 0.082332
13.275 0.081732
13.311 0.081134
13.347 0.080601
13.383 0.080063
13.419 0.079408
13.455 0.078633
13.491 0.077895
13.527 0.077379
13.563 0.077101
13.599 0.076855
13.635 0.076388
13.671 0.075639
13.707 0.074833
13.743 0.074284
13.78 0.074083
13.816 0.073976
13.852 0.073597
13.888 0.072849
13.924 0.072035
13.96 0.07158
13.996 0.071586
14.032 0.071701
14.068 0.071469
14.104 0.070808
14.14 0.07012
14.176 0.0699
14.212 0.070195
14.248 0.070535
14.285 0.070418
14.321 0.069828
14.357 0.069259
14.393 0.069205
14.429 0.06962
14.465 0.069962
14.501 0.06978
14.537 0.069186
14.573 0.068734
14.609 0.068796
14.645 0.069099
14.681 0.068992
14.717 0.068187
14.754 0.067199
14.79 0.066996
14.826 0.068047
14.862 0.069744
14.898 0.070963
14.934 0.071095
14.97 0.070536
15.006 0.070266
15.042 0.070875
15.078 0.072003
15.114 0.072832
15.15 0.073011
15.186 0.072997
15.222 0.073476
15.259 0.074506
15.295 0.075392
15.331 0.075511
15.367 0.075132
15.403 0.075303
15.439 0.076777
15.475 0.079089
15.511 0.080954
15.547 0.081547
15.583 0.081264
15.619 0.081301
15.655 0.082382
15.691 0.083931
15.727 0.084703
15.764 0.084138
15.8 0.083
15.836 0.082703
15.872 0.083878
15.908 0.085682
15.944 0.086699
15.98 0.086315
16.016 0.08516
16.052 0.084445
16.088 0.084814
16.124 0.085753
16.16 0.086178
16.196 0.085533
16.232 0.084284
16.269 0.083485
16.305 0.083745
16.341 0.084564
16.377 0.084831
16.413 0.083949
16.449 0.082459
16.485 0.081621
16.521 0.082168
16.557 0.083447
16.593 0.084047
16.629 0.083221
16.665 0.081673
16.701 0.080998
16.737 0.082084
16.774 0.084064
16.81 0.08518
16.846 0.084521
16.882 0.082901
16.918 0.082215
16.954 0.083595
16.99 0.086115
17.026 0.087736
17.062 0.087276
17.098 0.085496
17.134 0.084541
17.17 0.08591
17.206 0.088697
17.242 0.090393
17.279 0.089304
17.315 0.086248
17.351 0.084418
17.387 0.08672
17.423 0.092364
17.459 0.097457
17.495 0.098731
17.531 0.09611
17.567 0.093056
17.603 0.094047
17.639 0.099711
17.675 0.10574
17.711 0.10741
17.747 0.10396
17.784 0.099893
17.82 0.10166
17.856 0.10904
17.892 0.11345
17.928 0.10724
17.964 0.098313
18 0.12775
