time quantity 
0 0
0.001303780964797914 -4.44936005070673e-05
0.002607561929595828 -8.893725326863944e-05
0.003911342894393742 -0.0001333519880510892
0.005215123859191656 -0.0001777553714390478
0.00651890482398957 -0.0002221598892191423
0.007822685788787484 -0.0002665713717080465
0.009126466753585397 -0.0003109877988709542
0.01043024771838331 -0.0003553986729425418
0.01173402868318123 -0.000399785001018671
0.01303780964797914 -0.0004441198187477013
0.01434159061277705 -0.0004883691371855292
0.01564537157757497 -0.0005324931901231622
0.01694915254237288 -0.0005764478858996114
0.01825293350717079 -0.0006201863931298846
0.01955671447196871 -0.0006636607986925114
0.02086049543676662 -0.0007068237766389984
0.02216427640156454 -0.0007496301918363812
0.02346805736636245 -0.0007920385677877562
0.02477183833116036 -0.0008340123494896545
0.02607561929595828 -0.0008755209088295857
0.02737940026075619 -0.0009165402513291454
0.02868318122555411 -0.0009570534029093025
0.02998696219035202 -0.0009970504713132655
0.03129074315514994 -0.00103652840392332
0.03259452411994785 -0.001075490480531904
0.03389830508474576 -0.001113945599655608
0.03520208604954368 -0.001151907418293519
0.03650586701434159 -0.001189393412517781
0.03780964797913951 -0.001226423915569264
0.03911342894393742 -0.001263021184813695
0.04041720990873533 -0.001299208537409058
0.04172099087353325 -0.001335009582851043
0.04302477183833116 -0.001370447565289368
0.04432855280312908 -0.001405544824604199
0.04563233376792699 -0.001440322374897107
0.0469361147327249 -0.001474799600659438
0.04823989569752282 -0.001508994061668822
0.04954367666232073 -0.001542921401138209
0.05084745762711865 -0.001576595339887632
0.05215123859191656 -0.00161002774556529
0.05345501955671447 -0.001643228757369997
0.05475880052151239 -0.001676206954356552
0.0560625814863103 -0.001708969546449168
0.05736636245110821 -0.00174152257544602
0.05867014341590613 -0.001773871113565306
0.05997392438070404 -0.001806019446299878
0.06127770534550196 -0.001837971239861069
0.06258148631029987 -0.001869729687280497
0.06388526727509779 -0.001901297633498444
0.0651890482398957 -0.001932677682128237
0.06649282920469361 -0.001963872284159507
0.06779661016949153 -0.001994883812378667
0.06910039113428944 -0.002025714622104324
0.07040417209908735 -0.002056367097458711
0.07170795306388526 -0.002086843685086492
0.07301173402868318 -0.002117146913579226
0.07431551499348109 -0.002147279401872204
0.07561929595827901 -0.002177243858390909
0.07692307692307693 -0.002207043074628601
0.07822685788787484 -0.002236679913809603
0.07953063885267275 -0.002266157299993132
0.08083441981747067 -0.002295478207238411
0.08213820078226858 -0.002324645651144763
0.08344198174706649 -0.002353662683495905
0.0847457627118644 -0.002382532388935488
0.08604954367666232 -0.002411257880161166
0.08735332464146023 -0.002439842294966077
0.08865710560625815 -0.002468288790229423
0.08996088657105607 -0.002496600536168181
0.09126466753585398 -0.002524780708925256
0.09256844850065189 -0.002552832482312972
0.09387222946544981 -0.002580759019011225
0.09517601043024772 -0.002608563460472446
0.09647979139504563 -0.002636248916027206
0.09778357235984354 -0.002663818447111943
0.09908735332464146 -0.002691275045989094
0.1003911342894394 -0.002718621605653837
0.1016949152542373 -0.002745860881044671
0.1029986962190352 -0.002772995439973336
0.1043024771838331 -0.002800027605222688
0.105606258148631 -0.002826959390059613
0.1069100391134289 -0.002853792429085011
0.1082138200782269 -0.002880527909364439
0.1095176010430248 -0.002907166507681858
0.1108213820078227 -0.002933708338120233
0.1121251629726206 -0.002960152913748182
0.1134289439374185 -0.00298649913010518
0.1147327249022164 -0.003012745269835193
0.1160365058670143 -0.003038889036017345
0.1173402868318123 -0.003064927612257407
0.1186440677966102 -0.003090857751344878
0.1199478487614081 -0.003116675890143306
0.121251629726206 -0.003142378287290803
0.1225554106910039 -0.003167961175345901
0.1238591916558018 -0.003193420919703982
0.1251629726205997 -0.003218754173428096
0.1264667535853977 -0.003243958016163617
0.1277705345501956 -0.00326903007082624
0.1290743155149935 -0.003293968591412622
0.1303780964797914 -0.003318772519208757
0.1316818774445893 -0.003343441508341982
0.1329856584093872 -0.003367975916012789
0.1342894393741851 -0.003392376753598825
0.1355932203389831 -0.003416645593016021
0.136897001303781 -0.003440784427905186
0.1382007822685789 -0.00346479550016987
0.1395045632333768 -0.003488681117490344
0.1408083441981747 -0.003512443494051887
0.1421121251629726 -0.003536084649748972
0.1434159061277705 -0.003559606388933823
0.1447196870925684 -0.003583010359971439
0.1460234680573664 -0.003606298182603496
0.1473272490221643 -0.003629471624736702
0.1486310299869622 -0.003652532812252751
0.1499348109517601 -0.003675484464985779
0.151238591916558 -0.003698330152343665
0.1525423728813559 -0.003721074562744953
0.1538461538461539 -0.003743723772646312
0.1551499348109518 -0.003766285500681477
0.1564537157757497 -0.003788769333628927
0.1577574967405476 -0.003811186911853781
0.1590612777053455 -0.003833552059933076
0.1603650586701434 -0.003855880851413751
0.1616688396349413 -0.003878191594925973
0.1629726205997392 -0.003900504732158971
0.1642764015645372 -0.003922842639943802
0.1655801825293351 -0.003945229333016442
0.166883963494133 -0.00396769006065778
0.1681877444589309 -0.003990250794848826
0.1694915254237288 -0.004012937606481692
0.1707953063885267 -0.004035775936701569
0.1720990873533246 -0.004058789761637982
0.1734028683181225 -0.004082000662891438
0.1747066492829205 -0.004105426813202584
0.1760104302477184 -0.004129081896839359
0.1773142112125163 -0.00415297399203407
0.1786179921773142 -0.004177104454552882
0.1799217731421121 -0.00420146684750744
0.18122555410691 -0.004226045980783688
0.182529335071708 -0.004250817133724993
0.1838331160365059 -0.004275745549016108
0.1851368970013038 -0.004300786290592384
0.1864406779661017 -0.00432588456350036
0.1877444589308996 -0.004350976575366872
0.1890482398956975 -0.004375990993485956
0.1903520208604954 -0.004400850993760308
0.1916558018252933 -0.004425476828668451
0.1929595827900913 -0.004449788759942841
0.1942633637548892 -0.004473710128701569
0.1955671447196871 -0.004497170297511843
0.196870925684485 -0.004520107194347034
0.1981747066492829 -0.004542469253085102
0.1994784876140808 -0.004564216640086549
0.2007822685788787 -0.004585321779055462
0.2020860495436766 -0.004605769288895445
0.2033898305084746 -0.004625555508697587
0.2046936114732725 -0.004644687789085999
0.2059973924380704 -0.004663183682786176
0.2073011734028683 -0.00468107009859331
0.2086049543676662 -0.004698382407055668
0.2099087353324642 -0.004715163450407012
0.2112125162972621 -0.004731462403855247
0.21251629726206 -0.00474733347157219
0.2138200782268579 -0.004762834450754205
0.2151238591916558 -0.00477802523703641
0.2164276401564537 -0.004792966364097317
0.2177314211212516 -0.004807717658286137
0.2190352020860495 -0.004822337055312431
0.2203389830508475 -0.004836879587385212
0.2216427640156454 -0.004851396522143503
0.2229465449804433 -0.004865934638422331
0.2242503259452412 -0.004880535635238381
0.2255541069100391 -0.004895235696575462
0.226857887874837 -0.004910065242111017
0.2281616688396349 -0.004925048874577342
0.2294654498044328 -0.004940205497125483
0.2307692307692308 -0.004955548540112709
0.2320730117340287 -0.004971086220139753
0.2333767926988266 -0.004986821772135386
0.2346805736636245 -0.005002753637016966
0.2359843546284224 -0.005018875626014996
0.2372881355932203 -0.00503517710428536
0.2385919165580183 -0.00505164322852103
0.2398956975228162 -0.00506825525386656
0.2411994784876141 -0.005084990909305809
0.242503259452412 -0.005101824844306435
0.2438070404172099 -0.005118729164374614
0.2451108213820078 -0.00513567408246729
0.2464146023468057 -0.005152628704638396
0.2477183833116036 -0.00516956193287843
0.2490221642764016 -0.005186443436261179
0.2503259452411995 -0.005203244620689773
0.2516297262059974 -0.005219939529596651
0.2529335071707953 -0.005236505630339394
0.2542372881355932 -0.005252924457024299
0.2555410691003911 -0.005269182080082757
0.256844850065189 -0.005285269373377588
0.258148631029987 -0.00530118203332286
0.2594524119947849 -0.00531692032397757
0.2607561929595828 -0.00533248853467061
0.2620599739243807 -0.005347894168709288
0.2633637548891786 -0.005363146891688153
0.2646675358539765 -0.005378257275723719
0.2659713168187745 -0.005393235374888228
0.2672750977835723 -0.0054080891858721
0.2685788787483703 -0.005422823074682448
0.2698826597131682 -0.005437436287723862
0.2711864406779661 -0.005451921695012629
0.272490221642764 -0.005466264911918373
0.2737940026075619 -0.005480443929450907
0.2750977835723599 -0.005494429337639772
0.2764015645371578 -0.005508185180781666
0.2777053455019557 -0.005521670430466585
0.2790091264667536 -0.005534841001487933
0.2803129074315515 -0.005547652174815454
0.2816166883963494 -0.005560061232614544
0.2829204693611473 -0.005572030070331913
0.2842242503259452 -0.005583527548006728
0.2855280312907432 -0.005594531372612011
0.2868318122555411 -0.005605029363805691
0.288135593220339 -0.005615020019774875
0.2894393741851369 -0.005624512376599888
0.2907431551499348 -0.005633525210788193
0.2920469361147327 -0.005642085706237587
0.2933507170795306 -0.005650227751212711
0.2946544980443285 -0.00565799007599832
0.2959582790091265 -0.005665414441411443
0.2972620599739244 -0.005672544076405828
0.2985658409387223 -0.005679422510234566
0.2998696219035202 -0.005686092893530059
0.3011734028683181 -0.005692597836429059
0.3024771838331161 -0.005698979732189358
0.3037809647979139 -0.005705281476393154
0.3050847457627119 -0.005711547440939491
0.3063885267275098 -0.005717824531445537
0.3076923076923077 -0.005724163149960049
0.3089960886571056 -0.005730617910812086
0.3102998696219035 -0.005737248007829265
0.3116036505867014 -0.005744117190804587
0.3129074315514994 -0.005751293365140242
0.3142112125162972 -0.005758847868457373
0.3155149934810952 -0.005766854501858099
0.3168187744458931 -0.005775388408885362
0.318122555410691 -0.005784524887335607
0.3194263363754889 -0.005794338205742378
0.3207301173402868 -0.005804900455804507
0.3220338983050847 -0.005816280438607713
0.3233376792698827 -0.005828542551399529
0.3246414602346806 -0.005841745643584417
0.3259452411994785 -0.00585594180993354
0.3272490221642764 -0.005871175109747995
0.3285528031290743 -0.005887480198248696
0.3298565840938723 -0.005904880863792705
0.3311603650586701 -0.005923388467581781
0.3324641460234681 -0.005943000298406886
0.333767926988266 -0.005963697893085929
0.3350717079530639 -0.005985445440078507
0.3363754889178618 -0.006008188486283039
0.3376792698826597 -0.006031853276110333
0.3389830508474576 -0.006056347131133677
0.3402868318122556 -0.006081560218319737
0.3415906127770534 -0.006107368834012306
0.3428943937418514 -0.006133639957157655
0.3441981747066493 -0.006160236436301147
0.3455019556714472 -0.0061870219596738
0.3468057366362451 -0.006213865045396894
0.348109517601043 -0.006240641682373926
0.3494132985658409 -0.006267236768204398
0.3507170795306389 -0.006293544871608603
0.3520208604954368 -0.006319470907093283
0.3533246414602347 -0.006344931043309465
0.3546284224250326 -0.00636985377913124
0.3559322033898305 -0.006394180865481935
0.3572359843546284 -0.006417867770609931
0.3585397653194263 -0.006440883656550156
0.3598435462842243 -0.006463211117512024
0.3611473272490222 -0.006484846046247661
0.3624511082138201 -0.006505797857140116
0.363754889178618 -0.00652609002668747
0.3650586701434159 -0.00654576070219548
0.3663624511082138 -0.006564863104705942
0.3676662320730117 -0.006583465568025026
0.3689700130378096 -0.006601651211641801
0.3702737940026076 -0.006619517269967901
0.3715775749674055 -0.006637174013170544
0.3728813559322034 -0.006654743062471269
0.3741851368970013 -0.006672354860567609
0.3754889178617992 -0.006690145153926963
0.3767926988265971 -0.006708250538669525
0.378096479791395 -0.006726803309932805
0.379400260756193 -0.00674592596318746
0.3807040417209909 -0.006765725712402748
0.3820078226857888 -0.006786289371007115
0.3833116036505867 -0.006807678933722805
0.3846153846153846 -0.006829928225527304
0.3859191655801825 -0.006853040969565072
0.3872229465449805 -0.006876990556429874
0.3885267275097783 -0.006901721614389622
0.3898305084745763 -0.006927153257732854
0.3911342894393742 -0.006953183705383559
0.3924380704041721 -0.006979695862426638
0.39374185136897 -0.007006563439346358
0.3950456323337679 -0.007033657214873479
0.3963494132985658 -0.0070608510655088
0.3976531942633638 -0.00708802740002934
0.3989569752281616 -0.007115081679857305
0.4002607561929596 -0.007141925800929094
0.4015645371577575 -0.00716849025873767
0.4028683181225554 -0.007194725147065206
0.4041720990873533 -0.007220600131799593
0.4054758800521512 -0.007246103553516292
0.4067796610169492 -0.007271240801881795
0.4080834419817471 -0.007296032097236171
0.409387222946545 -0.007320509828480759
0.4106910039113429 -0.007344715624305387
0.4119947848761408 -0.007368697334817043
0.4132985658409387 -0.007392506080257988
0.4146023468057367 -0.007416193474960586
0.4159061277705345 -0.007439809111290607
0.4172099087353325 -0.007463398382004272
0.4185136897001304 -0.00748700073875419
0.4198174706649283 -0.007510648474579718
0.4211212516297262 -0.007534366094474443
0.4224250325945241 -0.007558170274097442
0.423728813559322 -0.007582070348652437
0.42503259452412 -0.007606069226453016
0.4263363754889178 -0.007630164611018841
0.4276401564537158 -0.007654350404190602
0.4289439374185137 -0.007678618156487182
0.4302477183833116 -0.007702958416350825
0.4315514993481095 -0.007727361831442181
0.4328552803129074 -0.007751819879129762
0.4341590612777054 -0.007776325165712805
0.4354628422425033 -0.007800871295792433
0.4367666232073012 -0.007825452364643937
0.4380704041720991 -0.007850062154828308
0.439374185136897 -0.007874693125931032
0.4406779661016949 -0.007899335305460831
0.4419817470664928 -0.007923975218054657
0.4432855280312907 -0.007948595015980331
0.4445893089960887 -0.007973171981438654
0.4458930899608866 -0.007997678531051378
0.4471968709256845 -0.008022082797909391
0.4485006518904824 -0.008046349782712348
0.4498044328552803 -0.008070442998485028
0.4511082138200782 -0.008094326449760381
0.4524119947848761 -0.008117966714373814
0.453715775749674 -0.008141334845261916
0.455019556714472 -0.008164407810773433
0.4563233376792699 -0.008187169278278894
0.4576271186440678 -0.008209609694928233
0.4589308996088657 -0.008231725783396371
0.4602346805736636 -0.008253519688031119
0.4615384615384616 -0.00827499803720233
0.4628422425032594 -0.00829617113154324
0.4641460234680574 -0.008317052363649324
0.4654498044328553 -0.008337657867990345
0.4667535853976532 -0.008358006320634992
0.4680573663624511 -0.008378118762043307
0.469361147327249 -0.008398018317749667
0.4706649282920469 -0.008417729729273127
0.4719687092568449 -0.008437278676736604
0.4732724902216427 -0.00845669095041135
0.4745762711864407 -0.00847599156232981
0.4758800521512386 -0.008495203898377213
0.4771838331160365 -0.008514348966169649
0.4784876140808344 -0.00853344474547324
0.4797913950456323 -0.008552505613686812
0.4810951760104302 -0.008571541810797001
0.4823989569752282 -0.008590558929533643
0.4837027379400261 -0.008609557456851213
0.485006518904824 -0.00862853243406736
0.4863102998696219 -0.008647473344876921
0.4876140808344198 -0.008666364345280009
0.4889178617992178 -0.008685184908374666
0.4902216427640156 -0.008703910869473752
0.4915254237288136 -0.008722515751219184
0.4928292046936115 -0.008740972174186012
0.4941329856584094 -0.008759253153157509
0.4954367666232073 -0.008777333144122323
0.4967405475880052 -0.008795188805616583
0.4980443285528031 -0.008812799518345571
0.4993481095176011 -0.008830147734507854
0.500651890482399 -0.008847219208091062
0.5019556714471969 -0.008864003131177967
0.5032594524119948 -0.00888049218031739
0.5045632333767927 -0.008896682483523044
0.5058670143415906 -0.008912573530065693
0.5071707953063885 -0.008928168054290531
0.5084745762711864 -0.008943471912733258
0.5097783572359843 -0.008958493967800685
0.5110821382007823 -0.008973245978672217
0.5123859191655802 -0.008987742492913675
0.5136897001303781 -0.009002000728872694
0.5149934810951761 -0.009016040433587946
0.5162972620599739 -0.009029883706843655
0.5176010430247718 -0.009043554785875152
0.5189048239895697 -0.009057079790419031
0.5202086049543677 -0.009070486431501656
0.5215123859191656 -0.009083803678455737
0.5228161668839635 -0.009097061387360661
0.5241199478487614 -0.009110289902443114
0.5254237288135594 -0.009123519661276447
0.5267275097783573 -0.009136780840170111
0.5280312907431551 -0.009150103063072734
0.529335071707953 -0.009163515176938475
0.530638852672751 -0.009177045078073931
0.5319426336375489 -0.009190719575383532
0.5332464146023468 -0.009204564288419093
0.5345501955671447 -0.009218603578767137
0.5358539765319427 -0.009232860500315354
0.5371577574967406 -0.009247356725527567
0.5384615384615384 -0.00926211239178798
0.5397653194263363 -0.009277145830914435
0.5410691003911343 -0.009292473171044868
0.5423728813559322 -0.009308107859966164
0.5436766623207301 -0.009324060173588222
0.5449804432855281 -0.009340336784963377
0.546284224250326 -0.009356940454877893
0.5475880052151239 -0.00937386988204203
0.5488917861799217 -0.009391119727919062
0.5501955671447197 -0.00940868081158186
0.5514993481095176 -0.009426540440705011
0.5528031290743155 -0.009444682835700213
0.5541069100391134 -0.009463089589607954
0.5554106910039114 -0.009481740121112914
0.5567144719687093 -0.009500612100083572
0.5580182529335072 -0.00951968184437213
0.559322033898305 -0.009538924698695439
0.560625814863103 -0.009558315402334649
0.5619295958279009 -0.009577828440503033
0.5632333767926988 -0.009597438369183919
0.5645371577574967 -0.009617120104937982
0.5658409387222947 -0.009636849177866225
0.5671447196870926 -0.009656601960058353
0.5684485006518905 -0.009676355889509658
0.5697522816166884 -0.009696089704532618
0.5710560625814863 -0.009715783712239023
0.5723598435462842 -0.009735420099858061
0.5736636245110821 -0.009754983297653119
0.5749674054758801 -0.009774460390603146
0.576271186440678 -0.009793841564382788
0.5775749674054759 -0.009813120568963107
0.5788787483702738 -0.009832295160416393
0.5801825293350718 -0.009851367496469088
0.5814863102998696 -0.009870344460330749
0.5827900912646675 -0.009889237905037263
0.5840938722294654 -0.009908064813944684
0.5853976531942634 -0.009926847371998448
0.5867014341590613 -0.009945612929641356
0.5880052151238592 -0.009964393835347529
0.5893089960886571 -0.009983227120550886
0.5906127770534551 -0.01000215403070381
0.5919165580182529 -0.01002121941517142
0.5932203389830508 -0.01004047098222927
0.5945241199478487 -0.01005995843030405
0.5958279009126467 -0.01007973246662619
0.5971316818774446 -0.01009984373910644
0.5984354628422425 -0.01012034172627896
0.5997392438070405 -0.01014127363387196
0.6010430247718384 -0.01016268334107817
0.6023468057366362 -0.01018461041831387
0.6036505867014341 -0.01020708923531366
0.6049543676662321 -0.01023014817282064
0.60625814863103 -0.01025380895324979
0.6075619295958279 -0.01027808609104408
0.6088657105606258 -0.01030298644770511
0.6101694915254238 -0.01032850886030534
0.6114732724902217 -0.0103546438226445
0.6127770534550195 -0.01038137321529842
0.6140808344198174 -0.0104086701072772
0.6153846153846154 -0.01043649866301255
0.6166883963494133 -0.01046481420203627
0.6179921773142112 -0.01049356347703334
0.6192959582790091 -0.01052268526371414
0.6205997392438071 -0.01055211136545608
0.621903520208605 -0.01058176812713452
0.6232073011734028 -0.01061157849715677
0.6245110821382008 -0.01064146460686377
0.6258148631029987 -0.01067135074794567
0.6271186440677966 -0.01070116657192788
0.6284224250325945 -0.01073085026296194
0.6297262059973925 -0.01076035139993703
0.6310299869621904 -0.01078963319878579
0.6323337679269883 -0.01081867386787838
0.6336375488917861 -0.01084746688002536
0.6349413298565841 -0.01087602008976596
0.636245110821382 -0.01090435375582199
0.6375488917861799 -0.01093249765877502
0.6388526727509778 -0.010960487611265
0.6401564537157758 -0.0109883617455786
0.6414602346805737 -0.01101615699629033
0.6427640156453716 -0.01104390618336204
0.6440677966101694 -0.01107163600312955
0.6453715775749674 -0.01109936609329409
0.6466753585397653 -0.01112710915891402
0.6479791395045632 -0.01115487199056808
0.6492829204693612 -0.01118265708365573
0.6505867014341591 -0.01121046451492624
0.651890482398957 -0.01123829373678387
0.6531942633637549 -0.01126614502794521
0.6544980443285529 -0.01129402047008199
0.6558018252933507 -0.01132192447001668
0.6571056062581486 -0.01134986397990279
0.6584093872229465 -0.01137784861581004
0.6597131681877445 -0.01140589083285448
0.6610169491525424 -0.01143400618416646
0.6623207301173403 -0.01146221354085242
0.6636245110821382 -0.01149053503787556
0.6649282920469362 -0.01151899551634639
0.666232073011734 -0.01154762134481224
0.6675358539765319 -0.01157643871251857
0.6688396349413298 -0.01160547168738546
0.6701434159061278 -0.01163474045830881
0.6714471968709257 -0.01166426015052568
0.6727509778357236 -0.01169404043466038
0.6740547588005215 -0.0117240858862564
0.6753585397653195 -0.01175439681041368
0.6766623207301173 -0.01178497011305257
0.6779661016949152 -0.01181579982521352
0.6792698826597132 -0.0118468770450777
0.6805736636245111 -0.01187818928751927
0.681877444589309 -0.01190971942502284
0.6831812255541069 -0.01194144450573287
0.6844850065189049 -0.01197333474071005
0.6857887874837028 -0.01200535287260784
0.6870925684485006 -0.01203745406870649
0.6883963494132985 -0.01206958643153122
0.6897001303780965 -0.01210169220647117
0.6910039113428944 -0.0121337097601355
0.6923076923076923 -0.01216557635053928
0.6936114732724902 -0.01219723161684616
0.6949152542372882 -0.01222862159853033
0.6962190352020861 -0.01225970300982127
0.6975228161668839 -0.01229044747910724
0.6988265971316818 -0.01232084550852264
0.7001303780964798 -0.01235090997055899
0.7014341590612777 -0.0123806789858536
0.7027379400260756 -0.01241021796637476
0.7040417209908736 -0.01243962052473968
0.7053455019556715 -0.0124690078715588
0.7066492829204694 -0.01249852635319115
0.7079530638852672 -0.01252834296356831
0.7092568448500652 -0.01255863895381015
0.7105606258148631 -0.0125896019956393
0.711864406779661 -0.01262141761099311
0.7131681877444589 -0.01265426066943753
0.7144719687092569 -0.01268828767298036
0.7157757496740548 -0.01272363035415669
0.7170795306388527 -0.01276039087401237
0.7183833116036505 -0.01279863872507647
0.7196870925684485 -0.01283840933986813
0.7209908735332464 -0.01287970438010966
0.7222946544980443 -0.01292249369657661
0.7235984354628422 -0.01296671894734835
0.7249022164276402 -0.01301229880371046
0.7262059973924381 -0.01305913551874216
0.727509778357236 -0.01310712237620759
0.7288135593220338 -0.01315615125639447
0.7301173402868318 -0.01320611935842564
0.7314211212516297 -0.01325693415911378
0.7327249022164276 -0.01330851603496175
0.7340286831812256 -0.01336079853341943
0.7353324641460235 -0.01341372685535713
0.7366362451108214 -0.01346725542590033
0.7379400260756193 -0.01352134539319838
0.7392438070404173 -0.01357596257451821
0.7405475880052151 -0.01363107597167978
0.741851368970013 -0.0136866567210987
0.7431551499348109 -0.01374267728708478
0.7444589308996089 -0.013799110799396
0.7457627118644068 -0.01385593054377399
0.7470664928292047 -0.01391310966011439
0.7483702737940026 -0.01397062107522462
0.7496740547588006 -0.01402843764198014
0.7509778357235984 -0.01408653241349356
0.7522816166883963 -0.01414487895837979
0.7535853976531942 -0.01420345161632852
0.7548891786179922 -0.01426222559486234
0.7561929595827901 -0.01432117684841039
0.757496740547588 -0.01438028174500339
0.758800521512386 -0.01443951659531617
0.7601043024771839 -0.01449885714901988
0.7614080834419817 -0.01455827813652899
0.7627118644067796 -0.01461775290169864
0.7640156453715776 -0.01467725314055013
0.7653194263363755 -0.01473674878167675
0.7666232073011734 -0.01479620805863657
0.7679269882659713 -0.01485559780652501
0.7692307692307693 -0.01491488395672391
0.7705345501955672 -0.01497403214450266
0.771838331160365 -0.01503300833706778
0.7731421121251629 -0.01509177941166939
0.7744458930899609 -0.01515031366042585
0.7757496740547588 -0.01520858120924728
0.7770534550195567 -0.01526655432924251
0.7783572359843546 -0.01532420762230746
0.7796610169491526 -0.01538151808361032
0.7809647979139505 -0.0154384650767847
0.7822685788787483 -0.01549503026775767
0.7835723598435462 -0.01555119753220335
0.7848761408083442 -0.01560695283221403
0.7861799217731421 -0.01566228405055092
0.78748370273794 -0.0157171808089327
0.788787483702738 -0.01577163432439033
0.7900912646675359 -0.01582563735965792
0.7913950456323338 -0.01587918427938728
0.7926988265971316 -0.01593227118965945
0.7940026075619296 -0.01598489611669685
0.7953063885267275 -0.01603705917998255
0.7966101694915254 -0.01608876271056925
0.7979139504563233 -0.01614001124632658
0.7992177314211213 -0.01619081133889644
0.8005215123859192 -0.01624117113501189
0.8018252933507171 -0.01629109975476872
0.8031290743155149 -0.01634060655788971
0.8044328552803129 -0.016389700407478
0.8057366362451108 -0.01643838902758876
0.8070404172099087 -0.01648667851042163
0.8083441981747066 -0.01653457300046846
0.8096479791395046 -0.01658207456057958
0.8109517601043025 -0.01662918320352702
0.8122555410691004 -0.01667589705418138
0.8135593220338984 -0.0167222125843427
0.8148631029986962 -0.01676812487230706
0.8161668839634941 -0.01681362786809704
0.817470664928292 -0.01685871467469102
0.81877444589309 -0.01690337787893359
0.8200782268578879 -0.01694760994491951
0.8213820078226858 -0.01699140367309493
0.8226857887874837 -0.01703475272095734
0.8239895697522817 -0.01707765218923019
0.8252933507170795 -0.01712009927278046
0.8265971316818774 -0.01716209395165347
0.8279009126466753 -0.01720363965404825
0.8292046936114733 -0.01724474381798657
0.8305084745762712 -0.01728541830071606
0.8318122555410691 -0.01732567964071752
0.833116036505867 -0.01736554920725997
0.834419817470665 -0.01740505328092645
0.8357235984354628 -0.01744422308059423
0.8370273794002607 -0.0174830947255451
0.8383311603650587 -0.01752170908683581
0.8396349413298566 -0.01756011145451541
0.8409387222946545 -0.0175983509255877
0.8422425032594524 -0.0176364794251338
0.8435462842242504 -0.01767455033957166
0.8448500651890483 -0.01771261684773417
0.8461538461538461 -0.01775073015713158
0.847457627118644 -0.01778893791603497
0.848761408083442 -0.01782728305493553
0.8500651890482399 -0.01786580319962461
0.8513689700130378 -0.01790453063271435
0.8526727509778357 -0.01794349260800843
0.8539765319426337 -0.01798271170096832
0.8552803129074316 -0.01802220590482762
0.8565840938722294 -0.01806198835490846
0.8578878748370273 -0.01810206685336357
0.8591916558018253 -0.01814244360914419
0.8604954367666232 -0.01818311562955266
0.8617992177314211 -0.01822407593620845
0.863102998696219 -0.01826531534634501
0.864406779661017 -0.01830682416947216
0.8657105606258149 -0.01834859309131964
0.8670143415906127 -0.01839061282264609
0.8683181225554107 -0.0184328726399432
0.8696219035202086 -0.01847535842390791
0.8709256844850065 -0.01851805096388315
0.8722294654498044 -0.01856092506406704
0.8735332464146024 -0.01860394951849464
0.8748370273794003 -0.01864708762485545
0.8761408083441982 -0.01869029780171694
0.877444589308996 -0.01873353408758849
0.878748370273794 -0.01877674665298468
0.8800521512385919 -0.01881988267222745
0.8813559322033898 -0.01886288786469148
0.8826597131681877 -0.01890570873385311
0.8839634941329857 -0.01894829522316677
0.8852672750977836 -0.01899060335154434
0.8865710560625815 -0.01903259741891361
0.8878748370273793 -0.01907425155347298
0.8891786179921773 -0.01911555054242253
0.8904823989569752 -0.01915648998139385
0.8917861799217731 -0.0191970758005402
0.8930899608865711 -0.0192373232487979
0.894393741851369 -0.01927725545115422
0.8956975228161669 -0.01931690169585476
0.8970013037809648 -0.01935629560535013
0.8983050847457628 -0.01939547329219682
0.8996088657105606 -0.01943447155397049
0.9009126466753585 -0.01947332615742159
0.9022164276401564 -0.01951207029959612
0.9035202086049544 -0.01955073339197622
0.9048239895697523 -0.01958934029478954
0.9061277705345502 -0.01962791104999706
0.9074315514993481 -0.01966646103988179
0.9087353324641461 -0.01970500138080666
0.9100391134289439 -0.01974353932630724
0.9113428943937418 -0.01978207851150326
0.9126466753585397 -0.01982061899767817
0.9139504563233377 -0.0198591571792015
0.9152542372881356 -0.01989768566444017
0.9165580182529335 -0.01993619321943463
0.9178617992177314 -0.0199746648013841
0.9191655801825294 -0.02001308167882065
0.9204693611473272 -0.02005142167667362
0.9217731421121251 -0.02008965962490894
0.9230769230769231 -0.02012776809648198
0.924380704041721 -0.02016571847874271
0.9256844850065189 -0.02020348234977121
0.9269882659713168 -0.02024103307000225
0.9282920469361148 -0.02027834748342272
0.9295958279009127 -0.0203154076104628
0.9308996088657105 -0.02035220221157541
0.9322033898305084 -0.02038872806589787
0.9335071707953064 -0.02042499079822857
0.9348109517601043 -0.02046100513744076
0.9361147327249022 -0.02049679456760067
0.9374185136897001 -0.02053239039510846
0.9387222946544981 -0.0205678303051533
0.940026075619296 -0.02060315647175504
0.9413298565840938 -0.02063841330592719
0.9426336375488917 -0.02067364497625324
0.9439374185136897 -0.020708892919167
0.9452411994784876 -0.02074419360474078
0.9465449804432855 -0.02077957681771903
0.9478487614080835 -0.02081506464442562
0.9491525423728814 -0.0208506712165013
0.9504563233376793 -0.02088640317562795
0.9517601043024772 -0.02092226071543113
0.9530638852672751 -0.02095823898056004
0.954367666232073 -0.02099432957625069
0.9556714471968709 -0.02103052197898148
0.9569752281616688 -0.021066804758747
0.9582790091264668 -0.02110316671065338
0.9595827900912647 -0.02113959810592902
0.9608865710560626 -0.02117609224471995
0.9621903520208605 -0.02121264732634209
0.9634941329856584 -0.02124926840222496
0.9647979139504563 -0.02128596897258817
0.9661016949152542 -0.02132277171600805
0.9674054758800521 -0.02135970794324127
0.9687092568448501 -0.02139681562897522
0.970013037809648 -0.02143413622645873
0.9713168187744459 -0.02147171082066812
0.9726205997392438 -0.0215095763717903
0.9739243807040417 -0.02154776277287063
0.9752281616688396 -0.02158629117554423
0.9765319426336375 -0.02162517365554883
0.9778357235984355 -0.02166441393410956
0.9791395045632334 -0.02170400868129452
0.9804432855280313 -0.02174394897153231
0.9817470664928292 -0.02178422160377114
0.9830508474576272 -0.02182481012075232
0.984354628422425 -0.02186569541106742
0.9856584093872229 -0.02190685577749285
0.9869621903520208 -0.02194826635261116
0.9882659713168188 -0.02198989788261319
0.9895697522816167 -0.02203171509558999
0.9908735332464146 -0.02207367503540869
0.9921773142112125 -0.02211572580103027
0.9934810951760105 -0.0221578060470673
0.9947848761408083 -0.02219984544546261
0.9960886571056062 -0.02224176613359319
0.9973924380704041 -0.02228348504914734
0.9986962190352021 -0.0223249169190245
1 -0.0223659775732088
