time quantity 
0 2.795779447950508e-07
0.001303780964797914 8.391710082378268e-08
0.002607561929595828 4.949185150593394e-08
0.003911342894393742 1.317865621075498e-07
0.005215123859191656 1.746932190016537e-07
0.00651890482398957 1.892775296497007e-07
0.007822685788787484 1.849899797790044e-07
0.009126466753585397 1.691532576231225e-07
0.01043024771838331 1.468945276528189e-07
0.01173402868318123 1.214219871314981e-07
0.01303780964797914 9.448945270662534e-08
0.01434159061277705 6.690185561097906e-08
0.01564537157757497 3.895753319937967e-08
0.01694915254237288 1.078300648771346e-08
0.01825293350717079 1.744179467522144e-08
0.01955671447196871 4.535043807152306e-08
0.02086049543676662 7.232688759017947e-08
0.02216427640156454 9.751141227809512e-08
0.02346805736636245 1.198633334809074e-07
0.02477183833116036 1.382761638524244e-07
0.02607561929595828 1.517218288782374e-07
0.02737940026075619 1.594028349316545e-07
0.02868318122555411 1.608884163672997e-07
0.02998696219035202 1.562163669532879e-07
0.03129074315514994 1.459429297412385e-07
0.03259452411994785 1.311318182928289e-07
0.03389830508474576 1.132739386733306e-07
0.03520208604954368 9.414756796388701e-08
0.03650586701434159 7.562995207877066e-08
0.03780964797913951 5.948795145371832e-08
0.03911342894393742 4.717795309971962e-08
0.04041720990873533 3.968332151771392e-08
0.04172099087353325 3.741469978280065e-08
0.04302477183833116 4.019115085185376e-08
0.04432855280312908 4.729923386292967e-08
0.04563233376792699 5.762115229401843e-08
0.0469361147327249 6.980490585561938e-08
0.04823989569752282 8.24525230314066e-08
0.04954367666232073 9.429779002090299e-08
0.05084745762711865 1.04355530439193e-07
0.05215123859191656 1.120246650998524e-07
0.05345501955671447 1.17141071953597e-07
0.05475880052151239 1.199688357544915e-07
0.0560625814863103 1.211395588285313e-07
0.05736636245110821 1.215431648660115e-07
0.05867014341590613 1.221813503704539e-07
0.05997392438070404 1.240061520135782e-07
0.06127770534550196 1.277573229430118e-07
0.06258148631029987 1.338228727831847e-07
0.06388526727509779 1.421437190174402e-07
0.0651890482398957 1.521768444590066e-07
0.06649282920469361 1.629289743121376e-07
0.06779661016949153 1.73059932606634e-07
0.06910039113428944 1.81051195369264e-07
0.07040417209908735 1.854170035286984e-07
0.07170795306388526 1.849315385271666e-07
0.07301173402868318 1.788348074072132e-07
0.07431551499348109 1.669774807311342e-07
0.07561929595827901 1.498762598473036e-07
0.07692307692307693 1.28662511755806e-07
0.07822685788787484 1.049352853499386e-07
0.07953063885267275 8.054283817671148e-08
0.08083441981747067 5.733656660567021e-08
0.08213820078226858 3.694007144616762e-08
0.08344198174706649 2.056756809309945e-08
0.0847457627118644 8.915667315534392e-09
0.08604954367666232 2.13308215535335e-09
0.08735332464146023 1.440589869616815e-10
0.08865710560625815 1.29588961783611e-09
0.08996088657105607 5.361697752448435e-09
0.09126466753585398 1.080196110336828e-08
0.09256844850065189 1.635574609082369e-08
0.09387222946544981 2.090160755585657e-08
0.09517601043024772 2.359084572134407e-08
0.09647979139504563 2.394824250018246e-08
0.09778357235984354 2.192724135596791e-08
0.09908735332464146 1.790255410583086e-08
0.1003911342894394 1.260389126400696e-08
0.1016949152542373 6.98995084036369e-09
0.1029986962190352 2.09078621082881e-09
0.1043024771838331 1.164750962345806e-09
0.105606258148631 2.102095386646852e-09
0.1069100391134289 4.123386077026225e-10
0.1082138200782269 3.794769831699796e-09
0.1095176010430248 1.000410509988114e-08
0.1108213820078227 1.737361632336842e-08
0.1121251629726206 2.486860406492042e-08
0.1134289439374185 3.143034010832935e-08
0.1147327249022164 3.615662702571854e-08
0.1160365058670143 3.846045260047504e-08
0.1173402868318123 3.817988591947596e-08
0.1186440677966102 3.561729222667509e-08
0.1199478487614081 3.149668437174569e-08
0.121251629726206 2.685051114781345e-08
0.1225554106910039 2.285740219321042e-08
0.1238591916558018 2.066537341249841e-08
0.1251629726205997 2.123328446401729e-08
0.1264667535853977 2.521806408140037e-08
0.1277705345501956 3.291111383418865e-08
0.1290743155149935 4.422192123598734e-08
0.1303780964797914 5.868700192479537e-08
0.1316818774445893 7.548872371643256e-08
0.1329856584093872 9.347850493668375e-08
0.1342894393741851 1.112160719074495e-07
0.1355932203389831 1.270428509059229e-07
0.136897001303781 1.392168167413388e-07
0.1382007822685789 1.461071690300741e-07
0.1395045632333768 1.464340124712749e-07
0.1408083441981747 1.395038866647269e-07
0.1421121251629726 1.253888308738738e-07
0.1434159061277705 1.050013347381196e-07
0.1447196870925684 8.004848606191217e-08
0.1460234680573664 5.287033211232028e-08
0.1473272490221643 2.619595029784705e-08
0.1486310299869622 2.856133995976506e-09
0.1499348109517601 1.450943276637418e-08
0.151238591916558 2.371363727604603e-08
0.1525423728813559 2.322776815333327e-08
0.1538461538461539 1.231087498609895e-08
0.1551499348109518 8.943827900509405e-09
0.1564537157757497 3.963927941441625e-08
0.1577574967405476 7.816855607245543e-08
0.1590612777053455 1.223569956465553e-07
0.1603650586701434 1.696371647597061e-07
0.1616688396349413 2.172434729885708e-07
0.1629726205997392 2.62415350782419e-07
0.1642764015645372 3.025938664080741e-07
0.1655801825293351 3.355989557363159e-07
0.166883963494133 3.597774860253367e-07
0.1681877444589309 3.741124414702313e-07
0.1694915254237288 3.782901920601489e-07
0.1707953063885267 3.727194055613836e-07
0.1720990873533246 3.585084424884144e-07
0.1734028683181225 3.37403868400088e-07
0.1747066492829205 3.116928306567956e-07
0.1760104302477184 2.840732982178906e-07
0.1773142112125163 2.574863247062353e-07
0.1786179921773142 2.349066035023384e-07
0.1799217731421121 2.190981449601281e-07
0.18122555410691 2.123449416302492e-07
0.182529335071708 2.161875514161693e-07
0.1838331160365059 2.31202410994058e-07
0.1851368970013038 2.56869629566836e-07
0.1864406779661017 2.915624950361462e-07
0.1877444589308996 3.326752624488449e-07
0.1890482398956975 3.768704539552914e-07
0.1903520208604954 4.204064989465905e-07
0.1916558018252933 4.594914440048115e-07
0.1929595827900913 4.906085733225041e-07
0.1942633637548892 5.107879905708046e-07
0.1955671447196871 5.178133086758407e-07
0.196870925684485 5.10387581087457e-07
0.1981747066492829 4.882687738572145e-07
0.1994784876140808 4.52382039384247e-07
0.2007822685788787 4.048772925813182e-07
0.2020860495436766 3.490859965538107e-07
0.2033898305084746 2.893272403881042e-07
0.2046936114732725 2.305417803327714e-07
0.2059973924380704 1.777791274193419e-07
0.2073011734028683 1.356130949758949e-07
0.2086049543676662 1.075919513482404e-07
0.2099087353324642 9.582786297812618e-08
0.2112125162972621 1.007991041745981e-07
0.21251629726206 1.213830005397654e-07
0.2138200782268579 1.550831338903436e-07
0.2151238591916558 1.983787552006788e-07
0.2164276401564537 2.471161675288158e-07
0.2177314211212516 2.968834280636656e-07
0.2190352020860495 3.433438395816779e-07
0.2203389830508475 3.825372960619688e-07
0.2216427640156454 4.111718174826251e-07
0.2229465449804433 4.269084454833205e-07
0.2242503259452412 4.286172190504089e-07
0.2255541069100391 4.165487785812161e-07
0.226857887874837 3.923611009426509e-07
0.2281616688396349 3.589601398346076e-07
0.2294654498044328 3.201685006004595e-07
0.2307692307692308 2.802782601563081e-07
0.2320730117340287 2.435726402794103e-07
0.2333767926988266 2.138963317577236e-07
0.2346805736636245 1.94316253754323e-07
0.2359843546284224 1.868869201615553e-07
0.2372881355932203 1.925120738377473e-07
0.2385919165580183 2.10902027397708e-07
0.2398956975228162 2.406383696751391e-07
0.2411994784876141 2.793594067185268e-07
0.242503259452412 3.240587265196382e-07
0.2438070404172099 3.714545808719549e-07
0.2451108213820078 4.183599999763032e-07
0.2464146023468057 4.619821787343881e-07
0.2477183833116036 5.001072560517628e-07
0.2490221642764016 5.311707083066608e-07
0.2503259452411995 5.542348793241558e-07
0.2516297262059974 5.68912822629386e-07
0.2529335071707953 5.752631260236285e-07
0.2542372881355932 5.736645585230349e-07
0.2555410691003911 5.646843481699193e-07
0.256844850065189 5.489432650662707e-07
0.258148631029987 5.26993977345569e-07
0.2594524119947849 4.992109623458418e-07
0.2607561929595828 4.656853445084153e-07
0.2620599739243807 4.261147728001902e-07
0.2633637548891786 3.796914977982624e-07
0.2646675358539765 3.250281004341105e-07
0.2659713168187745 2.601865585205587e-07
0.2672750977835723 1.828738147580111e-07
0.2685788787483703 9.084596808150991e-08
0.2698826597131682 1.750838052316794e-08
0.2711864406779661 1.424864484178556e-07
0.272490221642764 2.82428618270103e-07
0.2737940026075619 4.33257172360868e-07
0.2750977835723599 5.883261557926289e-07
0.2764015645371578 7.386646823093201e-07
0.2777053455019557 8.736317420598994e-07
0.2790091264667536 9.819317847714615e-07
0.2803129074315515 1.052855490790705e-06
0.2816166883963494 1.077575027430555e-06
0.2829204693611473 1.050287102621894e-06
0.2842242503259452 9.690396662875855e-07
0.2855280312907432 8.361367944687004e-07
0.2868318122555411 6.580930351773873e-07
0.288135593220339 4.45173304441937e-07
0.2894393741851369 2.105957559450644e-07
0.2907431551499348 3.052058694663629e-08
0.2920469361147327 2.623665356082938e-07
0.2933507170795306 4.697259639030449e-07
0.2946544980443285 6.392288147694103e-07
0.2959582790091265 7.604755811740915e-07
0.2972620599739244 8.269238884750507e-07
0.2985658409387223 8.364449595177348e-07
0.2998696219035202 7.914673041398146e-07
0.3011734028683181 6.986604743630664e-07
0.3024771838331161 5.681627470721651e-07
0.3037809647979139 4.124235370994711e-07
0.3050847457627119 2.44804951421429e-07
0.3063885267275098 7.813959168601059e-08
0.3076923076923077 7.653326594692089e-08
0.3089960886571056 2.108655765553635e-07
0.3102998696219035 3.196209075184697e-07
0.3116036505867014 4.006074165729956e-07
0.3129074315514994 4.542103395621666e-07
0.3142112125162972 4.826804733681911e-07
0.3155149934810952 4.893530434202376e-07
0.3168187744458931 4.779617785999335e-07
0.318122555410691 4.521449037397929e-07
0.3194263363754889 4.151726740175832e-07
0.3207301173402868 3.698457264889043e-07
0.3220338983050847 3.184718284643395e-07
0.3233376792698827 2.628304640595047e-07
0.3246414602346806 2.040952775672622e-07
0.3259452411994785 1.427450753155313e-07
0.3272490221642764 7.855427153202754e-08
0.3285528031290743 1.075141220496789e-08
0.3298565840938723 6.161660959236315e-08
0.3311603650586701 1.391602699740702e-07
0.3324641460234681 2.215995635879153e-07
0.333767926988266 3.073896843730495e-07
0.3350717079530639 3.936933543613463e-07
0.3363754889178618 4.767761101476253e-07
0.3376792698826597 5.527333675203749e-07
0.3389830508474576 6.182803167220641e-07
0.3402868318122556 6.71265258489484e-07
0.3415906127770534 7.106622064156909e-07
0.3428943937418514 7.360478964102413e-07
0.3441981747066493 7.468693175027852e-07
0.3455019556714472 7.419730483348985e-07
0.3468057366362451 7.197817444293264e-07
0.348109517601043 6.791639783898518e-07
0.3494132985658409 6.206271168096578e-07
0.3507170795306389 5.47224146885128e-07
0.3520208604954368 4.646485916026677e-07
0.3533246414602347 3.803847636874025e-07
0.3546284224250326 3.022538885844028e-07
0.3559322033898305 2.369738405505473e-07
0.3572359843546284 1.892857133256598e-07
0.3585397653194263 1.618479616993795e-07
0.3598435462842243 1.557003121988032e-07
0.3611473272490222 1.708866266270093e-07
0.3624511082138201 2.068915829767093e-07
0.363754889178618 2.627860808956939e-07
0.3650586701434159 3.371891112990966e-07
0.3663624511082138 4.282044638870275e-07
0.3676662320730117 5.333993451372976e-07
0.3689700130378096 6.49751890513528e-07
0.3702737940026076 7.734722071717215e-07
0.3715775749674055 8.996864755417278e-07
0.3728813559322034 1.022114675564012e-06
0.3741851368970013 1.132942787585023e-06
0.3754889178617992 1.223044143294771e-06
0.3767926988265971 1.282580793571242e-06
0.378096479791395 1.301895898642158e-06
0.379400260756193 1.272562998977378e-06
0.3807040417209909 1.188474088920088e-06
0.3820078226857888 1.046872825760659e-06
0.3833116036505867 8.492357457257071e-07
0.3846153846153846 6.018393543527623e-07
0.3859191655801825 3.15835195330294e-07
0.3872229465449805 6.683713138500025e-09
0.3885267275097783 3.070598975085659e-07
0.3898305084745763 6.054468419947057e-07
0.3911342894393742 8.690430188806886e-07
0.3924380704041721 1.080749770565603e-06
0.39374185136897 1.227306676732098e-06
0.3950456323337679 1.300357316047496e-06
0.3963494132985658 1.297025969293486e-06
0.3976531942633638 1.219983380984502e-06
0.3989569752281616 1.077000427507357e-06
0.4002607561929596 8.800357615967869e-07
0.4015645371577575 6.439762154641926e-07
0.4028683181225554 3.85209072639725e-07
0.4041720990873533 1.202272708056285e-07
0.4054758800521512 1.35586509131258e-07
0.4067796610169492 3.689051650823671e-07
0.4080834419817471 5.691147668684948e-07
0.409387222946545 7.286856380517293e-07
0.4106910039113429 8.432724944995584e-07
0.4119947848761408 9.115773931256399e-07
0.4132985658409387 9.350282228481888e-07
0.4146023468057367 9.173540824747306e-07
0.4159061277705345 8.641251758589874e-07
0.4172099087353325 7.822991090478126e-07
0.4185136897001304 6.797588980589353e-07
0.4198174706649283 5.648241181432923e-07
0.4211212516297262 4.457196505214256e-07
0.4224250325945241 3.300371655967638e-07
0.423728813559322 2.242573611255239e-07
0.42503259452412 1.334019144039189e-07
0.4263363754889178 6.084829884400733e-08
0.4276401564537158 8.296674458563302e-09
0.4289439374185137 2.415464628313657e-08
0.4302477183833116 3.785895774655046e-08
0.4315514993481095 3.541838378140483e-08
0.4328552803129074 2.042167857041477e-08
0.4341590612777054 2.877075466756196e-09
0.4354628422425033 2.993741166079644e-08
0.4367666232073012 5.635278643723041e-08
0.4380704041720991 7.829509929280221e-08
0.439374185136897 9.295690350796804e-08
0.4406779661016949 9.894251640218954e-08
0.4419817470664928 9.653105870199852e-08
0.4432855280312907 8.77206050020618e-08
0.4445893089960887 7.598109430517752e-08
0.4458930899608866 6.570947697071006e-08
0.4471968709256845 6.145852005090546e-08
0.4485006518904824 6.707383715109927e-08
0.4498044328552803 8.490108260872375e-08
0.4511082138200782 1.15212887230598e-07
0.4524119947848761 1.559841038556442e-07
0.453715775749674 2.030824122201125e-07
0.455019556714472 2.508843124360283e-07
0.4563233376792699 2.932253027054799e-07
0.4576271186440678 3.245037261123684e-07
0.4589308996088657 3.40692273503862e-07
0.4602346805736636 3.400269390496646e-07
0.4615384615384616 3.232279350839917e-07
0.4628422425032594 2.932397809018994e-07
0.4641460234680574 2.545993904590205e-07
0.4654498044328553 2.126075200337141e-07
0.4667535853976532 1.724833627037015e-07
0.4680573663624511 1.386578718509668e-07
0.469361147327249 1.142988761415609e-07
0.4706649282920469 1.011085597468764e-07
0.4719687092568449 9.937155009964727e-08
0.4732724902216427 1.081772831312833e-07
0.4745762711864407 1.257310549007684e-07
0.4758800521512386 1.496606421014235e-07
0.4771838331160365 1.772661430976541e-07
0.4784876140808344 2.056958159357691e-07
0.4797913950456323 2.320690688506488e-07
0.4810951760104302 2.535844858542191e-07
0.4823989569752282 2.67661683928111e-07
0.4837027379400261 2.721497738278345e-07
0.485006518904824 2.656049575833208e-07
0.4863102998696219 2.4758655747803e-07
0.4876140808344198 2.188707846073612e-07
0.4889178617992178 1.8147750413533e-07
0.4902216427640156 1.384484882294146e-07
0.4915254237288136 9.340113038547315e-08
0.4928292046936115 4.997375135928905e-08
0.4941329856584094 1.131051252656334e-08
0.4954367666232073 2.02868175591675e-08
0.4967405475880052 4.348825566324876e-08
0.4980443285528031 5.787212309371625e-08
0.4993481095176011 6.373823691063762e-08
0.500651890482399 6.187778645028175e-08
0.5019556714471969 5.336369302000321e-08
0.5032594524119948 3.940389259327048e-08
0.5045632333767927 2.127471709911788e-08
0.5058670143415906 3.188409536392101e-10
0.5071707953063885 2.202572702003636e-08
0.5084745762711864 4.423185018254117e-08
0.5097783572359843 6.476177638603531e-08
0.5110821382007823 8.223597269818583e-08
0.5123859191655802 9.565327641070098e-08
0.5136897001303781 1.045997510829011e-07
0.5149934810951761 1.093728458911869e-07
0.5162972620599739 1.10972563582834e-07
0.5176010430247718 1.109488758643806e-07
0.5189048239895697 1.111399843267691e-07
0.5202086049543677 1.133647797857407e-07
0.5215123859191656 1.191505987208075e-07
0.5228161668839635 1.295504414855486e-07
0.5241199478487614 1.450703930316877e-07
0.5254237288135594 1.65677974450773e-07
0.5267275097783573 1.908436511044442e-07
0.5280312907431551 2.195836339424773e-07
0.529335071707953 2.504962965943491e-07
0.530638852672751 2.81819402481176e-07
0.5319426336375489 3.115252082963593e-07
0.5332464146023468 3.374524686350355e-07
0.5345501955671447 3.574471136857937e-07
0.5358539765319427 3.694833266010278e-07
0.5371577574967406 3.717610841391661e-07
0.5384615384615384 3.627959701546501e-07
0.5397653194263363 3.415269977935509e-07
0.5410691003911343 3.074643979417147e-07
0.5423728813559322 2.608585392138707e-07
0.5436766623207301 2.028574943579997e-07
0.5449804432855281 1.356042371725152e-07
0.546284224250326 6.222050430437776e-08
0.5475880052151239 1.335790500434086e-08
0.5488917861799217 8.670327478199624e-08
0.5501955671447197 1.533488571681119e-07
0.5514993481095176 2.092976973955274e-07
0.5528031290743155 2.514934074326902e-07
0.5541069100391134 2.781456531764093e-07
0.5554106910039114 2.888507477649682e-07
0.5567144719687093 2.84500151437328e-07
0.5580182529335072 2.670296854745402e-07
0.559322033898305 2.390991751255456e-07
0.560625814863103 2.03777160479035e-07
0.5619295958279009 1.642774689614157e-07
0.5632333767926988 1.237472178061694e-07
0.5645371577574967 8.507558035830698e-08
0.5658409387222947 5.068670727581548e-08
0.5671447196870926 2.229881701509839e-08
0.5684485006518905 6.679945485643657e-10
0.5697522816166884 1.463812004942611e-08
0.5710560625814863 2.535943188775036e-08
0.5723598435462842 3.448771579428467e-08
0.5736636245110821 4.599355474255162e-08
0.5749674054758801 6.434012078671003e-08
0.576271186440678 9.384551891145065e-08
0.5775749674054759 1.379900789189037e-07
0.5788787483702738 1.988016498088996e-07
0.5801825293350718 2.764234903196439e-07
0.5814863102998696 3.689433558662358e-07
0.5827900912646675 4.725004183470105e-07
0.5840938722294654 5.816406813963226e-07
0.5853976531942634 6.898616105033284e-07
0.5867014341590613 7.90274024886628e-07
0.5880052151238592 8.763072107953462e-07
0.5893089960886571 9.423806774933041e-07
0.5906127770534551 9.84464325171075e-07
0.5919165580182529 1.000456417266093e-06
0.5932203389830508 9.903400108868254e-07
0.5945241199478487 9.561122062962113e-07
0.5958279009126467 9.015134532219804e-07
0.5971316818774446 8.316051074430675e-07
0.5984354628422425 7.522501315193608e-07
0.5997392438070405 6.695566483472248e-07
0.6010430247718384 5.893462526884718e-07
0.6023468057366362 5.167115615378748e-07
0.6036505867014341 4.556992792004166e-07
0.6049543676662321 4.091281304852146e-07
0.60625814863103 3.785143229961818e-07
0.6075619295958279 3.640780334990268e-07
0.6088657105606258 3.648037365522327e-07
0.6101694915254238 3.785564439695577e-07
0.6114732724902217 4.022597774877568e-07
0.6127770534550195 4.321454172284689e-07
0.6140808344198174 4.640785098430911e-07
0.6153846153846154 4.939648343693648e-07
0.6166883963494133 5.18231724200291e-07
0.6179921773142112 5.343462410323241e-07
0.6192959582790091 5.412895118794836e-07
0.6205997392438071 5.398712907833669e-07
0.621903520208605 5.327706178448466e-07
0.6232073011734028 5.242249212500383e-07
0.6245110821382008 5.193677807824315e-07
0.6258148631029987 5.232961619583421e-07
0.6271186440677966 5.400026577007111e-07
0.6284224250325945 5.713607063029258e-07
0.6297262059973925 6.163532333403055e-07
0.6310299869621904 6.707224802227074e-07
0.6323337679269883 7.271419351084774e-07
0.6336375488917861 7.759286422270861e-07
0.6349413298565841 8.062024212662777e-07
0.636245110821382 8.073296564603538e-07
0.6375488917861799 7.704478210968091e-07
0.6388526727509778 6.898638060803819e-07
0.6401564537157758 5.641412208490237e-07
0.6414602346805737 3.967239798896571e-07
0.6427640156453716 1.959902826698112e-07
0.6440677966101694 2.53039793562948e-08
0.6453715775749674 2.511559147322373e-07
0.6466753585397653 4.639028396979938e-07
0.6479791395045632 6.460847128408886e-07
0.6492829204693612 7.823531351647262e-07
0.6505867014341591 8.61178442335131e-07
0.651890482398957 8.761132281875916e-07
0.6531942633637549 8.264261444068666e-07
0.6544980443285529 7.170152400703955e-07
0.6558018252933507 5.57646886889529e-07
0.6571056062581486 3.616987331866994e-07
0.6584093872229465 1.446664397164454e-07
0.6597131681877445 7.730722284549074e-08
0.6610169491525424 2.887103791593404e-07
0.6623207301173403 4.756926053062216e-07
0.6636245110821382 6.269115937485026e-07
0.6649282920469362 7.342839811741442e-07
0.666232073011734 7.93673381238591e-07
0.6675358539765319 8.05430564021492e-07
0.6688396349413298 7.745825838512133e-07
0.6701434159061278 7.104311645633743e-07
0.6714471968709257 6.254044038200846e-07
0.6727509778357236 5.332030017513034e-07
0.6740547588005215 4.465257905650333e-07
0.6753585397653195 3.748418535565179e-07
0.6766623207301173 3.227242162395783e-07
0.6779661016949152 2.891308072960896e-07
0.6792698826597132 2.677759400881996e-07
0.6805736636245111 2.484479804110151e-07
0.681877444589309 2.189265577712263e-07
0.6831812255541069 1.670778546625229e-07
0.6844850065189049 8.276912399907133e-08
0.6857887874837028 4.060818703521818e-08
0.6870925684485006 2.050750254056766e-07
0.6883963494132985 4.074585842062106e-07
0.6897001303780965 6.392254929821206e-07
0.6910039113428944 8.867772258724926e-07
0.6923076923076923 1.132233053979803e-06
0.6936114732724902 1.354697633182411e-06
0.6949152542372882 1.53193696483811e-06
0.6962190352020861 1.642323169015469e-06
0.6975228161668839 1.66688521296976e-06
0.6988265971316818 1.59132680721541e-06
0.7001303780964798 1.407906107253609e-06
0.7014341590612777 1.117071491307797e-06
0.7027379400260756 7.286750483004312e-07
0.7040417209908736 2.625054893456991e-07
0.7053455019556715 2.521817021872153e-07
0.7066492829204694 7.784069833149942e-07
0.7079530638852672 1.274547072327437e-06
0.7092568448500652 1.698522357429511e-06
0.7105606258148631 2.012539369822264e-06
0.711864406779661 2.187634560613105e-06
0.7131681877444589 2.207246386554118e-06
0.7144719687092569 2.069221785916397e-06
0.7157757496740548 1.78598886346748e-06
0.7170795306388527 1.382981943187644e-06
0.7183833116036505 8.956832129314307e-07
0.7196870925684485 3.658024665398329e-07
0.7209908735332464 1.628628210070815e-07
0.7222946544980443 6.484309933441068e-07
0.7235984354628422 1.054490866181368e-06
0.7249022164276402 1.353028649120347e-06
0.7262059973924381 1.526634627602164e-06
0.727509778357236 1.569871808548839e-06
0.7288135593220338 1.489617153183076e-06
0.7301173402868318 1.304120584855184e-06
0.7314211212516297 1.040614714398203e-06
0.7327249022164276 7.315917800454486e-07
0.7340286831812256 4.102737021227654e-07
0.7353324641460235 1.061483949627018e-07
0.7366362451108214 1.584864435244526e-07
0.7379400260756193 3.703146598255103e-07
0.7392438070404173 5.249784846839134e-07
0.7405475880052151 6.256106441782094e-07
0.741851368970013 6.80574550493418e-07
0.7431551499348109 7.010800668894035e-07
0.7444589308996089 6.991324390526188e-07
0.7457627118644068 6.860305541422917e-07
0.7470664928292047 6.714190794454566e-07
0.7483702737940026 6.628051574253391e-07
0.7496740547588006 6.653986179827598e-07
0.7509778357235984 6.821411044910519e-07
0.7522816166883963 7.13812771557798e-07
0.7535853976531942 7.591623152336524e-07
0.7548891786179922 8.150728421085773e-07
0.7561929595827901 8.768088113342287e-07
0.757496740547588 9.3838688908221e-07
0.758800521512386 9.93070710109123e-07
0.7601043024771839 1.03395842998566e-06
0.7614080834419817 1.054632988051196e-06
0.7627118644067796 1.049835493205364e-06
0.7640156453715776 1.016110249274504e-06
0.7653194263363755 9.523264168365131e-07
0.7666232073011734 8.599520544549932e-07
0.7679269882659713 7.429932109559445e-07
0.7692307692307693 6.075906755498295e-07
0.7705345501955672 4.613696686917024e-07
0.771838331160365 3.126680088172407e-07
0.7731421121251629 1.697692866287071e-07
0.7744458930899609 4.022191735231218e-08
0.7757496740547588 6.970412425033601e-08
0.7770534550195567 1.553762212225251e-07
0.7783572359843546 2.139636681164347e-07
0.7796610169491526 2.444332283246808e-07
0.7809647979139505 2.474398730356597e-07
0.7822685788787483 2.251687938326086e-07
0.7835723598435462 1.811437329024557e-07
0.7848761408083442 1.199740209401057e-07
0.7861799217731421 4.700177580474474e-08
0.78748370273794 3.214828137032555e-08
0.788787483702738 1.12061103507699e-07
0.7900912646675359 1.879749298439037e-07
0.7913950456323338 2.561092742325854e-07
0.7926988265971316 3.138231852162221e-07
0.7940026075619296 3.595834963121547e-07
0.7953063885267275 3.927502625344914e-07
0.7966101694915254 4.132359237019045e-07
0.7979139504563233 4.211559252453867e-07
0.7992177314211213 4.166027220975366e-07
0.8005215123859192 3.996494095659386e-07
0.8018252933507171 3.70590728770992e-07
0.8031290743155149 3.303214040073499e-07
0.8044328552803129 2.806921486353531e-07
0.8057366362451108 2.246910861813944e-07
0.8070404172099087 1.66344696239662e-07
0.8083441981747066 1.103137137192789e-07
0.8096479791395046 6.124915596927849e-08
0.8109517601043025 2.304197366242988e-08
0.8122555410691004 1.853295295006774e-09
0.8135593220338984 1.284035633375424e-08
0.8148631029986962 1.123310156003754e-08
0.8161668839634941 6.652456363553938e-11
0.817470664928292 1.716384812056049e-08
0.81877444589309 3.586461794213847e-08
0.8200782268578879 5.229721278254829e-08
0.8213820078226858 6.334013047393228e-08
0.8226857887874837 6.67890684979966e-08
0.8239895697522817 6.127125562471747e-08
0.8252933507170795 4.598937497490851e-08
0.8265971316818774 2.042899893694994e-08
0.8279009126466753 1.579708985843808e-08
0.8292046936114733 6.284879461304627e-08
0.8305084745762712 1.202807169420339e-07
0.8318122555410691 1.865023033786883e-07
0.833116036505867 2.582801812422986e-07
0.834419817470665 3.30510033563769e-07
0.8357235984354628 3.96417885184519e-07
0.8370273794002607 4.48241855188769e-07
0.8383311603650587 4.783094915694619e-07
0.8396349413298566 4.802993460728544e-07
0.8409387222946545 4.503935828736871e-07
0.8422425032594524 3.880239356490733e-07
0.8435462842242504 2.960110636607283e-07
0.8448500651890483 1.800774613869294e-07
0.8461538461538461 4.790080954109044e-08
0.847457627118644 9.200152462085498e-08
0.848761408083442 2.312325806386184e-07
0.8500651890482399 3.620993851427556e-07
0.8513689700130378 4.777731792415807e-07
0.8526727509778357 5.721713982609344e-07
0.8539765319426337 6.398587970579683e-07
0.8552803129074316 6.762505453394851e-07
0.8565840938722294 6.782440289399005e-07
0.8578878748370273 6.451037783961056e-07
0.8591916558018253 5.791714192682207e-07
0.8604954367666232 4.859233193599266e-07
0.8617992177314211 3.73143598686454e-07
0.863102998696219 2.493966002603543e-07
0.864406779661017 1.223790686566417e-07
0.8657105606258149 2.170970070380918e-09
0.8670143415906127 1.20595073482832e-07
0.8683181225554107 2.305402322377859e-07
0.8696219035202086 3.298095396786493e-07
0.8709256844850065 4.15495357231066e-07
0.8722294654498044 4.838134772811031e-07
0.8735332464146024 5.30616921068372e-07
0.8748370273794003 5.521938728492159e-07
0.8761408083441982 5.458864871243918e-07
0.877444589308996 5.102936215806153e-07
0.878748370273794 4.45175278862564e-07
0.8800521512385919 3.513820390210753e-07
0.8813559322033898 2.310917102121834e-07
0.8826597131681877 8.835401477114146e-08
0.8839634941329857 7.032592197475651e-08
0.8852672750977836 2.357485673343263e-07
0.8865710560625815 3.963953210117666e-07
0.8878748370273793 5.394452582407894e-07
0.8891786179921773 6.522479223391997e-07
0.8904823989569752 7.239556847338235e-07
0.8917861799217731 7.470133294162906e-07
0.8930899608865711 7.182527266280658e-07
0.894393741851369 6.393989968600522e-07
0.8956975228161669 5.168874404049006e-07
0.8970013037809648 3.610070171689017e-07
0.8983050847457628 1.84553239357399e-07
0.8996088657105606 1.289130580062192e-09
0.9009126466753585 1.754759999528233e-07
0.9022164276401564 3.339545413538758e-07
0.9035202086049544 4.645246933776548e-07
0.9048239895697523 5.600023769147811e-07
0.9061277705345502 6.156561207504296e-07
0.9074315514993481 6.290876397585521e-07
0.9087353324641461 6.000446788334557e-07
0.9100391134289439 5.302211878444041e-07
0.9113428943937418 4.230712997710384e-07
0.9126466753585397 2.83657165311979e-07
0.9139504563233377 1.18543853844244e-07
0.9152542372881356 6.429203125435379e-08
0.9165580182529335 2.556321252455973e-07
0.9178617992177314 4.453936259807278e-07
0.9191655801825294 6.232974563147309e-07
0.9204693611473272 7.797838286194292e-07
0.9217731421121251 9.069997037869371e-07
0.9230769230769231 9.996481429297432e-07
0.924380704041721 1.055503386027112e-06
0.9256844850065189 1.07553395078952e-06
0.9269882659713168 1.063649770038921e-06
0.9282920469361148 1.026157185002319e-06
0.9295958279009127 9.710246571259518e-07
0.9308996088657105 9.070494035867682e-07
0.9322033898305084 8.43029665631434e-07
0.9335071707953064 7.870226861328433e-07
0.9348109517601043 7.457466031368654e-07
0.9361147327249022 7.241135699942447e-07
0.9374185136897001 7.248948374893871e-07
0.9387222946544981 7.485002884166647e-07
0.940026075619296 7.929282590524167e-07
0.9413298565840938 8.539613469693563e-07
0.9426336375488917 9.256340280927589e-07
0.9439374185136897 1.000922124738679e-06
0.9452411994784876 1.072516318423311e-06
0.9465449804432855 1.133534974329109e-06
0.9478487614080835 1.178053317119065e-06
0.9491525423728814 1.201423543761848e-06
0.9504563233376793 1.200405787216141e-06
0.9517601043024772 1.173188089786947e-06
0.9530638852672751 1.119402311289264e-06
0.954367666232073 1.040226018211854e-06
0.9556714471968709 9.386200794381239e-07
0.9569752281616688 8.19634949245085e-07
0.9582790091264668 6.90579912365763e-07
0.9595827900912647 5.60806047822382e-07
0.9608865710560626 4.409367022617516e-07
0.9621903520208605 3.415680938090304e-07
0.9634941329856584 2.717112890238127e-07
0.9647979139504563 2.374100835922377e-07
0.9661016949152542 2.409527821711777e-07
0.9674054758800521 2.809541941317661e-07
0.9687092568448501 3.532777066439508e-07
0.970013037809648 4.524769288138941e-07
0.9713168187744459 5.732094097155027e-07
0.9726205997392438 7.110523503328636e-07
0.9739243807040417 8.623706948540644e-07
0.9752281616688396 1.023271928524139e-06
0.9765319426336375 1.188129457041498e-06
0.9778357235984355 1.348373702469985e-06
0.9791395045632334 1.492201477937272e-06
0.9804432855280313 1.605513531011127e-06
0.9817470664928292 1.673893588183262e-06
0.9830508474576272 1.685073406143545e-06
0.984354628422425 1.631174599836527e-06
0.9856584093872229 1.510151445671681e-06
0.9869621903520208 1.326161745751619e-06
0.9882659713168188 1.088903385237927e-06
0.9895697522816167 8.122601107274363e-07
0.9908735332464146 5.128345623717223e-07
0.9921773142112125 2.090901416451629e-07
0.9934810951760105 7.816849567632289e-08
0.9947848761408083 3.234630341353295e-07
0.9960886571056062 4.923781764532009e-07
0.9973924380704041 5.358427470625315e-07
0.9986962190352021 3.839604048039291e-07
1 5.927319968179745e-08
