time quantity 
0 1.686648598564489e-10
0.001303780964797914 3.284763572253269e-10
0.002607561929595828 3.914972790397542e-10
0.003911342894393742 4.08549194474972e-10
0.005215123859191656 4.067228775994636e-10
0.00651890482398957 3.959468308778469e-10
0.007822685788787484 3.763123146427461e-10
0.009126466753585397 3.444917684447546e-10
0.01043024771838331 2.984827940366586e-10
0.01173402868318123 2.402478216367854e-10
0.01303780964797914 1.757929357637522e-10
0.01434159061277705 1.140991745529618e-10
0.01564537157757497 6.431966070863382e-11
0.01694915254237288 3.342992549448809e-11
0.01825293350717079 2.434830115305431e-11
0.01955671447196871 3.554778693626304e-11
0.02086049543676662 6.156075649244031e-11
0.02216427640156454 9.476397444529994e-11
0.02346805736636245 1.278290806538962e-10
0.02477183833116036 1.553608353077607e-10
0.02607561929595828 1.751874201261217e-10
0.02737940026075619 1.883899702903591e-10
0.02868318122555411 1.983853081810594e-10
0.02998696219035202 2.096662843342756e-10
0.03129074315514994 2.259459286335641e-10
0.03259452411994785 2.490669892551978e-10
0.03389830508474576 2.782720720517773e-10
0.03520208604954368 3.107842871941102e-10
0.03650586701434159 3.420721483848865e-10
0.03780964797913951 3.674789361696185e-10
0.03911342894393742 3.831739370241394e-10
0.04041720990873533 3.87128995527064e-10
0.04172099087353325 3.795803671380327e-10
0.04302477183833116 3.62652574636968e-10
0.04432855280312908 3.397537806648643e-10
0.04563233376792699 3.148450389289792e-10
0.0469361147327249 2.911695329288477e-10
0.04823989569752282 2.707620794240029e-10
0.04954367666232073 2.543436572466362e-10
0.05084745762711865 2.413040878224137e-10
0.05215123859191656 2.304834101352071e-10
0.05345501955671447 2.206521632075464e-10
0.05475880052151239 2.113438313244842e-10
0.0560625814863103 2.028179846291778e-10
0.05736636245110821 1.962050522053005e-10
0.05867014341590613 1.930684501161295e-10
0.05997392438070404 1.94772864503534e-10
0.06127770534550196 2.020201783636821e-10
0.06258148631029987 2.143514254981937e-10
0.06388526727509779 2.303954804716568e-10
0.0651890482398957 2.479532135168938e-10
0.06649282920469361 2.645410557278183e-10
0.06779661016949153 2.780375929489765e-10
0.06910039113428944 2.87247337027452e-10
0.07040417209908735 2.92086799191793e-10
0.07170795306388526 2.936306753298368e-10
0.07301173402868318 2.934381626573668e-10
0.07431551499348109 2.933711051866794e-10
0.07561929595827901 2.946942689874277e-10
0.07692307692307693 2.97936564308543e-10
0.07822685788787484 3.024884787095061e-10
0.07953063885267275 3.071409793165003e-10
0.08083441981747067 3.101201517807795e-10
0.08213820078226858 3.099904777315032e-10
0.08344198174706649 3.061335629439554e-10
0.0847457627118644 2.989770653272217e-10
0.08604954367666232 2.900315543286069e-10
0.08735332464146023 2.81599188411974e-10
0.08865710560625815 2.760474071550334e-10
0.08996088657105607 2.751017191826577e-10
0.09126466753585398 2.795246256681594e-10
0.09256844850065189 2.885180983014379e-10
0.09387222946544981 2.998985504376606e-10
0.09517601043024772 3.106011003950471e-10
0.09647979139504563 3.173821205848526e-10
0.09778357235984354 3.174742690958965e-10
0.09908735332464146 3.094597911257324e-10
0.1003911342894394 2.936422216492929e-10
0.1016949152542373 2.718145708513475e-10
0.1029986962190352 2.469331406018682e-10
0.1043024771838331 2.227988904479616e-10
0.105606258148631 2.026541157107431e-10
0.1069100391134289 1.888313949649501e-10
0.1082138200782269 1.822513251426017e-10
0.1095176010430248 1.821514050703854e-10
0.1108213820078227 1.865179122262361e-10
0.1121251629726206 1.925353210197045e-10
0.1134289439374185 1.973547991696023e-10
0.1147327249022164 1.989999276474919e-10
0.1160365058670143 1.964748364002844e-10
0.1173402868318123 1.906637070447914e-10
0.1186440677966102 1.835087637402921e-10
0.1199478487614081 1.777948899217563e-10
0.121251629726206 1.76214154379295e-10
0.1225554106910039 1.808420080351425e-10
0.1238591916558018 1.920756886875097e-10
0.1251629726205997 2.087192640942703e-10
0.1264667535853977 2.282329880642919e-10
0.1277705345501956 2.470086357675427e-10
0.1290743155149935 2.616438177227565e-10
0.1303780964797914 2.692077671895277e-10
0.1316818774445893 2.682889466143479e-10
0.1329856584093872 2.591407088914366e-10
0.1342894393741851 2.434810131290988e-10
0.1355932203389831 2.242257490792099e-10
0.136897001303781 2.046751657047707e-10
0.1382007822685789 1.879820743511118e-10
0.1395045632333768 1.764559609540584e-10
0.1408083441981747 1.709525854209915e-10
0.1421121251629726 1.709061780985621e-10
0.1434159061277705 1.744431266104129e-10
0.1447196870925684 1.789615122760324e-10
0.1460234680573664 1.819662198698779e-10
0.1473272490221643 1.817352934807559e-10
0.1486310299869622 1.777527014468205e-10
0.1499348109517601 1.71016090178e-10
0.151238591916558 1.636222268786014e-10
0.1525423728813559 1.580930941713632e-10
0.1538461538461539 1.565856333485272e-10
0.1551499348109518 1.606188515523854e-10
0.1564537157757497 1.702780139112292e-10
0.1577574967405476 1.843343255814034e-10
0.1590612777053455 2.004496568730474e-10
0.1603650586701434 2.156446132772771e-10
0.1616688396349413 2.269180399139259e-10
0.1629726205997392 2.319660019622916e-10
0.1642764015645372 2.293958356602843e-10
0.1655801825293351 2.193933923422264e-10
0.166883963494133 2.034348245416595e-10
0.1681877444589309 1.841653496370554e-10
0.1694915254237288 1.646798253318593e-10
0.1707953063885267 1.479327771392036e-10
0.1720990873533246 1.362041590624585e-10
0.1734028683181225 1.305435759491047e-10
0.1747066492829205 1.307012276186015e-10
0.1760104302477184 1.353477330212627e-10
0.1773142112125163 1.424953488537994e-10
0.1786179921773142 1.501634372402805e-10
0.1799217731421121 1.567392882151353e-10
0.18122555410691 1.616515810098917e-10
0.182529335071708 1.652091796700006e-10
0.1838331160365059 1.688531536814253e-10
0.1851368970013038 1.740925181792363e-10
0.1864406779661017 1.829014717458222e-10
0.1877444589308996 1.962578988212726e-10
0.1890482398956975 2.145466027059229e-10
0.1903520208604954 2.36795472119411e-10
0.1916558018252933 2.612179361705103e-10
0.1929595827900913 2.853040026451481e-10
0.1942633637548892 3.063560516380903e-10
0.1955671447196871 3.219857713787633e-10
0.196870925684485 3.307363272142538e-10
0.1981747066492829 3.321058983374314e-10
0.1994784876140808 3.266964476722478e-10
0.2007822685788787 3.160240957811311e-10
0.2020860495436766 3.018978400604055e-10
0.2033898305084746 2.860534031867701e-10
0.2046936114732725 2.698370415998852e-10
0.2059973924380704 2.536715282275281e-10
0.2073011734028683 2.376434604656197e-10
0.2086049543676662 2.213365046799254e-10
0.2099087353324642 2.040752011822633e-10
0.2112125162972621 1.858533327236955e-10
0.21251629726206 1.670878990722713e-10
0.2138200782268579 1.489715018010429e-10
0.2151238591916558 1.33421718118143e-10
0.2164276401564537 1.22098553489991e-10
0.2177314211212516 1.169764285435804e-10
0.2190352020860495 1.189019993574902e-10
0.2203389830508475 1.280777706114122e-10
0.2216427640156454 1.436075702798689e-10
0.2229465449804433 1.63875135683611e-10
0.2242503259452412 1.869977506174791e-10
0.2255541069100391 2.109961094731716e-10
0.226857887874837 2.34497088413832e-10
0.2281616688396349 2.56690002586879e-10
0.2294654498044328 2.777829077871274e-10
0.2307692307692308 2.984468228106607e-10
0.2320730117340287 3.197204723193181e-10
0.2333767926988266 3.423714645123255e-10
0.2346805736636245 3.666438264104954e-10
0.2359843546284224 3.918640967270903e-10
0.2372881355932203 4.165834344149744e-10
0.2385919165580183 4.386855323446071e-10
0.2398956975228162 4.557958455109201e-10
0.2411994784876141 4.657345620273645e-10
0.242503259452412 4.671003583922584e-10
0.2438070404172099 4.596321101502099e-10
0.2451108213820078 4.442011203309448e-10
0.2464146023468057 4.227702632420005e-10
0.2477183833116036 3.979976348489345e-10
0.2490221642764016 3.725793007447464e-10
0.2503259452411995 3.486169131150518e-10
0.2516297262059974 3.271256598935679e-10
0.2529335071707953 3.079132504524296e-10
0.2542372881355932 2.89892110316714e-10
0.2555410691003911 2.714080071797298e-10
0.256844850065189 2.511650887271344e-10
0.258148631029987 2.28759899911779e-10
0.2594524119947849 2.051765424226915e-10
0.2607561929595828 1.827287210431905e-10
0.2620599739243807 1.648521319452811e-10
0.2633637548891786 1.555187090218624e-10
0.2646675358539765 1.582804998179199e-10
0.2659713168187745 1.756474965475263e-10
0.2672750977835723 2.081839145517961e-10
0.2685788787483703 2.545075261650709e-10
0.2698826597131682 3.111744195649635e-10
0.2711864406779661 3.733646725123663e-10
0.272490221642764 4.354301363918012e-10
0.2737940026075619 4.918074836268715e-10
0.2750977835723599 5.378342216033616e-10
0.2764015645371578 5.703206795715232e-10
0.2777053455019557 5.876297226592442e-10
0.2790091264667536 5.895834931379795e-10
0.2803129074315515 5.776299438764454e-10
0.2816166883963494 5.542757364196405e-10
0.2829204693611473 5.225195831570772e-10
0.2842242503259452 4.85977258435355e-10
0.2855280312907432 4.481837123648802e-10
0.2868318122555411 4.127469477310797e-10
0.288135593220339 3.829065953198096e-10
0.2894393741851369 3.610722831837165e-10
0.2907431551499348 3.48693518503751e-10
0.2920469361147327 3.462841124957095e-10
0.2933507170795306 3.529883052522109e-10
0.2946544980443285 3.673370496670714e-10
0.2959582790091265 3.867191011863724e-10
0.2972620599739244 4.084379501279045e-10
0.2985658409387223 4.294005151450619e-10
0.2998696219035202 4.466265135505409e-10
0.3011734028683181 4.575724243949253e-10
0.3024771838331161 4.604419068243715e-10
0.3037809647979139 4.539533193792522e-10
0.3050847457627119 4.380769080825075e-10
0.3063885267275098 4.138529519082113e-10
0.3076923076923077 3.835836093202261e-10
0.3089960886571056 3.506706036660034e-10
0.3102998696219035 3.194515763027539e-10
0.3116036505867014 2.940614418633913e-10
0.3129074315514994 2.778883789744668e-10
0.3142112125162972 2.726243675255091e-10
0.3155149934810952 2.775062402093909e-10
0.3168187744458931 2.898858930677761e-10
0.318122555410691 3.05261149691205e-10
0.3194263363754889 3.18932880105649e-10
0.3207301173402868 3.273834536798859e-10
0.3220338983050847 3.292250916331341e-10
0.3233376792698827 3.26159765862144e-10
0.3246414602346806 3.220397282177601e-10
0.3259452411994785 3.219726707470727e-10
0.3272490221642764 3.306370732758523e-10
0.3285528031290743 3.505054024799392e-10
0.3298565840938723 3.810702864370796e-10
0.3311603650586701 4.187303836999945e-10
0.3324641460234681 4.579843171370612e-10
0.333767926988266 4.930287289539592e-10
0.3350717079530639 5.194529251184576e-10
0.3363754889178618 5.354539034385652e-10
0.3376792698826597 5.419662496564115e-10
0.3389830508474576 5.420177640047541e-10
0.3402868318122556 5.392926105685092e-10
0.3415906127770534 5.369744648930919e-10
0.3428943937418514 5.361140420490074e-10
0.3441981747066493 5.358431476309988e-10
0.3455019556714472 5.337563724339134e-10
0.3468057366362451 5.269182867806421e-10
0.348109517601043 5.130742497527763e-10
0.3494132985658409 4.919344931408887e-10
0.3507170795306389 4.64788207921174e-10
0.3520208604954368 4.348805759946117e-10
0.3533246414602347 4.060396463501093e-10
0.3546284224250326 3.815043836397081e-10
0.3559322033898305 3.631281941807174e-10
0.3572359843546284 3.507882873066137e-10
0.3585397653194263 3.428695105611723e-10
0.3598435462842243 3.367974787948924e-10
0.3611473272490222 3.299218676033888e-10
0.3624511082138201 3.203530773987495e-10
0.363754889178618 3.072828658190474e-10
0.3650586701434159 2.910687246782118e-10
0.3663624511082138 2.735045523394319e-10
0.3676662320730117 2.569335855184818e-10
0.3689700130378096 2.439866086945131e-10
0.3702737940026076 2.36487274207775e-10
0.3715775749674055 2.354165751228265e-10
0.3728813559322034 2.402407162094278e-10
0.3741851368970013 2.490629924523091e-10
0.3754889178617992 2.593751879942374e-10
0.3767926988265971 2.688516076432279e-10
0.378096479791395 2.754101391388986e-10
0.379400260756193 2.780660146584069e-10
0.3807040417209909 2.76460410120194e-10
0.3820078226857888 2.707452040340286e-10
0.3833116036505867 2.613120830829985e-10
0.3846153846153846 2.484652483758509e-10
0.3859191655801825 2.331215220863214e-10
0.3872229465449805 2.168627499798959e-10
0.3885267275097783 2.02307948171665e-10
0.3898305084745763 1.929598703043212e-10
0.3911342894393742 1.92732274584273e-10
0.3924380704041721 2.049391767400266e-10
0.39374185136897 2.313038649504051e-10
0.3950456323337679 2.712252644698765e-10
0.3963494132985658 3.214324362232901e-10
0.3976531942633638 3.762656852757118e-10
0.3989569752281616 4.284239629726017e-10
0.4002607561929596 4.705640321844839e-10
0.4015645371577575 4.968261357873871e-10
0.4028683181225554 5.040230455222172e-10
0.4041720990873533 4.924141094875267e-10
0.4054758800521512 4.656017793536193e-10
0.4067796610169492 4.297207034653638e-10
0.4080834419817471 3.914875090771375e-10
0.409387222946545 3.569269324543711e-10
0.4106910039113429 3.301889872631136e-10
0.4119947848761408 3.124811520649473e-10
0.4132985658409387 3.025242278908991e-10
0.4146023468057367 2.968283396853622e-10
0.4159061277705345 2.910516272436325e-10
0.4172099087353325 2.811679777892095e-10
0.4185136897001304 2.643811836122723e-10
0.4198174706649283 2.400255549872554e-10
0.4211212516297262 2.097149121027542e-10
0.4224250325945241 1.769757673741879e-10
0.423728813559322 1.467339583172134e-10
0.42503259452412 1.241271530005861e-10
0.4263363754889178 1.137800964556845e-10
0.4276401564537158 1.188207310320877e-10
0.4289439374185137 1.403932525789742e-10
0.4302477183833116 1.773037272556621e-10
0.4315514993481095 2.259084030953318e-10
0.4328552803129074 2.810447430334762e-10
0.4341590612777054 3.362878864265895e-10
0.4354628422425033 3.853080077220739e-10
0.4367666232073012 4.225124694556825e-10
0.4380704041720991 4.442817225225326e-10
0.439374185136897 4.492137772871274e-10
0.4406779661016949 4.382809670744336e-10
0.4419817470664928 4.147278076516159e-10
0.4432855280312907 3.831375217089317e-10
0.4445893089960887 3.486948507713805e-10
0.4458930899608866 3.162954342883495e-10
0.4471968709256845 2.900883977474678e-10
0.4485006518904824 2.726885384163324e-10
0.4498044328552803 2.654669817303557e-10
0.4511082138200782 2.682760680272622e-10
0.4524119947848761 2.798856701957675e-10
0.453715775749674 2.981588309580729e-10
0.455019556714472 3.201734433133652e-10
0.4563233376792699 3.424116545858169e-10
0.4576271186440678 3.612914412087775e-10
0.4589308996088657 3.735540765603673e-10
0.4602346805736636 3.765259215526839e-10
0.4615384615384616 3.69168473568493e-10
0.4628422425032594 3.520197466855279e-10
0.4641460234680574 3.276359183956856e-10
0.4654498044328553 3.000504289474293e-10
0.4667535853976532 2.740896398734094e-10
0.4680573663624511 2.544444654972722e-10
0.469361147327249 2.446927105381747e-10
0.4706649282920469 2.463962367471595e-10
0.4719687092568449 2.590614389674784e-10
0.4732724902216427 2.798941078907546e-10
0.4745762711864407 3.045610430518764e-10
0.4758800521512386 3.284021943272819e-10
0.4771838331160365 3.469593501392865e-10
0.4784876140808344 3.574631701752651e-10
0.4797913950456323 3.591260622215486e-10
0.4810951760104302 3.532241166226413e-10
0.4823989569752282 3.427058636873426e-10
0.4837027379400261 3.311619867218951e-10
0.485006518904824 3.219899902262569e-10
0.4863102998696219 3.173397100653119e-10
0.4876140808344198 3.177427210232509e-10
0.4889178617992178 3.218409982963522e-10
0.4902216427640156 3.270019810486247e-10
0.4915254237288136 3.302815798633674e-10
0.4928292046936115 3.291842354258279e-10
0.4941329856584094 3.226163780567504e-10
0.4954367666232073 3.109859036953821e-10
0.4967405475880052 2.961224598863055e-10
0.4980443285528031 2.806437304769815e-10
0.4993481095176011 2.670657028858159e-10
0.500651890482399 2.57415644355774e-10
0.5019556714471969 2.526334696995036e-10
0.5032594524119948 2.52667886613267e-10
0.5045632333767927 2.567179802070996e-10
0.5058670143415906 2.639048979347081e-10
0.5071707953063885 2.736866289154705e-10
0.5084745762711864 2.860718328889789e-10
0.5097783572359843 3.01745517461427e-10
0.5110821382007823 3.217992539106262e-10
0.5123859191655802 3.470121967552586e-10
0.5136897001303781 3.774767165509729e-10
0.5149934810951761 4.121878394158784e-10
0.5162972620599739 4.487650251405739e-10
0.5176010430247718 4.837208411601068e-10
0.5189048239895697 5.129323632502292e-10
0.5202086049543677 5.324789498217797e-10
0.5215123859191656 5.393443469614567e-10
0.5228161668839635 5.321385554424296e-10
0.5241199478487614 5.114293433194916e-10
0.5254237288135594 4.794526997642379e-10
0.5267275097783573 4.399773878560609e-10
0.5280312907431551 3.972904227822482e-10
0.529335071707953 3.559044170486914e-10
0.530638852672751 3.19622994737756e-10
0.5319426336375489 2.913369545609612e-10
0.5332464146023468 2.727180703487875e-10
0.5345501955671447 2.642233098981706e-10
0.5358539765319427 2.653630648552507e-10
0.5371577574967406 2.749316330152851e-10
0.5384615384615384 2.913209673494066e-10
0.5397653194263363 3.123998837395447e-10
0.5410691003911343 3.362643496984674e-10
0.5423728813559322 3.612461441093728e-10
0.5436766623207301 3.857816288643789e-10
0.5449804432855281 4.08626021908276e-10
0.546284224250326 4.28760582593668e-10
0.5475880052151239 4.451625734702702e-10
0.5488917861799217 4.570368528078461e-10
0.5501955671447197 4.6354142746452e-10
0.5514993481095176 4.640288153723304e-10
0.5528031290743155 4.581071078035848e-10
0.5541069100391134 4.457203495178419e-10
0.5554106910039114 4.272486808787335e-10
0.5567144719687093 4.034821365905827e-10
0.5580182529335072 3.756071009775042e-10
0.559322033898305 3.453526353780489e-10
0.560625814863103 3.14789305733143e-10
0.5619295958279009 2.862732273456459e-10
0.5632333767926988 2.626796558047317e-10
0.5645371577574967 2.468127924259989e-10
0.5658409387222947 2.413949040658281e-10
0.5671447196870926 2.487603456557963e-10
0.5684485006518905 2.701614487676807e-10
0.5697522816166884 3.053435282396322e-10
0.5710560625814863 3.523850100606296e-10
0.5723598435462842 4.073152926054036e-10
0.5736636245110821 4.647611184793732e-10
0.5749674054758801 5.179645601316452e-10
0.576271186440678 5.604221531285702e-10
0.5775749674054759 5.865274932403963e-10
0.5788787483702738 5.929476909471987e-10
0.5801825293350718 5.794296153993628e-10
0.5814863102998696 5.487839072060297e-10
0.5827900912646675 5.065534658399429e-10
0.5840938722294654 4.600300140822355e-10
0.5853976531942634 4.166396117000204e-10
0.5867014341590613 3.826954309005259e-10
0.5880052151238592 3.620606037202379e-10
0.5893089960886571 3.555273853095287e-10
0.5906127770534551 3.609319509934039e-10
0.5919165580182529 3.739923926104893e-10
0.5932203389830508 3.889586430716463e-10
0.5945241199478487 4.005036302601184e-10
0.5958279009126467 4.044327095442668e-10
0.5971316818774446 3.986588836824012e-10
0.5984354628422425 3.836091444497924e-10
0.5997392438070405 3.617248722775912e-10
0.6010430247718384 3.37071259792765e-10
0.6023468057366362 3.142126558941527e-10
0.6036505867014341 2.971862755885013e-10
0.6049543676662321 2.88959078886819e-10
0.60625814863103 2.909592566879837e-10
0.6075619295958279 3.03395086831415e-10
0.6088657105606258 3.256219738290156e-10
0.6101694915254238 3.567135475890382e-10
0.6114732724902217 3.95824928389743e-10
0.6127770534550195 4.423692523403133e-10
0.6140808344198174 4.953688570452641e-10
0.6153846153846154 5.526241686482081e-10
0.6166883963494133 6.101921190548865e-10
0.6179921773142112 6.619678138974905e-10
0.6192959582790091 7.002414204038132e-10
0.6205997392438071 7.170788407506734e-10
0.621903520208605 7.063312157384871e-10
0.6232073011734028 6.654237161285437e-10
0.6245110821382008 5.963554094989831e-10
0.6258148631029987 5.0620663216705e-10
0.6271186440677966 4.055225044652389e-10
0.6284224250325945 3.0675684214998e-10
0.6297262059973925 2.222346751068471e-10
0.6310299869621904 1.620539258340159e-10
0.6323337679269883 1.332027821376869e-10
0.6336375488917861 1.389308668109379e-10
0.6349413298565841 1.787876513503761e-10
0.636245110821382 2.488573791481485e-10
0.6375488917861799 3.414335481011221e-10
0.6388526727509778 4.453453161801235e-10
0.6401564537157758 5.461395780059775e-10
0.6414602346805737 6.276323905041181e-10
0.6427640156453716 6.746960767856081e-10
0.6440677966101694 6.765639160022374e-10
0.6453715775749674 6.303737531965226e-10
0.6466753585397653 5.427953642112016e-10
0.6479791395045632 4.297455724611154e-10
0.6492829204693612 3.133624471018948e-10
0.6505867014341591 2.172144686340971e-10
0.651890482398957 1.606275112919775e-10
0.6531942633637549 1.540927385690338e-10
0.6544980443285529 1.967699336802298e-10
0.6558018252933507 2.767106543899445e-10
0.6571056062581486 3.74096975619409e-10
0.6584093872229465 4.660509755893827e-10
0.6597131681877445 5.320273110953622e-10
0.6610169491525424 5.5851234748161e-10
0.6623207301173403 5.419220627800314e-10
0.6636245110821382 4.882185766774683e-10
0.6649282920469362 4.110880524876848e-10
0.666232073011734 3.279361227015443e-10
0.6675358539765319 2.558877554292849e-10
0.6688396349413298 2.081492755934278e-10
0.6701434159061278 1.919826519980461e-10
0.6714471968709257 2.085354111613924e-10
0.6727509778357236 2.534283893851352e-10
0.6740547588005215 3.188018737887433e-10
0.6753585397653195 3.951867721951885e-10
0.6766623207301173 4.729123759261711e-10
0.6779661016949152 5.429903193743257e-10
0.6792698826597132 5.968388006039049e-10
0.6805736636245111 6.269631480648741e-10
0.681877444589309 6.26889207211434e-10
0.6831812255541069 5.929583490882351e-10
0.6844850065189049 5.256228785555095e-10
0.6857887874837028 4.313152057733305e-10
0.6870925684485006 3.223357136761251e-10
0.6883963494132985 2.156435030542525e-10
0.6897001303780965 1.292241869066402e-10
0.6910039113428944 7.83635378809322e-11
0.6923076923076923 7.137201940565774e-11
0.6936114732724902 1.082729461643339e-10
0.6949152542372882 1.818420969357248e-10
0.6962190352020861 2.809907861944794e-10
0.6975228161668839 3.958307015494711e-10
0.6988265971316818 5.210509801401031e-10
0.7001303780964798 6.566274191044386e-10
0.7014341590612777 8.0464079843523e-10
0.7027379400260756 9.629697039770235e-10
0.7040417209908736 1.118609649353175e-09
0.7053455019556715 1.244010894296821e-09
0.7066492829204694 1.299971685853052e-09
0.7079530638852672 1.244659486587807e-09
0.7092568448500652 1.048167330708338e-09
0.7105606258148631 7.066518481479989e-10
0.711864406779661 2.509021879149032e-10
0.7131681877444589 2.547633215499445e-10
0.7144719687092569 7.244587152399617e-10
0.7157757496740548 1.070152855220385e-09
0.7170795306388527 1.223332546373967e-09
0.7183833116036505 1.151946316113595e-09
0.7196870925684485 8.679181817683457e-10
0.7209908735332464 4.241995643639029e-10
0.7222946544980443 9.775091847075146e-11
0.7235984354628422 6.062219615188269e-10
0.7249022164276402 1.018387374429608e-09
0.7262059973924381 1.276496464086563e-09
0.727509778357236 1.3575112145503e-09
0.7288135593220338 1.274285565955324e-09
0.7301173402868318 1.068504174028817e-09
0.7314211212516297 7.975644589208741e-10
0.7327249022164276 5.19395637610387e-10
0.7340286831812256 2.791069597662954e-10
0.7353324641460235 1.016275952281376e-10
0.7366362451108214 8.269607221222941e-12
0.7379400260756193 5.989342355405824e-11
0.7392438070404173 6.729039547792581e-11
0.7405475880052151 4.090994210059762e-11
0.741851368970013 1.690536599596726e-11
0.7431551499348109 1.107065550343123e-10
0.7444589308996089 2.46447973140107e-10
0.7457627118644068 4.235736206226193e-10
0.7470664928292047 6.291420717730034e-10
0.7483702737940026 8.365221848549709e-10
0.7496740547588006 1.009397676554613e-09
0.7509778357235984 1.110364244993889e-09
0.7522816166883963 1.111188474567371e-09
0.7535853976531942 1.001151606061512e-09
0.7548891786179922 7.907572374676874e-10
0.7561929595827901 5.099782818263066e-10
0.757496740547588 2.018945011172946e-10
0.758800521512386 8.609490897981686e-11
0.7601043024771839 3.110296464825524e-10
0.7614080834419817 4.409259624083006e-10
0.7627118644067796 4.58568516492619e-10
0.7640156453715776 3.620930222325569e-10
0.7653194263363755 1.64100288913005e-10
0.7666232073011734 1.107716141035553e-10
0.7679269882659713 4.282674215261295e-10
0.7692307692307693 7.478690999818127e-10
0.7705345501955672 1.026398077641488e-09
0.771838331160365 1.22396159873972e-09
0.7731421121251629 1.309369057622689e-09
0.7744458930899609 1.266917237785492e-09
0.7757496740547588 1.100739499548808e-09
0.7770534550195567 8.357603498154731e-10
0.7783572359843546 5.154350279923392e-10
0.7796610169491526 1.935847038225802e-10
0.7809647979139505 7.460987383467454e-11
0.7822685788787483 2.437843260594263e-10
0.7835723598435462 2.870921278486094e-10
0.7848761408083442 2.008326838165431e-10
0.7861799217731421 5.10747000248557e-12
0.78748370273794 2.612567939763721e-10
0.788787483702738 5.486351373207299e-10
0.7900912646675359 8.067289058999449e-10
0.7913950456323338 9.942753287361938e-10
0.7926988265971316 1.086607470668355e-09
0.7940026075619296 1.078887201799716e-09
0.7953063885267275 9.858875937851508e-10
0.7966101694915254 8.367269099807118e-10
0.7979139504563233 6.676172947805981e-10
0.7992177314211213 5.135480929396863e-10
0.8005215123859192 4.01052746568098e-10
0.8018252933507171 3.44176687150366e-10
0.8031290743155149 3.435112194694057e-10
0.8044328552803129 3.885056720775992e-10
0.8057366362451108 4.620968052648777e-10
0.8070404172099087 5.454032780960461e-10
0.8083441981747066 6.223126458593242e-10
0.8096479791395046 6.819211861852637e-10
0.8109517601043025 7.197922258228573e-10
0.8122555410691004 7.363254450609702e-10
0.8135593220338984 7.355516196128065e-10
0.8148631029986962 7.216618413963261e-10
0.8161668839634941 6.9749650499773e-10
0.817470664928292 6.63204380302318e-10
0.81877444589309 6.168943134099436e-10
0.8200782268578879 5.56590329381379e-10
0.8213820078226858 4.827858113287675e-10
0.8226857887874837 4.007691956076087e-10
0.8239895697522817 3.213400656676413e-10
0.8252933507170795 2.595932357962738e-10
0.8265971316818774 2.312980917906771e-10
0.8279009126466753 2.48811637959534e-10
0.8292046936114733 3.164655204557221e-10
0.8305084745762712 4.282341148353908e-10
0.8318122555410691 5.679954284687483e-10
0.833116036505867 7.125384726691664e-10
0.834419817470665 8.366760617661839e-10
0.8357235984354628 9.191156724597249e-10
0.8370273794002607 9.473719586594598e-10
0.8383311603650587 9.202496542570771e-10
0.8396349413298566 8.477076818280693e-10
0.8409387222946545 7.484761699316778e-10
0.8422425032594524 6.455884715705906e-10
0.8435462842242504 5.616584974887928e-10
0.8448500651890483 5.139333403292312e-10
0.8461538461538461 5.108229395034414e-10
0.847457627118644 5.504525724120413e-10
0.848761408083442 6.213378700437033e-10
0.8500651890482399 7.058142958982216e-10
0.8513689700130378 7.843863336631784e-10
0.8526727509778357 8.415335095435239e-10
0.8539765319426337 8.690141939382556e-10
0.8552803129074316 8.675375973155042e-10
0.8565840938722294 8.457190503463607e-10
0.8578878748370273 8.161666897876785e-10
0.8591916558018253 7.914016109111799e-10
0.8604954367666232 7.798905965472613e-10
0.8617992177314211 7.844460636619033e-10
0.863102998696219 8.019811481574379e-10
0.864406779661017 8.259102290963938e-10
0.8657105606258149 8.486649161199011e-10
0.8670143415906127 8.64120108801103e-10
0.8683181225554107 8.689502450920372e-10
0.8696219035202086 8.626437342229565e-10
0.8709256844850065 8.470071310995309e-10
0.8722294654498044 8.249525507153521e-10
0.8735332464146024 8.001912465971373e-10
0.8748370273794003 7.767584353501888e-10
0.8761408083441982 7.589728845402988e-10
0.877444589308996 7.50533857285518e-10
0.878748370273794 7.539355806329695e-10
0.8800521512385919 7.690659220571661e-10
0.8813559322033898 7.927101197680031e-10
0.8826597131681877 8.189635636313142e-10
0.8839634941329857 8.4099727182263e-10
0.8852672750977836 8.53774384523831e-10
0.8865710560625815 8.565850251329721e-10
0.8878748370273793 8.542528906474445e-10
0.8891786179921773 8.562415221291531e-10
0.8904823989569752 8.733231915414308e-10
0.8917861799217731 9.13535469493354e-10
0.8930899608865711 9.780338761089524e-10
0.894393741851369 1.059378584855608e-09
0.8956975228161669 1.142821615118805e-09
0.8970013037809648 1.210392452932751e-09
0.8983050847457628 1.246655889630688e-09
0.8996088657105606 1.244200742434032e-09
0.9009126466753585 1.206138078302388e-09
0.9022164276401564 1.145604944241541e-09
0.9035202086049544 1.081652101220243e-09
0.9048239895697523 1.033562124774789e-09
0.9061277705345502 1.015079797994645e-09
0.9074315514993481 1.030399987556052e-09
0.9087353324641461 1.073995781197823e-09
0.9100391134289439 1.132773652656738e-09
0.9113428943937418 1.191106546727383e-09
0.9126466753585397 1.235868740678825e-09
0.9139504563233377 1.26018551149798e-09
0.9152542372881356 1.265102245184835e-09
0.9165580182529335 1.257551618394359e-09
0.9178617992177314 1.247232317425073e-09
0.9191655801825294 1.241639679960826e-09
0.9204693611473272 1.243251057658767e-09
0.9217731421121251 1.248466885428456e-09
0.9230769230769231 1.24949273150321e-09
0.924380704041721 1.238320557206407e-09
0.9256844850065189 1.210844535748379e-09
0.9269882659713168 1.169236041320687e-09
0.9282920469361148 1.122529846853126e-09
0.9295958279009127 1.08351172478649e-09
0.9308996088657105 1.064339727463448e-09
0.9322033898305084 1.072329114393256e-09
0.9335071707953064 1.107291147661726e-09
0.9348109517601043 1.16157039542486e-09
0.9361147327249022 1.222626888619516e-09
0.9374185136897001 1.277054240134134e-09
0.9387222946544981 1.314332420676578e-09
0.940026075619296 1.329186760656853e-09
0.9413298565840938 1.322015830140799e-09
0.9426336375488917 1.29754873512411e-09
0.9439374185136897 1.26339783079743e-09
0.9452411994784876 1.227742130183174e-09
0.9465449804432855 1.198105614719225e-09
0.9478487614080835 1.179968567299738e-09
0.9491525423728814 1.176378328082706e-09
0.9504563233376793 1.187547615799645e-09
0.9517601043024772 1.210713751476078e-09
0.9530638852672751 1.240912039790487e-09
0.954367666232073 1.271620364562409e-09
0.9556714471968709 1.296077689616482e-09
0.9569752281616688 1.309078623279447e-09
0.9582790091264668 1.307731922750577e-09
0.9595827900912647 1.29307764495934e-09
0.9608865710560626 1.269841565232355e-09
0.9621903520208605 1.246000413956949e-09
0.9634941329856584 1.230349822023413e-09
0.9647979139504563 1.229844892591814e-09
0.9661016949152542 1.247173919693978e-09
0.9674054758800521 1.279316430569111e-09
0.9687092568448501 1.31847266438001e-09
0.970013037809648 1.354492740190949e-09
0.9713168187744459 1.378099412363554e-09
0.9726205997392438 1.383912984209701e-09
0.9739243807040417 1.371362357005523e-09
0.9752281616688396 1.344336197917073e-09
0.9765319426336375 1.308749997264158e-09
0.9778357235984355 1.270478611203885e-09
0.9791395045632334 1.233389612664837e-09
0.9804432855280313 1.199279786590068e-09
0.9817470664928292 1.169129237865718e-09
0.9830508474576272 1.145338490715631e-09
0.984354628422425 1.134893734544562e-09
0.9856584093872229 1.149686124080063e-09
0.9869621903520208 1.204557342759927e-09
0.9882659713168188 1.311684538762847e-09
0.9895697522816167 1.471854416124074e-09
0.9908735332464146 1.66570490733875e-09
0.9921773142112125 1.848857511532742e-09
0.9934810951760105 1.955153150490219e-09
0.9947848761408083 1.912447311624987e-09
0.9960886571056062 1.673494454124125e-09
0.9973924380704041 1.264420568247715e-09
0.9986962190352021 8.527987205297904e-10
1 8.376934701459504e-10
