time quantity 
0 9.7429e-06
0.0013038 5.3097e-06
0.0026076 5.9414e-06
0.0039113 6.6179e-06
0.0052151 7.0121e-06
0.0065189 6.8911e-06
0.0078227 6.9617e-06
0.0091265 7.1207e-06
0.01043 6.6625e-06
0.011734 5.7484e-06
0.013038 5.5229e-06
0.014342 6.3075e-06
0.015645 7.0315e-06
0.016949 7.1085e-06
0.018253 6.8241e-06
0.019557 6.6773e-06
0.02086 6.6783e-06
0.022164 6.5414e-06
0.023468 6.3295e-06
0.024772 6.4079e-06
0.026076 6.7716e-06
0.027379 6.9612e-06
0.028683 6.7431e-06
0.029987 6.4738e-06
0.031291 6.6816e-06
0.032595 7.221e-06
0.033898 7.4672e-06
0.035202 7.1722e-06
0.036506 6.7242e-06
0.03781 6.6689e-06
0.039113 6.9233e-06
0.040417 6.9787e-06
0.041721 6.7139e-06
0.043025 6.529e-06
0.044329 6.736e-06
0.045632 7.0693e-06
0.046936 7.1466e-06
0.04824 6.9762e-06
0.049544 6.832e-06
0.050847 6.8051e-06
0.052151 6.711e-06
0.053455 6.4888e-06
0.054759 6.4074e-06
0.056063 6.6844e-06
0.057366 7.0717e-06
0.05867 7.1696e-06
0.059974 6.9192e-06
0.061278 6.6418e-06
0.062581 6.6242e-06
0.063885 6.7506e-06
0.065189 6.7821e-06
0.066493 6.7642e-06
0.067797 6.8999e-06
0.0691 7.1384e-06
0.070404 7.1995e-06
0.071708 6.9954e-06
0.073012 6.7944e-06
0.074316 6.8747e-06
0.075619 7.1055e-06
0.076923 7.1718e-06
0.078227 7.0575e-06
0.079531 7.0579e-06
0.080834 7.3072e-06
0.082138 7.5183e-06
0.083442 7.3873e-06
0.084746 7.0172e-06
0.08605 6.8404e-06
0.087353 7.0576e-06
0.088657 7.3629e-06
0.089961 7.4453e-06
0.091265 7.3744e-06
0.092568 7.3949e-06
0.093872 7.5009e-06
0.095176 7.451e-06
0.09648 7.1862e-06
0.097784 6.9921e-06
0.099087 7.129e-06
0.10039 7.4211e-06
0.10169 7.5223e-06
0.103 7.3937e-06
0.1043 7.3094e-06
0.10561 7.4272e-06
0.10691 7.5338e-06
0.10821 7.3898e-06
0.10952 7.1157e-06
0.11082 7.0783e-06
0.11213 7.3665e-06
0.11343 7.6501e-06
0.11473 7.6612e-06
0.11604 7.489e-06
0.11734 7.3873e-06
0.11864 7.4172e-06
0.11995 7.449e-06
0.12125 7.4643e-06
0.12256 7.5866e-06
0.12386 7.7894e-06
0.12516 7.834e-06
0.12647 7.6161e-06
0.12777 7.4146e-06
0.12907 7.593e-06
0.13038 8.0124e-06
0.13168 8.164e-06
0.13299 7.8373e-06
0.13429 7.4154e-06
0.13559 7.4762e-06
0.1369 7.9603e-06
0.1382 8.2637e-06
0.1395 8.0829e-06
0.14081 7.7133e-06
0.14211 7.6496e-06
0.14342 7.9121e-06
0.14472 8.0938e-06
0.14602 7.9938e-06
0.14733 7.8037e-06
0.14863 7.7622e-06
0.14993 7.8422e-06
0.15124 7.9227e-06
0.15254 8.0336e-06
0.15385 8.2019e-06
0.15515 8.2459e-06
0.15645 7.9917e-06
0.15776 7.6324e-06
0.15906 7.63e-06
0.16037 8.0522e-06
0.16167 8.3986e-06
0.16297 8.2947e-06
0.16428 7.9382e-06
0.16558 7.85e-06
0.16688 8.1616e-06
0.16819 8.4589e-06
0.16949 8.4205e-06
0.1708 8.1621e-06
0.1721 7.9976e-06
0.1734 8.0366e-06
0.17471 8.1625e-06
0.17601 8.3071e-06
0.17731 8.4835e-06
0.17862 8.6135e-06
0.17992 8.5584e-06
0.18123 8.3477e-06
0.18253 8.2227e-06
0.18383 8.3365e-06
0.18514 8.5193e-06
0.18644 8.527e-06
0.18774 8.3812e-06
0.18905 8.3257e-06
0.19035 8.4721e-06
0.19166 8.6498e-06
0.19296 8.6783e-06
0.19426 8.5874e-06
0.19557 8.5041e-06
0.19687 8.4489e-06
0.19817 8.3785e-06
0.19948 8.3603e-06
0.20078 8.5144e-06
0.20209 8.7702e-06
0.20339 8.8843e-06
0.20469 8.7412e-06
0.206 8.5135e-06
0.2073 8.4638e-06
0.2086 8.6105e-06
0.20991 8.7422e-06
0.21121 8.7332e-06
0.21252 8.6721e-06
0.21382 8.7007e-06
0.21512 8.8328e-06
0.21643 8.9774e-06
0.21773 9.0503e-06
0.21904 9.0086e-06
0.22034 8.8627e-06
0.22164 8.7205e-06
0.22295 8.7501e-06
0.22425 8.995e-06
0.22555 9.2816e-06
0.22686 9.3981e-06
0.22816 9.3047e-06
0.22947 9.136e-06
0.23077 9.0411e-06
0.23207 9.0625e-06
0.23338 9.1639e-06
0.23468 9.2933e-06
0.23598 9.3908e-06
0.23729 9.4151e-06
0.23859 9.4006e-06
0.2399 9.4262e-06
0.2412 9.4868e-06
0.2425 9.4725e-06
0.24381 9.3396e-06
0.24511 9.239e-06
0.24641 9.3656e-06
0.24772 9.6706e-06
0.24902 9.8806e-06
0.25033 9.8121e-06
0.25163 9.5575e-06
0.25293 9.377e-06
0.25424 9.4297e-06
0.25554 9.6498e-06
0.25684 9.8811e-06
0.25815 1.0021e-05
0.25945 1.0035e-05
0.26076 9.9393e-06
0.26206 9.8197e-06
0.26336 9.7967e-06
0.26467 9.9155e-06
0.26597 1.0085e-05
0.26728 1.0179e-05
0.26858 1.0182e-05
0.26988 1.0195e-05
0.27119 1.0277e-05
0.27249 1.0344e-05
0.27379 1.0262e-05
0.2751 1.0044e-05
0.2764 9.893e-06
0.27771 9.9913e-06
0.27901 1.0265e-05
0.28031 1.0459e-05
0.28162 1.0406e-05
0.28292 1.0165e-05
0.28422 9.9385e-06
0.28553 9.8942e-06
0.28683 1.0038e-05
0.28814 1.0226e-05
0.28944 1.0275e-05
0.29074 1.0113e-05
0.29205 9.8802e-06
0.29335 9.8549e-06
0.29465 1.0145e-05
0.29596 1.0514e-05
0.29726 1.0638e-05
0.29857 1.0445e-05
0.29987 1.0157e-05
0.30117 1.0038e-05
0.30248 1.0128e-05
0.30378 1.029e-05
0.30508 1.0429e-05
0.30639 1.0533e-05
0.30769 1.0568e-05
0.309 1.0498e-05
0.3103 1.0398e-05
0.3116 1.0432e-05
0.31291 1.0619e-05
0.31421 1.0765e-05
0.31551 1.0717e-05
0.31682 1.0602e-05
0.31812 1.0682e-05
0.31943 1.0976e-05
0.32073 1.1194e-05
0.32203 1.1118e-05
0.32334 1.0881e-05
0.32464 1.0815e-05
0.32595 1.1046e-05
0.32725 1.1356e-05
0.32855 1.1487e-05
0.32986 1.1417e-05
0.33116 1.1323e-05
0.33246 1.138e-05
0.33377 1.1593e-05
0.33507 1.1808e-05
0.33638 1.1864e-05
0.33768 1.1755e-05
0.33898 1.1655e-05
0.34029 1.1746e-05
0.34159 1.1969e-05
0.34289 1.2062e-05
0.3442 1.188e-05
0.3455 1.1617e-05
0.34681 1.1636e-05
0.34811 1.2022e-05
0.34941 1.2451e-05
0.35072 1.2581e-05
0.35202 1.2391e-05
0.35332 1.2138e-05
0.35463 1.2064e-05
0.35593 1.2179e-05
0.35724 1.236e-05
0.35854 1.2519e-05
0.35984 1.2593e-05
0.36115 1.2497e-05
0.36245 1.2252e-05
0.36375 1.212e-05
0.36506 1.2394e-05
0.36636 1.2966e-05
0.36767 1.3345e-05
0.36897 1.3197e-05
0.37027 1.2726e-05
0.37158 1.2505e-05
0.37288 1.2814e-05
0.37419 1.3272e-05
0.37549 1.337e-05
0.37679 1.3085e-05
0.3781 1.2874e-05
0.3794 1.3119e-05
0.3807 1.362e-05
0.38201 1.3882e-05
0.38331 1.3724e-05
0.38462 1.3473e-05
0.38592 1.3573e-05
0.38722 1.3996e-05
0.38853 1.4266e-05
0.38983 1.4081e-05
0.39113 1.3697e-05
0.39244 1.3667e-05
0.39374 1.4133e-05
0.39505 1.4627e-05
0.39635 1.4718e-05
0.39765 1.4508e-05
0.39896 1.4436e-05
0.40026 1.4673e-05
0.40156 1.4923e-05
0.40287 1.4894e-05
0.40417 1.4687e-05
0.40548 1.4634e-05
0.40678 1.486e-05
0.40808 1.5168e-05
0.40939 1.533e-05
0.41069 1.5317e-05
0.41199 1.5248e-05
0.4133 1.5244e-05
0.4146 1.5349e-05
0.41591 1.5514e-05
0.41721 1.5627e-05
0.41851 1.5618e-05
0.41982 1.5579e-05
0.42112 1.5695e-05
0.42243 1.6002e-05
0.42373 1.627e-05
0.42503 1.6254e-05
0.42634 1.6014e-05
0.42764 1.5905e-05
0.42894 1.6171e-05
0.43025 1.6597e-05
0.43155 1.6762e-05
0.43286 1.6559e-05
0.43416 1.6346e-05
0.43546 1.6531e-05
0.43677 1.7012e-05
0.43807 1.7273e-05
0.43937 1.7015e-05
0.44068 1.6548e-05
0.44198 1.6514e-05
0.44329 1.7115e-05
0.44459 1.7794e-05
0.44589 1.7898e-05
0.4472 1.7368e-05
0.4485 1.6826e-05
0.4498 1.6961e-05
0.45111 1.7683e-05
0.45241 1.8232e-05
0.45372 1.8076e-05
0.45502 1.7459e-05
0.45632 1.7184e-05
0.45763 1.77e-05
0.45893 1.8485e-05
0.46023 1.8707e-05
0.46154 1.8154e-05
0.46284 1.7461e-05
0.46415 1.7479e-05
0.46545 1.824e-05
0.46675 1.8936e-05
0.46806 1.8938e-05
0.46936 1.8381e-05
0.47066 1.7937e-05
0.47197 1.8077e-05
0.47327 1.8584e-05
0.47458 1.8941e-05
0.47588 1.8919e-05
0.47718 1.8676e-05
0.47849 1.8499e-05
0.47979 1.8547e-05
0.4811 1.8784e-05
0.4824 1.9048e-05
0.4837 1.9145e-05
0.48501 1.8982e-05
0.48631 1.871e-05
0.48761 1.8656e-05
0.48892 1.897e-05
0.49022 1.9375e-05
0.49153 1.9444e-05
0.49283 1.9097e-05
0.49413 1.8751e-05
0.49544 1.887e-05
0.49674 1.9358e-05
0.49804 1.9662e-05
0.49935 1.9452e-05
0.50065 1.9001e-05
0.50196 1.8866e-05
0.50326 1.9211e-05
0.50456 1.963e-05
0.50587 1.9699e-05
0.50717 1.9439e-05
0.50847 1.9198e-05
0.50978 1.9207e-05
0.51108 1.9363e-05
0.51239 1.9461e-05
0.51369 1.9468e-05
0.51499 1.9479e-05
0.5163 1.9525e-05
0.5176 1.9538e-05
0.5189 1.9492e-05
0.52021 1.9453e-05
0.52151 1.9464e-05
0.52282 1.9469e-05
0.52412 1.9423e-05
0.52542 1.9411e-05
0.52673 1.9536e-05
0.52803 1.9719e-05
0.52934 1.9739e-05
0.53064 1.9517e-05
0.53194 1.9274e-05
0.53325 1.9298e-05
0.53455 1.9555e-05
0.53585 1.9711e-05
0.53716 1.9578e-05
0.53846 1.9361e-05
0.53977 1.9394e-05
0.54107 1.9658e-05
0.54237 1.9779e-05
0.54368 1.9535e-05
0.54498 1.917e-05
0.54628 1.9114e-05
0.54759 1.9427e-05
0.54889 1.9725e-05
0.5502 1.9686e-05
0.5515 1.941e-05
0.5528 1.9237e-05
0.55411 1.93e-05
0.55541 1.9394e-05
0.55671 1.9305e-05
0.55802 1.9118e-05
0.55932 1.9096e-05
0.56063 1.931e-05
0.56193 1.9499e-05
0.56323 1.9376e-05
0.56454 1.8978e-05
0.56584 1.866e-05
0.56714 1.8722e-05
0.56845 1.9052e-05
0.56975 1.9267e-05
0.57106 1.9145e-05
0.57236 1.8821e-05
0.57366 1.8598e-05
0.57497 1.8614e-05
0.57627 1.8736e-05
0.57757 1.8776e-05
0.57888 1.8699e-05
0.58018 1.8604e-05
0.58149 1.8573e-05
0.58279 1.8592e-05
0.58409 1.8595e-05
0.5854 1.8536e-05
0.5867 1.8413e-05
0.58801 1.8279e-05
0.58931 1.8231e-05
0.59061 1.8329e-05
0.59192 1.8499e-05
0.59322 1.8549e-05
0.59452 1.8351e-05
0.59583 1.8016e-05
0.59713 1.7843e-05
0.59844 1.8006e-05
0.59974 1.8319e-05
0.60104 1.8428e-05
0.60235 1.8202e-05
0.60365 1.7871e-05
0.60495 1.7759e-05
0.60626 1.7903e-05
0.60756 1.8049e-05
0.60887 1.8005e-05
0.61017 1.786e-05
0.61147 1.7803e-05
0.61278 1.7846e-05
0.61408 1.7841e-05
0.61538 1.7723e-05
0.61669 1.7614e-05
0.61799 1.7627e-05
0.6193 1.7699e-05
0.6206 1.7686e-05
0.6219 1.7564e-05
0.62321 1.7447e-05
0.62451 1.7427e-05
0.62581 1.746e-05
0.62712 1.7451e-05
0.62842 1.7369e-05
0.62973 1.7266e-05
0.63103 1.7199e-05
0.63233 1.717e-05
0.63364 1.7156e-05
0.63494 1.7145e-05
0.63625 1.7131e-05
0.63755 1.7089e-05
0.63885 1.6979e-05
0.64016 1.682e-05
0.64146 1.6717e-05
0.64276 1.6767e-05
0.64407 1.6922e-05
0.64537 1.6986e-05
0.64668 1.6819e-05
0.64798 1.6514e-05
0.64928 1.6343e-05
0.65059 1.6467e-05
0.65189 1.6718e-05
0.65319 1.6775e-05
0.6545 1.6523e-05
0.6558 1.6201e-05
0.65711 1.6155e-05
0.65841 1.6422e-05
0.65971 1.6657e-05
0.66102 1.6544e-05
0.66232 1.6156e-05
0.66362 1.5904e-05
0.66493 1.6052e-05
0.66623 1.6378e-05
0.66754 1.6465e-05
0.66884 1.6218e-05
0.67014 1.5942e-05
0.67145 1.5922e-05
0.67275 1.6056e-05
0.67405 1.6066e-05
0.67536 1.5924e-05
0.67666 1.5872e-05
0.67797 1.6008e-05
0.67927 1.6095e-05
0.68057 1.5902e-05
0.68188 1.558e-05
0.68318 1.5522e-05
0.68449 1.5819e-05
0.68579 1.6079e-05
0.68709 1.5938e-05
0.6884 1.5535e-05
0.6897 1.5358e-05
0.691 1.5606e-05
0.69231 1.5921e-05
0.69361 1.5905e-05
0.69492 1.5622e-05
0.69622 1.5463e-05
0.69752 1.5603e-05
0.69883 1.5808e-05
0.70013 1.583e-05
0.70143 1.574e-05
0.70274 1.5758e-05
0.70404 1.5921e-05
0.70535 1.6065e-05
0.70665 1.6098e-05
0.70795 1.6099e-05
0.70926 1.6166e-05
0.71056 1.6289e-05
0.71186 1.6423e-05
0.71317 1.657e-05
0.71447 1.6737e-05
0.71578 1.6865e-05
0.71708 1.6884e-05
0.71838 1.6816e-05
0.71969 1.6788e-05
0.72099 1.6912e-05
0.72229 1.7154e-05
0.7236 1.7335e-05
0.7249 1.7302e-05
0.72621 1.7117e-05
0.72751 1.7038e-05
0.72881 1.7211e-05
0.73012 1.7442e-05
0.73142 1.7442e-05
0.73272 1.7238e-05
0.73403 1.716e-05
0.73533 1.7365e-05
0.73664 1.758e-05
0.73794 1.7508e-05
0.73924 1.7267e-05
0.74055 1.7223e-05
0.74185 1.7449e-05
0.74316 1.7621e-05
0.74446 1.7509e-05
0.74576 1.7287e-05
0.74707 1.7272e-05
0.74837 1.7469e-05
0.74967 1.7582e-05
0.75098 1.7437e-05
0.75228 1.7209e-05
0.75359 1.7184e-05
0.75489 1.7357e-05
0.75619 1.7427e-05
0.7575 1.7223e-05
0.7588 1.6971e-05
0.7601 1.7002e-05
0.76141 1.7248e-05
0.76271 1.7298e-05
0.76402 1.6997e-05
0.76532 1.6692e-05
0.76662 1.6767e-05
0.76793 1.7069e-05
0.76923 1.7138e-05
0.77053 1.6866e-05
0.77184 1.6604e-05
0.77314 1.6645e-05
0.77445 1.6841e-05
0.77575 1.6894e-05
0.77705 1.6778e-05
0.77836 1.6675e-05
0.77966 1.6652e-05
0.78096 1.6618e-05
0.78227 1.6563e-05
0.78357 1.6603e-05
0.78488 1.6734e-05
0.78618 1.6764e-05
0.78748 1.6581e-05
0.78879 1.637e-05
0.79009 1.6399e-05
0.7914 1.6634e-05
0.7927 1.6772e-05
0.794 1.6653e-05
0.79531 1.6451e-05
0.79661 1.6417e-05
0.79791 1.6546e-05
0.79922 1.6633e-05
0.80052 1.6594e-05
0.80183 1.6542e-05
0.80313 1.6572e-05
0.80443 1.6608e-05
0.80574 1.6538e-05
0.80704 1.642e-05
0.80834 1.642e-05
0.80965 1.6562e-05
0.81095 1.6661e-05
0.81226 1.6565e-05
0.81356 1.6364e-05
0.81486 1.6281e-05
0.81617 1.6378e-05
0.81747 1.6483e-05
0.81877 1.6433e-05
0.82008 1.6283e-05
0.82138 1.6215e-05
0.82269 1.6291e-05
0.82399 1.6378e-05
0.82529 1.6325e-05
0.8266 1.6164e-05
0.8279 1.6074e-05
0.8292 1.6164e-05
0.83051 1.6318e-05
0.83181 1.6335e-05
0.83312 1.6194e-05
0.83442 1.6088e-05
0.83572 1.6168e-05
0.83703 1.6324e-05
0.83833 1.6339e-05
0.83963 1.621e-05
0.84094 1.6158e-05
0.84224 1.6312e-05
0.84355 1.651e-05
0.84485 1.6526e-05
0.84615 1.6378e-05
0.84746 1.6299e-05
0.84876 1.6417e-05
0.85007 1.6603e-05
0.85137 1.6668e-05
0.85267 1.6609e-05
0.85398 1.6569e-05
0.85528 1.6628e-05
0.85658 1.6715e-05
0.85789 1.6743e-05
0.85919 1.6726e-05
0.8605 1.6732e-05
0.8618 1.6779e-05
0.8631 1.6822e-05
0.86441 1.6828e-05
0.86571 1.6824e-05
0.86701 1.686e-05
0.86832 1.6947e-05
0.86962 1.7043e-05
0.87093 1.7093e-05
0.87223 1.7074e-05
0.87353 1.7031e-05
0.87484 1.7063e-05
0.87614 1.723e-05
0.87744 1.7455e-05
0.87875 1.7561e-05
0.88005 1.7473e-05
0.88136 1.7339e-05
0.88266 1.7399e-05
0.88396 1.7684e-05
0.88527 1.7945e-05
0.88657 1.7942e-05
0.88787 1.7732e-05
0.88918 1.7619e-05
0.89048 1.7793e-05
0.89179 1.8088e-05
0.89309 1.8197e-05
0.89439 1.8054e-05
0.8957 1.7899e-05
0.897 1.796e-05
0.89831 1.8159e-05
0.89961 1.8245e-05
0.90091 1.8149e-05
0.90222 1.8067e-05
0.90352 1.8163e-05
0.90482 1.8327e-05
0.90613 1.8336e-05
0.90743 1.8188e-05
0.90874 1.8126e-05
0.91004 1.8317e-05
0.91134 1.8597e-05
0.91265 1.8673e-05
0.91395 1.8482e-05
0.91525 1.8288e-05
0.91656 1.8382e-05
0.91786 1.8736e-05
0.91917 1.9032e-05
0.92047 1.9026e-05
0.92177 1.8795e-05
0.92308 1.8657e-05
0.92438 1.883e-05
0.92568 1.9192e-05
0.92699 1.9426e-05
0.92829 1.937e-05
0.9296 1.917e-05
0.9309 1.9104e-05
0.9322 1.9271e-05
0.93351 1.951e-05
0.93481 1.9627e-05
0.93611 1.9592e-05
0.93742 1.9498e-05
0.93872 1.9421e-05
0.94003 1.94e-05
0.94133 1.9479e-05
0.94263 1.9663e-05
0.94394 1.9823e-05
0.94524 1.9789e-05
0.94654 1.9595e-05
0.94785 1.9499e-05
0.94915 1.9677e-05
0.95046 1.9973e-05
0.95176 2.0113e-05
0.95306 2.0063e-05
0.95437 2.0048e-05
0.95567 2.0209e-05
0.95698 2.0431e-05
0.95828 2.0544e-05
0.95958 2.0581e-05
0.96089 2.0686e-05
0.96219 2.086e-05
0.96349 2.0951e-05
0.9648 2.0889e-05
0.9661 2.0791e-05
0.96741 2.0786e-05
0.96871 2.0848e-05
0.97001 2.0869e-05
0.97132 2.078e-05
0.97262 2.0555e-05
0.97392 2.0208e-05
0.97523 1.9888e-05
0.97653 1.9821e-05
0.97784 1.9973e-05
0.97914 1.9942e-05
0.98044 1.9451e-05
0.98175 1.8822e-05
0.98305 1.8657e-05
0.98435 1.8961e-05
0.98566 1.9141e-05
0.98696 1.8985e-05
0.98827 1.8938e-05
0.98957 1.9182e-05
0.99087 1.9218e-05
0.99218 1.8943e-05
0.99348 1.9209e-05
0.99478 2.0267e-05
0.99609 2.1013e-05
0.99739 2.0966e-05
0.9987 1.9837e-05
1 2.0116e-05
