time energy 
0 0.70712
0.0005005 0.70725
0.001001 0.70739
0.0015015 0.70752
0.002002 0.70766
0.0025025 0.70779
0.003003 0.70793
0.0035035 0.70806
0.004004 0.7082
0.0045045 0.70833
0.005005 0.70847
0.0055055 0.7086
0.006006 0.70874
0.0065065 0.70887
0.007007 0.709
0.0075075 0.70913
0.008008 0.70926
0.0085085 0.70938
0.009009 0.7095
0.0095095 0.70961
0.01001 0.70972
0.010511 0.70983
0.011011 0.70993
0.011512 0.71003
0.012012 0.71012
0.012513 0.71022
0.013013 0.71031
0.013514 0.71039
0.014014 0.71048
0.014515 0.71057
0.015015 0.71065
0.015516 0.71074
0.016016 0.71083
0.016517 0.71092
0.017017 0.71101
0.017518 0.71109
0.018018 0.71118
0.018519 0.71127
0.019019 0.71136
0.01952 0.71145
0.02002 0.71153
0.020521 0.71161
0.021021 0.71169
0.021522 0.71177
0.022022 0.71184
0.022523 0.7119
0.023023 0.71196
0.023524 0.71202
0.024024 0.71207
0.024525 0.71212
0.025025 0.71217
0.025526 0.71221
0.026026 0.71225
0.026527 0.71229
0.027027 0.71233
0.027528 0.71237
0.028028 0.71241
0.028529 0.71245
0.029029 0.71249
0.02953 0.71254
0.03003 0.71258
0.030531 0.71262
0.031031 0.71267
0.031532 0.71271
0.032032 0.71275
0.032533 0.71279
0.033033 0.71283
0.033534 0.71286
0.034034 0.71289
0.034535 0.71291
0.035035 0.71293
0.035536 0.71295
0.036036 0.71296
0.036537 0.71296
0.037037 0.71296
0.037538 0.71296
0.038038 0.71296
0.038539 0.71295
0.039039 0.71295
0.03954 0.71294
0.04004 0.71293
0.040541 0.71293
0.041041 0.71293
0.041542 0.71292
0.042042 0.71292
0.042543 0.71292
0.043043 0.71292
0.043544 0.71292
0.044044 0.71292
0.044545 0.71292
0.045045 0.71291
0.045546 0.7129
0.046046 0.71289
0.046547 0.71287
0.047047 0.71284
0.047548 0.71282
0.048048 0.71278
0.048549 0.71274
0.049049 0.7127
0.04955 0.71265
0.05005 0.71261
0.050551 0.71256
0.051051 0.71251
0.051552 0.71245
0.052052 0.7124
0.052553 0.71236
0.053053 0.71231
0.053554 0.71226
0.054054 0.71222
0.054555 0.71217
0.055055 0.71213
0.055556 0.71209
0.056056 0.71204
0.056557 0.712
0.057057 0.71195
0.057558 0.71189
0.058058 0.71183
0.058559 0.71177
0.059059 0.7117
0.05956 0.71163
0.06006 0.71155
0.060561 0.71147
0.061061 0.71138
0.061562 0.71129
0.062062 0.7112
0.062563 0.71111
0.063063 0.71101
0.063564 0.71092
0.064064 0.71082
0.064565 0.71073
0.065065 0.71064
0.065566 0.71055
0.066066 0.71047
0.066567 0.71038
0.067067 0.7103
0.067568 0.71021
0.068068 0.71012
0.068569 0.71003
0.069069 0.70994
0.06957 0.70984
0.07007 0.70974
0.070571 0.70963
0.071071 0.70952
0.071572 0.7094
0.072072 0.70928
0.072573 0.70915
0.073073 0.70902
0.073574 0.70889
0.074074 0.70875
0.074575 0.70861
0.075075 0.70848
0.075576 0.70834
0.076076 0.70821
0.076577 0.70807
0.077077 0.70794
0.077578 0.70781
0.078078 0.70769
0.078579 0.70756
0.079079 0.70743
0.07958 0.70731
0.08008 0.70718
0.080581 0.70704
0.081081 0.70691
0.081582 0.70677
0.082082 0.70662
0.082583 0.70647
0.083083 0.70631
0.083584 0.70614
0.084084 0.70598
0.084585 0.7058
0.085085 0.70563
0.085586 0.70545
0.086086 0.70527
0.086587 0.70509
0.087087 0.70492
0.087588 0.70474
0.088088 0.70457
0.088589 0.7044
0.089089 0.70423
0.08959 0.70406
0.09009 0.70389
0.090591 0.70373
0.091091 0.70356
0.091592 0.70339
0.092092 0.70322
0.092593 0.70304
0.093093 0.70286
0.093594 0.70268
0.094094 0.70248
0.094595 0.70228
0.095095 0.70208
0.095596 0.70187
0.096096 0.70166
0.096597 0.70144
0.097097 0.70122
0.097598 0.701
0.098098 0.70079
0.098599 0.70057
0.099099 0.70036
0.0996 0.70015
0.1001 0.69994
0.1006 0.69973
0.1011 0.69952
0.1016 0.69932
0.1021 0.69912
0.1026 0.69891
0.1031 0.6987
0.1036 0.69849
0.1041 0.69827
0.1046 0.69805
0.10511 0.69782
0.10561 0.69759
0.10611 0.69735
0.10661 0.69711
0.10711 0.69686
0.10761 0.6966
0.10811 0.69635
0.10861 0.69609
0.10911 0.69584
0.10961 0.69558
0.11011 0.69533
0.11061 0.69508
0.11111 0.69483
0.11161 0.69459
0.11211 0.69434
0.11261 0.6941
0.11311 0.69386
0.11361 0.69362
0.11411 0.69338
0.11461 0.69313
0.11512 0.69288
0.11562 0.69262
0.11612 0.69236
0.11662 0.69209
0.11712 0.69182
0.11762 0.69154
0.11812 0.69125
0.11862 0.69096
0.11912 0.69067
0.11962 0.69038
0.12012 0.69008
0.12062 0.68979
0.12112 0.6895
0.12162 0.68922
0.12212 0.68893
0.12262 0.68865
0.12312 0.68837
0.12362 0.6881
0.12412 0.68782
0.12462 0.68755
0.12513 0.68727
0.12563 0.68699
0.12613 0.6867
0.12663 0.68641
0.12713 0.68611
0.12763 0.68581
0.12813 0.6855
0.12863 0.68519
0.12913 0.68487
0.12963 0.68454
0.13013 0.68422
0.13063 0.68389
0.13113 0.68356
0.13163 0.68323
0.13213 0.68291
0.13263 0.68259
0.13313 0.68227
0.13363 0.68196
0.13413 0.68165
0.13463 0.68134
0.13514 0.68103
0.13564 0.68072
0.13614 0.68041
0.13664 0.68009
0.13714 0.67978
0.13764 0.67945
0.13814 0.67912
0.13864 0.67878
0.13914 0.67844
0.13964 0.67809
0.14014 0.67774
0.14064 0.67738
0.14114 0.67702
0.14164 0.67666
0.14214 0.6763
0.14264 0.67594
0.14314 0.67558
0.14364 0.67523
0.14414 0.67488
0.14464 0.67454
0.14515 0.67419
0.14565 0.67385
0.14615 0.67351
0.14665 0.67317
0.14715 0.67283
0.14765 0.67248
0.14815 0.67213
0.14865 0.67177
0.14915 0.67141
0.14965 0.67104
0.15015 0.67066
0.15065 0.67028
0.15115 0.66989
0.15165 0.6695
0.15215 0.66911
0.15265 0.66871
0.15315 0.66832
0.15365 0.66793
0.15415 0.66755
0.15465 0.66717
0.15516 0.66679
0.15566 0.66642
0.15616 0.66605
0.15666 0.66568
0.15716 0.66531
0.15766 0.66494
0.15816 0.66456
0.15866 0.66418
0.15916 0.6638
0.15966 0.66341
0.16016 0.66301
0.16066 0.66261
0.16116 0.6622
0.16166 0.66178
0.16216 0.66136
0.16266 0.66094
0.16316 0.66052
0.16366 0.6601
0.16416 0.65968
0.16466 0.65927
0.16517 0.65886
0.16567 0.65845
0.16617 0.65805
0.16667 0.65765
0.16717 0.65725
0.16767 0.65685
0.16817 0.65646
0.16867 0.65605
0.16917 0.65565
0.16967 0.65524
0.17017 0.65482
0.17067 0.6544
0.17117 0.65397
0.17167 0.65353
0.17217 0.65309
0.17267 0.65264
0.17317 0.6522
0.17367 0.65175
0.17417 0.6513
0.17467 0.65085
0.17518 0.65041
0.17568 0.64998
0.17618 0.64954
0.17668 0.64911
0.17718 0.64869
0.17768 0.64827
0.17818 0.64784
0.17868 0.64742
0.17918 0.64699
0.17968 0.64656
0.18018 0.64613
0.18068 0.64569
0.18118 0.64524
0.18168 0.64478
0.18218 0.64432
0.18268 0.64385
0.18318 0.64338
0.18368 0.64291
0.18418 0.64243
0.18468 0.64196
0.18519 0.64149
0.18569 0.64103
0.18619 0.64056
0.18669 0.64011
0.18719 0.63965
0.18769 0.63921
0.18819 0.63876
0.18869 0.63831
0.18919 0.63787
0.18969 0.63742
0.19019 0.63696
0.19069 0.6365
0.19119 0.63604
0.19169 0.63556
0.19219 0.63508
0.19269 0.6346
0.19319 0.63411
0.19369 0.63361
0.19419 0.63311
0.19469 0.63262
0.1952 0.63212
0.1957 0.63163
0.1962 0.63114
0.1967 0.63066
0.1972 0.63018
0.1977 0.62971
0.1982 0.62924
0.1987 0.62877
0.1992 0.6283
0.1997 0.62784
0.2002 0.62736
0.2007 0.62689
0.2012 0.6264
0.2017 0.62591
0.2022 0.62542
0.2027 0.62491
0.2032 0.6244
0.2037 0.62389
0.2042 0.62337
0.2047 0.62286
0.20521 0.62234
0.20571 0.62182
0.20621 0.62131
0.20671 0.62081
0.20721 0.62031
0.20771 0.61981
0.20821 0.61932
0.20871 0.61883
0.20921 0.61834
0.20971 0.61786
0.21021 0.61737
0.21071 0.61688
0.21121 0.61638
0.21171 0.61587
0.21221 0.61536
0.21271 0.61484
0.21321 0.61431
0.21371 0.61378
0.21421 0.61325
0.21471 0.61271
0.21522 0.61217
0.21572 0.61164
0.21622 0.61111
0.21672 0.61058
0.21722 0.61006
0.21772 0.60955
0.21822 0.60903
0.21872 0.60853
0.21922 0.60802
0.21972 0.60752
0.22022 0.60701
0.22072 0.60651
0.22122 0.60599
0.22172 0.60547
0.22222 0.60495
0.22272 0.60441
0.22322 0.60387
0.22372 0.60332
0.22422 0.60277
0.22472 0.60222
0.22523 0.60167
0.22573 0.60111
0.22623 0.60056
0.22673 0.60002
0.22723 0.59948
0.22773 0.59895
0.22823 0.59842
0.22873 0.5979
0.22923 0.59738
0.22973 0.59686
0.23023 0.59634
0.23073 0.59582
0.23123 0.59529
0.23173 0.59476
0.23223 0.59422
0.23273 0.59367
0.23323 0.59311
0.23373 0.59255
0.23423 0.59199
0.23473 0.59142
0.23524 0.59085
0.23574 0.59028
0.23624 0.58972
0.23674 0.58916
0.23724 0.58861
0.23774 0.58806
0.23824 0.58752
0.23874 0.58698
0.23924 0.58645
0.23974 0.58591
0.24024 0.58538
0.24074 0.58485
0.24124 0.58431
0.24174 0.58376
0.24224 0.58321
0.24274 0.58265
0.24324 0.58208
0.24374 0.58151
0.24424 0.58093
0.24474 0.58035
0.24525 0.57976
0.24575 0.57918
0.24625 0.57861
0.24675 0.57804
0.24725 0.57747
0.24775 0.57691
0.24825 0.57636
0.24875 0.57581
0.24925 0.57527
0.24975 0.57472
0.25025 0.57418
0.25075 0.57364
0.25125 0.57308
0.25175 0.57253
0.25225 0.57196
0.25275 0.57139
0.25325 0.57081
0.25375 0.57022
0.25425 0.56963
0.25475 0.56904
0.25526 0.56845
0.25576 0.56786
0.25626 0.56727
0.25676 0.56669
0.25726 0.56612
0.25776 0.56555
0.25826 0.56499
0.25876 0.56443
0.25926 0.56388
0.25976 0.56333
0.26026 0.56278
0.26076 0.56222
0.26126 0.56166
0.26176 0.56109
0.26226 0.56052
0.26276 0.55993
0.26326 0.55934
0.26376 0.55875
0.26426 0.55814
0.26476 0.55754
0.26527 0.55694
0.26577 0.55634
0.26627 0.55575
0.26677 0.55516
0.26727 0.55458
0.26777 0.55401
0.26827 0.55344
0.26877 0.55288
0.26927 0.55232
0.26977 0.55176
0.27027 0.5512
0.27077 0.55064
0.27127 0.55007
0.27177 0.54949
0.27227 0.54891
0.27277 0.54831
0.27327 0.54771
0.27377 0.54711
0.27427 0.5465
0.27477 0.54589
0.27528 0.54528
0.27578 0.54468
0.27628 0.54408
0.27678 0.54349
0.27728 0.54291
0.27778 0.54233
0.27828 0.54176
0.27878 0.5412
0.27928 0.54063
0.27978 0.54007
0.28028 0.5395
0.28078 0.53893
0.28128 0.53835
0.28178 0.53777
0.28228 0.53717
0.28278 0.53657
0.28328 0.53596
0.28378 0.53535
0.28428 0.53473
0.28478 0.53412
0.28529 0.53351
0.28579 0.5329
0.28629 0.5323
0.28679 0.53171
0.28729 0.53113
0.28779 0.53056
0.28829 0.52999
0.28879 0.52942
0.28929 0.52885
0.28979 0.52829
0.29029 0.52771
0.29079 0.52714
0.29129 0.52655
0.29179 0.52596
0.29229 0.52535
0.29279 0.52474
0.29329 0.52413
0.29379 0.52351
0.29429 0.52289
0.29479 0.52227
0.2953 0.52166
0.2958 0.52106
0.2963 0.52046
0.2968 0.51987
0.2973 0.51929
0.2978 0.51872
0.2983 0.51815
0.2988 0.51759
0.2993 0.51702
0.2998 0.51645
0.3003 0.51587
0.3008 0.51529
0.3013 0.51469
0.3018 0.51409
0.3023 0.51348
0.3028 0.51286
0.3033 0.51224
0.3038 0.51162
0.3043 0.511
0.3048 0.51039
0.30531 0.50978
0.30581 0.50918
0.30631 0.50859
0.30681 0.50801
0.30731 0.50743
0.30781 0.50687
0.30831 0.5063
0.30881 0.50573
0.30931 0.50516
0.30981 0.50459
0.31031 0.50401
0.31081 0.50342
0.31131 0.50282
0.31181 0.50221
0.31231 0.50159
0.31281 0.50097
0.31331 0.50035
0.31381 0.49973
0.31431 0.49912
0.31481 0.49851
0.31532 0.49791
0.31582 0.49731
0.31632 0.49673
0.31682 0.49616
0.31732 0.49559
0.31782 0.49503
0.31832 0.49446
0.31882 0.4939
0.31932 0.49333
0.31982 0.49275
0.32032 0.49216
0.32082 0.49157
0.32132 0.49096
0.32182 0.49035
0.32232 0.48973
0.32282 0.48911
0.32332 0.48849
0.32382 0.48788
0.32432 0.48727
0.32482 0.48667
0.32533 0.48608
0.32583 0.4855
0.32633 0.48493
0.32683 0.48436
0.32733 0.4838
0.32783 0.48324
0.32833 0.48268
0.32883 0.48211
0.32933 0.48154
0.32983 0.48095
0.33033 0.48036
0.33083 0.47976
0.33133 0.47915
0.33183 0.47854
0.33233 0.47793
0.33283 0.47731
0.33333 0.4767
0.33383 0.4761
0.33433 0.4755
0.33483 0.47491
0.33534 0.47434
0.33584 0.47377
0.33634 0.4732
0.33684 0.47265
0.33734 0.47209
0.33784 0.47153
0.33834 0.47097
0.33884 0.4704
0.33934 0.46982
0.33984 0.46924
0.34034 0.46864
0.34084 0.46804
0.34134 0.46744
0.34184 0.46683
0.34234 0.46622
0.34284 0.46562
0.34334 0.46502
0.34384 0.46443
0.34434 0.46385
0.34484 0.46328
0.34535 0.46271
0.34585 0.46215
0.34635 0.4616
0.34685 0.46105
0.34735 0.46049
0.34785 0.45993
0.34835 0.45937
0.34885 0.4588
0.34935 0.45822
0.34985 0.45763
0.35035 0.45704
0.35085 0.45644
0.35135 0.45584
0.35185 0.45525
0.35235 0.45466
0.35285 0.45407
0.35335 0.45349
0.35385 0.45292
0.35435 0.45235
0.35485 0.45179
0.35536 0.45124
0.35586 0.45069
0.35636 0.45014
0.35686 0.44958
0.35736 0.44903
0.35786 0.44847
0.35836 0.4479
0.35886 0.44733
0.35936 0.44675
0.35986 0.44617
0.36036 0.44558
0.36086 0.445
0.36136 0.44442
0.36186 0.44385
0.36236 0.44328
0.36286 0.44271
0.36336 0.44215
0.36386 0.44159
0.36436 0.44104
0.36486 0.44049
0.36537 0.43994
0.36587 0.43939
0.36637 0.43884
0.36687 0.43828
0.36737 0.43772
0.36787 0.43716
0.36837 0.43659
0.36887 0.43602
0.36937 0.43546
0.36987 0.43489
0.37037 0.43433
0.37087 0.43377
0.37137 0.43322
0.37187 0.43267
0.37237 0.43212
0.37287 0.43158
0.37337 0.43103
0.37387 0.43049
0.37437 0.42994
0.37487 0.42939
0.37538 0.42883
0.37588 0.42827
0.37638 0.42771
0.37688 0.42715
0.37738 0.42659
0.37788 0.42603
0.37838 0.42548
0.37888 0.42493
0.37938 0.42439
0.37988 0.42385
0.38038 0.42332
0.38088 0.42279
0.38138 0.42227
0.38188 0.42175
0.38238 0.42122
0.38288 0.42069
0.38338 0.42015
0.38388 0.4196
0.38438 0.41905
0.38488 0.41849
0.38539 0.41792
0.38589 0.41735
0.38639 0.41679
0.38689 0.41623
0.38739 0.41567
0.38789 0.41513
0.38839 0.41461
0.38889 0.41409
0.38939 0.41359
0.38989 0.41309
0.39039 0.4126
0.39089 0.41211
0.39139 0.41162
0.39189 0.41111
0.39239 0.4106
0.39289 0.41006
0.39339 0.40951
0.39389 0.40895
0.39439 0.40838
0.39489 0.4078
0.3954 0.40722
0.3959 0.40665
0.3964 0.40608
0.3969 0.40554
0.3974 0.40502
0.3979 0.40452
0.3984 0.40403
0.3989 0.40357
0.3994 0.40312
0.3999 0.40267
0.4004 0.40222
0.4009 0.40176
0.4014 0.40128
0.4019 0.40077
0.4024 0.40025
0.4029 0.39969
0.4034 0.39912
0.4039 0.39853
0.4044 0.39793
0.4049 0.39734
0.40541 0.39675
0.40591 0.39619
0.40641 0.39565
0.40691 0.39515
0.40741 0.39468
0.40791 0.39424
0.40841 0.39382
0.40891 0.39342
0.40941 0.39302
0.40991 0.39261
0.41041 0.39219
0.41091 0.39173
0.41141 0.39125
0.41191 0.39072
0.41241 0.39016
0.41291 0.38957
0.41341 0.38896
0.41391 0.38834
0.41441 0.38772
0.41491 0.38713
0.41542 0.38656
0.41592 0.38603
0.41642 0.38555
0.41692 0.38511
0.41742 0.38472
0.41792 0.38435
0.41842 0.38401
0.41892 0.38366
0.41942 0.38331
0.41992 0.38292
0.42042 0.3825
0.42092 0.38203
0.42142 0.38151
0.42192 0.38094
0.42242 0.38033
0.42292 0.37969
0.42342 0.37904
0.42392 0.37841
0.42442 0.37779
0.42492 0.37722
0.42543 0.3767
0.42593 0.37624
0.42643 0.37584
0.42693 0.3755
0.42743 0.37519
0.42793 0.37491
0.42843 0.37462
0.42893 0.37433
0.42943 0.37399
0.42993 0.3736
0.43043 0.37315
0.43093 0.37263
0.43143 0.37205
0.43193 0.37142
0.43243 0.37075
0.43293 0.37007
0.43343 0.36941
0.43393 0.36877
0.43443 0.36819
0.43493 0.36768
0.43544 0.36724
0.43594 0.36688
0.43644 0.36659
0.43694 0.36634
0.43744 0.36613
0.43794 0.36592
0.43844 0.36568
0.43894 0.3654
0.43944 0.36505
0.43994 0.36462
0.44044 0.36411
0.44094 0.36352
0.44144 0.36287
0.44194 0.36217
0.44244 0.36145
0.44294 0.36075
0.44344 0.36009
0.44394 0.35949
0.44444 0.35898
0.44494 0.35856
0.44545 0.35824
0.44595 0.358
0.44645 0.35782
0.44695 0.35768
0.44745 0.35755
0.44795 0.3574
0.44845 0.35718
0.44895 0.35688
0.44945 0.35649
0.44995 0.35599
0.45045 0.35539
0.45095 0.35471
0.45145 0.35396
0.45195 0.3532
0.45245 0.35244
0.45295 0.35174
0.45345 0.35111
0.45395 0.35059
0.45445 0.35019
0.45495 0.3499
0.45546 0.34972
0.45596 0.34963
0.45646 0.34959
0.45696 0.34956
0.45746 0.3495
0.45796 0.34937
0.45846 0.34914
0.45896 0.34879
0.45946 0.3483
0.45996 0.34769
0.46046 0.34696
0.46096 0.34616
0.46146 0.34532
0.46196 0.34449
0.46246 0.34371
0.46296 0.34304
0.46346 0.3425
0.46396 0.3421
0.46446 0.34187
0.46496 0.34177
0.46547 0.34179
0.46597 0.34187
0.46647 0.34198
0.46697 0.34206
0.46747 0.34204
0.46797 0.3419
0.46847 0.34159
0.46897 0.34111
0.46947 0.34045
0.46997 0.33965
0.47047 0.33874
0.47097 0.33778
0.47147 0.33684
0.47197 0.33597
0.47247 0.33523
0.47297 0.33466
0.47347 0.33429
0.47397 0.33414
0.47447 0.33416
0.47497 0.33434
0.47548 0.33461
0.47598 0.33491
0.47648 0.33515
0.47698 0.33528
0.47748 0.33522
0.47798 0.33494
0.47848 0.33442
0.47898 0.33368
0.47948 0.33274
0.47998 0.33166
0.48048 0.33052
0.48098 0.32942
0.48148 0.32842
0.48198 0.32761
0.48248 0.32705
0.48298 0.32676
0.48348 0.32674
0.48398 0.32698
0.48448 0.3274
0.48498 0.32793
0.48549 0.32847
0.48599 0.32892
0.48649 0.32919
0.48699 0.32919
0.48749 0.32888
0.48799 0.32824
0.48849 0.3273
0.48899 0.32612
0.48949 0.32479
0.48999 0.32341
0.49049 0.3221
0.49099 0.32099
0.49149 0.32015
0.49199 0.31967
0.49249 0.31956
0.49299 0.31981
0.49349 0.32037
0.49399 0.32115
0.49449 0.32202
0.49499 0.32285
0.4955 0.32349
0.496 0.32384
0.4965 0.32381
0.497 0.32333
0.4975 0.32243
0.498 0.32116
0.4985 0.31961
0.499 0.31793
0.4995 0.31627
0.5 0.31479
0.5005 0.31362
0.501 0.31288
0.5015 0.31264
0.502 0.31288
0.5025 0.31357
0.503 0.31461
0.5035 0.31584
0.504 0.31709
0.5045 0.31818
0.50501 0.31894
0.50551 0.31922
0.50601 0.31895
0.50651 0.31811
0.50701 0.31674
0.50751 0.31497
0.50801 0.31295
0.50851 0.31088
0.50901 0.30899
0.50951 0.30745
0.51001 0.30642
0.51051 0.30601
0.51101 0.30624
0.51151 0.30707
0.51201 0.30839
0.51251 0.31002
0.51301 0.31174
0.51351 0.31331
0.51401 0.31451
0.51451 0.31515
0.51502 0.31509
0.51552 0.3143
0.51602 0.31282
0.51652 0.31077
0.51702 0.30838
0.51752 0.30587
0.51802 0.30352
0.51852 0.30159
0.51902 0.30027
0.51952 0.2997
0.52002 0.29995
0.52052 0.30096
0.52102 0.3026
0.52152 0.30467
0.52202 0.3069
0.52252 0.30898
0.52302 0.31064
0.52352 0.31161
0.52402 0.31174
0.52452 0.31095
0.52503 0.3093
0.52553 0.30694
0.52603 0.30411
0.52653 0.30113
0.52703 0.29833
0.52753 0.29601
0.52803 0.29443
0.52853 0.29377
0.52903 0.29409
0.52953 0.29535
0.53003 0.29738
0.53053 0.29994
0.53103 0.3027
0.53153 0.3053
0.53203 0.30737
0.53253 0.30863
0.53303 0.30886
0.53353 0.30799
0.53403 0.30608
0.53453 0.30333
0.53504 0.30003
0.53554 0.29656
0.53604 0.29332
0.53654 0.29068
0.53704 0.28893
0.53754 0.28827
0.53804 0.28878
0.53854 0.29038
0.53904 0.29289
0.53954 0.29599
0.54004 0.29929
0.54054 0.30236
0.54104 0.30478
0.54154 0.3062
0.54204 0.3064
0.54254 0.30532
0.54304 0.30303
0.54354 0.29979
0.54404 0.29599
0.54454 0.29205
0.54505 0.28844
0.54555 0.28559
0.54605 0.28381
0.54655 0.28332
0.54705 0.28417
0.54755 0.28625
0.54805 0.28932
0.54855 0.29298
0.54905 0.29679
0.54955 0.30023
0.55005 0.30285
0.55055 0.30426
0.55105 0.30424
0.55155 0.30276
0.55205 0.29996
0.55255 0.29618
0.55305 0.29186
0.55355 0.28752
0.55405 0.28369
0.55455 0.28081
0.55506 0.27922
0.55556 0.2791
0.55606 0.28047
0.55656 0.28315
0.55706 0.28684
0.55756 0.29105
0.55806 0.29527
0.55856 0.29892
0.55906 0.30151
0.55956 0.30267
0.56006 0.3022
0.56056 0.30013
0.56106 0.29671
0.56156 0.29234
0.56206 0.28758
0.56256 0.283
0.56306 0.27915
0.56356 0.27649
0.56406 0.27534
0.56456 0.27583
0.56507 0.27789
0.56557 0.28129
0.56607 0.28559
0.56657 0.29027
0.56707 0.29471
0.56757 0.29831
0.56807 0.30059
0.56857 0.3012
0.56907 0.30004
0.56957 0.29722
0.57007 0.29311
0.57057 0.28823
0.57107 0.28317
0.57157 0.27859
0.57207 0.27502
0.57257 0.27289
0.57307 0.27246
0.57357 0.27378
0.57407 0.27667
0.57457 0.2808
0.57508 0.28564
0.57558 0.29058
0.57608 0.29496
0.57658 0.29819
0.57708 0.29981
0.57758 0.29958
0.57808 0.29752
0.57858 0.29387
0.57908 0.28912
0.57958 0.28388
0.58008 0.27882
0.58058 0.27456
0.58108 0.27162
0.58158 0.27035
0.58208 0.2709
0.58258 0.2732
0.58308 0.27697
0.58358 0.28174
0.58408 0.2869
0.58458 0.29178
0.58509 0.29573
0.58559 0.29819
0.58609 0.29882
0.58659 0.29751
0.58709 0.29444
0.58759 0.29002
0.58809 0.28483
0.58859 0.27955
0.58909 0.27485
0.58959 0.27131
0.59009 0.26937
0.59059 0.26925
0.59109 0.27095
0.59159 0.27428
0.59209 0.27881
0.59259 0.28398
0.59309 0.2891
0.59359 0.2935
0.59409 0.29657
0.59459 0.29789
0.5951 0.29726
0.5956 0.29479
0.5961 0.29079
0.5966 0.28583
0.5971 0.28055
0.5976 0.27566
0.5981 0.27177
0.5986 0.26935
0.5991 0.26871
0.5996 0.2699
0.6001 0.27279
0.6006 0.277
0.6011 0.282
0.6016 0.28715
0.6021 0.29175
0.6026 0.29519
0.6031 0.29699
0.6036 0.2969
0.6041 0.29494
0.6046 0.2914
0.60511 0.28677
0.60561 0.28168
0.60611 0.27681
0.60661 0.2728
0.60711 0.27014
0.60761 0.26916
0.60811 0.26998
0.60861 0.27248
0.60911 0.27635
0.60961 0.2811
0.61011 0.2861
0.61061 0.29069
0.61111 0.29426
0.61161 0.29631
0.61211 0.29658
0.61261 0.29503
0.61311 0.2919
0.61361 0.28765
0.61411 0.28287
0.61461 0.27821
0.61512 0.27429
0.61562 0.2716
0.61612 0.27049
0.61662 0.27108
0.61712 0.2733
0.61762 0.27685
0.61812 0.28129
0.61862 0.28602
0.61912 0.29043
0.61962 0.29392
0.62012 0.29602
0.62062 0.29645
0.62112 0.29518
0.62162 0.29241
0.62212 0.28855
0.62262 0.28416
0.62312 0.27985
0.62362 0.27619
0.62412 0.27367
0.62462 0.2726
0.62513 0.27312
0.62563 0.27515
0.62613 0.27843
0.62663 0.28254
0.62713 0.28693
0.62763 0.29102
0.62813 0.29426
0.62863 0.29623
0.62913 0.29666
0.62963 0.29554
0.63013 0.29306
0.63063 0.28958
0.63113 0.28564
0.63163 0.28177
0.63213 0.27852
0.63263 0.27632
0.63313 0.27545
0.63363 0.27602
0.63413 0.27796
0.63463 0.28102
0.63514 0.28478
0.63564 0.28876
0.63614 0.29243
0.63664 0.2953
0.63714 0.297
0.63764 0.29732
0.63814 0.29625
0.63864 0.294
0.63914 0.2909
0.63964 0.28743
0.64014 0.28409
0.64064 0.28135
0.64114 0.27958
0.64164 0.27902
0.64214 0.27974
0.64264 0.28166
0.64314 0.28451
0.64364 0.28792
0.64414 0.29145
0.64464 0.29463
0.64515 0.29705
0.64565 0.29839
0.64615 0.29851
0.64665 0.29744
0.64715 0.29538
0.64765 0.29266
0.64815 0.2897
0.64865 0.28694
0.64915 0.28477
0.64965 0.28351
0.65015 0.28332
0.65065 0.28424
0.65115 0.28615
0.65165 0.28881
0.65215 0.29186
0.65265 0.29491
0.65315 0.29756
0.65365 0.29948
0.65415 0.30043
0.65465 0.30032
0.65516 0.29924
0.65566 0.29737
0.65616 0.29504
0.65666 0.29261
0.65716 0.29046
0.65766 0.2889
0.65816 0.28816
0.65866 0.28836
0.65916 0.28949
0.65966 0.2914
0.66016 0.29384
0.66066 0.29651
0.66116 0.29906
0.66166 0.30117
0.66216 0.30258
0.66266 0.30314
0.66316 0.30283
0.66366 0.30175
0.66416 0.30012
0.66466 0.2982
0.66517 0.29632
0.66567 0.29479
0.66617 0.29383
0.66667 0.2936
0.66717 0.29417
0.66767 0.29546
0.66817 0.29732
0.66867 0.29953
0.66917 0.30179
0.66967 0.30384
0.67017 0.30542
0.67067 0.30636
0.67117 0.30659
0.67167 0.30614
0.67217 0.30513
0.67267 0.30376
0.67317 0.30229
0.67367 0.30097
0.67417 0.30003
0.67467 0.29964
0.67518 0.29987
0.67568 0.30073
0.67618 0.30212
0.67668 0.30388
0.67718 0.3058
0.67768 0.30765
0.67818 0.30921
0.67868 0.31032
0.67918 0.31087
0.67968 0.31086
0.68018 0.31035
0.68068 0.30948
0.68118 0.30844
0.68168 0.30744
0.68218 0.30667
0.68268 0.30628
0.68318 0.30637
0.68368 0.30697
0.68418 0.30802
0.68468 0.30943
0.68519 0.31102
0.68569 0.31263
0.68619 0.31407
0.68669 0.3152
0.68719 0.31592
0.68769 0.31619
0.68819 0.31605
0.68869 0.31558
0.68919 0.31494
0.68969 0.31426
0.69019 0.31373
0.69069 0.31346
0.69119 0.31354
0.69169 0.31402
0.69219 0.31487
0.69269 0.31602
0.69319 0.31736
0.69369 0.31874
0.69419 0.32003
0.69469 0.3211
0.6952 0.32187
0.6957 0.32231
0.6962 0.32242
0.6967 0.32227
0.6972 0.32195
0.6977 0.32158
0.6982 0.3213
0.6987 0.3212
0.6992 0.32136
0.6997 0.32182
0.7002 0.32256
0.7007 0.32355
0.7012 0.32469
0.7017 0.32589
0.7022 0.32703
0.7027 0.32803
0.7032 0.3288
0.7037 0.32933
0.7042 0.32961
0.7047 0.32968
0.70521 0.32963
0.70571 0.32953
0.70621 0.32948
0.70671 0.32956
0.70721 0.32984
0.70771 0.33034
0.70821 0.33105
0.70871 0.33195
0.70921 0.33297
0.70971 0.33403
0.71021 0.33505
0.71071 0.33597
0.71121 0.33673
0.71171 0.3373
0.71221 0.3377
0.71271 0.33794
0.71321 0.33809
0.71371 0.33821
0.71421 0.33837
0.71471 0.33864
0.71522 0.33904
0.71572 0.33961
0.71622 0.34033
0.71672 0.34119
0.71722 0.34213
0.71772 0.3431
0.71822 0.34403
0.71872 0.34489
0.71922 0.34563
0.71972 0.34624
0.72022 0.34672
0.72072 0.3471
0.72122 0.34741
0.72172 0.34772
0.72222 0.34806
0.72272 0.34848
0.72322 0.349
0.72372 0.34965
0.72422 0.35041
0.72472 0.35125
0.72523 0.35216
0.72573 0.35307
0.72623 0.35395
0.72673 0.35477
0.72723 0.3555
0.72773 0.35614
0.72823 0.35669
0.72873 0.35718
0.72923 0.35763
0.72973 0.35808
0.73023 0.35858
0.73073 0.35913
0.73123 0.35977
0.73173 0.3605
0.73223 0.3613
0.73273 0.36215
0.73323 0.36304
0.73373 0.36392
0.73423 0.36477
0.73473 0.36558
0.73524 0.36631
0.73574 0.36698
0.73624 0.3676
0.73674 0.36818
0.73724 0.36875
0.73774 0.36934
0.73824 0.36996
0.73874 0.37063
0.73924 0.37136
0.73974 0.37216
0.74024 0.373
0.74074 0.37388
0.74124 0.37476
0.74174 0.37563
0.74224 0.37648
0.74274 0.37728
0.74324 0.37803
0.74374 0.37875
0.74424 0.37943
0.74474 0.3801
0.74525 0.38077
0.74575 0.38146
0.74625 0.38219
0.74675 0.38296
0.74725 0.38377
0.74775 0.38463
0.74825 0.38551
0.74875 0.3864
0.74925 0.3873
0.74975 0.38817
0.75025 0.38902
0.75075 0.38984
0.75125 0.39062
0.75175 0.39138
0.75225 0.39213
0.75275 0.39288
0.75325 0.39364
0.75375 0.39442
0.75425 0.39524
0.75475 0.39609
0.75526 0.39697
0.75576 0.39787
0.75626 0.39879
0.75676 0.3997
0.75726 0.40061
0.75776 0.40149
0.75826 0.40236
0.75876 0.4032
0.75926 0.40402
0.75976 0.40483
0.76026 0.40564
0.76076 0.40646
0.76126 0.4073
0.76176 0.40816
0.76226 0.40905
0.76276 0.40996
0.76326 0.41089
0.76376 0.41183
0.76426 0.41277
0.76476 0.4137
0.76527 0.41462
0.76577 0.41553
0.76627 0.41641
0.76677 0.41728
0.76727 0.41815
0.76777 0.41901
0.76827 0.41988
0.76877 0.42076
0.76927 0.42166
0.76977 0.42259
0.77027 0.42353
0.77077 0.42448
0.77127 0.42545
0.77177 0.42641
0.77227 0.42738
0.77277 0.42832
0.77327 0.42926
0.77377 0.43018
0.77427 0.43109
0.77477 0.432
0.77528 0.4329
0.77578 0.43381
0.77628 0.43473
0.77678 0.43567
0.77728 0.43662
0.77778 0.43758
0.77828 0.43856
0.77878 0.43955
0.77928 0.44054
0.77978 0.44152
0.78028 0.44249
0.78078 0.44345
0.78128 0.4444
0.78178 0.44535
0.78228 0.44628
0.78278 0.44722
0.78328 0.44816
0.78378 0.4491
0.78428 0.45006
0.78478 0.45104
0.78529 0.45202
0.78579 0.45302
0.78629 0.45402
0.78679 0.45502
0.78729 0.45601
0.78779 0.457
0.78829 0.45798
0.78879 0.45895
0.78929 0.45992
0.78979 0.46088
0.79029 0.46184
0.79079 0.4628
0.79129 0.46377
0.79179 0.46474
0.79229 0.46573
0.79279 0.46672
0.79329 0.46772
0.79379 0.46872
0.79429 0.46972
0.79479 0.47072
0.7953 0.47172
0.7958 0.47271
0.7963 0.4737
0.7968 0.47468
0.7973 0.47566
0.7978 0.47663
0.7983 0.47761
0.7988 0.47859
0.7993 0.47957
0.7998 0.48055
0.8003 0.48154
0.8008 0.48252
0.8013 0.48351
0.8018 0.4845
0.8023 0.48549
0.8028 0.48649
0.8033 0.48748
0.8038 0.48847
0.8043 0.48946
0.8048 0.49045
0.80531 0.49144
0.80581 0.49243
0.80631 0.49341
0.80681 0.4944
0.80731 0.49538
0.80781 0.49636
0.80831 0.49734
0.80881 0.49831
0.80931 0.49929
0.80981 0.50027
0.81031 0.50124
0.81081 0.50221
0.81131 0.50319
0.81181 0.50416
0.81231 0.50513
0.81281 0.5061
0.81331 0.50707
0.81381 0.50804
0.81431 0.50901
0.81481 0.50998
0.81532 0.51094
0.81582 0.51191
0.81632 0.51288
0.81682 0.51384
0.81732 0.5148
0.81782 0.51577
0.81832 0.51673
0.81882 0.51769
0.81932 0.51864
0.81982 0.5196
0.82032 0.52055
0.82082 0.52151
0.82132 0.52246
0.82182 0.5234
0.82232 0.52435
0.82282 0.52529
0.82332 0.52623
0.82382 0.52717
0.82432 0.52811
0.82482 0.52904
0.82533 0.52997
0.82583 0.5309
0.82633 0.53183
0.82683 0.53275
0.82733 0.53368
0.82783 0.5346
0.82833 0.53552
0.82883 0.53643
0.82933 0.53735
0.82983 0.53826
0.83033 0.53918
0.83083 0.54009
0.83133 0.541
0.83183 0.5419
0.83233 0.54281
0.83283 0.54371
0.83333 0.54461
0.83383 0.54551
0.83433 0.5464
0.83483 0.5473
0.83534 0.54819
0.83584 0.54907
0.83634 0.54996
0.83684 0.55084
0.83734 0.55172
0.83784 0.5526
0.83834 0.55347
0.83884 0.55434
0.83934 0.55521
0.83984 0.55608
0.84034 0.55694
0.84084 0.5578
0.84134 0.55865
0.84184 0.55951
0.84234 0.56036
0.84284 0.56121
0.84334 0.56205
0.84384 0.5629
0.84434 0.56374
0.84484 0.56458
0.84535 0.56541
0.84585 0.56625
0.84635 0.56708
0.84685 0.56791
0.84735 0.56873
0.84785 0.56956
0.84835 0.57038
0.84885 0.57119
0.84935 0.57201
0.84985 0.57282
0.85035 0.57363
0.85085 0.57444
0.85135 0.57524
0.85185 0.57604
0.85235 0.57684
0.85285 0.57763
0.85335 0.57843
0.85385 0.57921
0.85435 0.58
0.85485 0.58078
0.85536 0.58156
0.85586 0.58233
0.85636 0.58311
0.85686 0.58388
0.85736 0.58464
0.85786 0.58541
0.85836 0.58617
0.85886 0.58693
0.85936 0.58768
0.85986 0.58844
0.86036 0.58919
0.86086 0.58994
0.86136 0.59068
0.86186 0.59142
0.86236 0.59216
0.86286 0.5929
0.86336 0.59364
0.86386 0.59437
0.86436 0.5951
0.86486 0.59583
0.86537 0.59655
0.86587 0.59727
0.86637 0.59799
0.86687 0.5987
0.86737 0.59941
0.86787 0.60012
0.86837 0.60083
0.86887 0.60153
0.86937 0.60223
0.86987 0.60292
0.87037 0.60361
0.87087 0.6043
0.87137 0.60499
0.87187 0.60567
0.87237 0.60635
0.87287 0.60703
0.87337 0.60771
0.87387 0.60838
0.87437 0.60905
0.87487 0.60972
0.87538 0.61039
0.87588 0.61105
0.87638 0.61171
0.87688 0.61237
0.87738 0.61303
0.87788 0.61368
0.87838 0.61433
0.87888 0.61498
0.87938 0.61563
0.87988 0.61627
0.88038 0.61691
0.88088 0.61755
0.88138 0.61818
0.88188 0.61881
0.88238 0.61944
0.88288 0.62007
0.88338 0.62069
0.88388 0.62131
0.88438 0.62193
0.88488 0.62254
0.88539 0.62315
0.88589 0.62376
0.88639 0.62436
0.88689 0.62497
0.88739 0.62557
0.88789 0.62616
0.88839 0.62676
0.88889 0.62735
0.88939 0.62794
0.88989 0.62853
0.89039 0.62912
0.89089 0.6297
0.89139 0.63028
0.89189 0.63086
0.89239 0.63144
0.89289 0.63202
0.89339 0.63259
0.89389 0.63316
0.89439 0.63373
0.89489 0.6343
0.8954 0.63487
0.8959 0.63543
0.8964 0.63599
0.8969 0.63654
0.8974 0.6371
0.8979 0.63765
0.8984 0.63819
0.8989 0.63874
0.8994 0.63928
0.8999 0.63982
0.9004 0.64035
0.9009 0.64089
0.9014 0.64142
0.9019 0.64195
0.9024 0.64247
0.9029 0.643
0.9034 0.64352
0.9039 0.64404
0.9044 0.64455
0.9049 0.64507
0.90541 0.64558
0.90591 0.6461
0.90641 0.64661
0.90691 0.64712
0.90741 0.64763
0.90791 0.64813
0.90841 0.64864
0.90891 0.64914
0.90941 0.64964
0.90991 0.65014
0.91041 0.65063
0.91091 0.65112
0.91141 0.65161
0.91191 0.6521
0.91241 0.65259
0.91291 0.65307
0.91341 0.65355
0.91391 0.65402
0.91441 0.6545
0.91491 0.65497
0.91542 0.65544
0.91592 0.6559
0.91642 0.65636
0.91692 0.65682
0.91742 0.65728
0.91792 0.65774
0.91842 0.65819
0.91892 0.65865
0.91942 0.6591
0.91992 0.65955
0.92042 0.66
0.92092 0.66045
0.92142 0.66089
0.92192 0.66134
0.92242 0.66178
0.92292 0.66222
0.92342 0.66266
0.92392 0.6631
0.92442 0.66354
0.92492 0.66397
0.92543 0.66441
0.92593 0.66484
0.92643 0.66526
0.92693 0.66569
0.92743 0.66611
0.92793 0.66653
0.92843 0.66694
0.92893 0.66736
0.92943 0.66777
0.92993 0.66818
0.93043 0.66858
0.93093 0.66898
0.93143 0.66938
0.93193 0.66978
0.93243 0.67018
0.93293 0.67057
0.93343 0.67097
0.93393 0.67136
0.93443 0.67175
0.93493 0.67214
0.93544 0.67253
0.93594 0.67292
0.93644 0.6733
0.93694 0.67369
0.93744 0.67407
0.93794 0.67446
0.93844 0.67484
0.93894 0.67522
0.93944 0.6756
0.93994 0.67597
0.94044 0.67635
0.94094 0.67672
0.94144 0.67708
0.94194 0.67745
0.94244 0.67781
0.94294 0.67817
0.94344 0.67852
0.94394 0.67888
0.94444 0.67923
0.94494 0.67957
0.94545 0.67992
0.94595 0.68026
0.94645 0.6806
0.94695 0.68094
0.94745 0.68128
0.94795 0.68162
0.94845 0.68195
0.94895 0.68229
0.94945 0.68262
0.94995 0.68296
0.95045 0.68329
0.95095 0.68362
0.95145 0.68396
0.95195 0.68429
0.95245 0.68461
0.95295 0.68494
0.95345 0.68527
0.95395 0.68559
0.95445 0.68591
0.95495 0.68623
0.95546 0.68655
0.95596 0.68686
0.95646 0.68717
0.95696 0.68748
0.95746 0.68778
0.95796 0.68808
0.95846 0.68838
0.95896 0.68867
0.95946 0.68896
0.95996 0.68925
0.96046 0.68954
0.96096 0.68982
0.96146 0.69011
0.96196 0.69039
0.96246 0.69068
0.96296 0.69096
0.96346 0.69124
0.96396 0.69152
0.96446 0.6918
0.96496 0.69209
0.96547 0.69237
0.96597 0.69265
0.96647 0.69292
0.96697 0.6932
0.96747 0.69348
0.96797 0.69375
0.96847 0.69402
0.96897 0.69429
0.96947 0.69455
0.96997 0.69481
0.97047 0.69507
0.97097 0.69532
0.97147 0.69557
0.97197 0.69582
0.97247 0.69606
0.97297 0.69631
0.97347 0.69655
0.97397 0.69678
0.97447 0.69702
0.97497 0.69725
0.97548 0.69748
0.97598 0.69772
0.97648 0.69795
0.97698 0.69818
0.97748 0.69841
0.97798 0.69864
0.97848 0.69888
0.97898 0.69911
0.97948 0.69934
0.97998 0.69957
0.98048 0.69979
0.98098 0.70002
0.98148 0.70024
0.98198 0.70047
0.98248 0.70069
0.98298 0.7009
0.98348 0.70111
0.98398 0.70132
0.98448 0.70153
0.98498 0.70173
0.98549 0.70193
0.98599 0.70212
0.98649 0.70231
0.98699 0.7025
0.98749 0.70269
0.98799 0.70287
0.98849 0.70306
0.98899 0.70324
0.98949 0.70342
0.98999 0.7036
0.99049 0.70379
0.99099 0.70397
0.99149 0.70415
0.99199 0.70433
0.99249 0.70452
0.99299 0.7047
0.99349 0.70488
0.99399 0.70506
0.99449 0.70524
0.99499 0.70541
0.9955 0.70559
0.996 0.70576
0.9965 0.70592
0.997 0.70609
0.9975 0.70624
0.998 0.7064
0.9985 0.70655
0.999 0.70669
0.9995 0.70684
1 0.70698
