time energy 
0 0.70708
0.0005005 0.70722
0.001001 0.70736
0.0015015 0.70749
0.002002 0.70763
0.0025025 0.70776
0.003003 0.70789
0.0035035 0.70802
0.004004 0.70814
0.0045045 0.70827
0.005005 0.70839
0.0055055 0.70851
0.006006 0.70863
0.0065065 0.70875
0.007007 0.70886
0.0075075 0.70898
0.008008 0.70909
0.0085085 0.7092
0.009009 0.70931
0.0095095 0.70941
0.01001 0.70952
0.010511 0.70962
0.011011 0.70972
0.011512 0.70982
0.012012 0.70992
0.012513 0.71001
0.013013 0.7101
0.013514 0.7102
0.014014 0.71029
0.014515 0.71037
0.015015 0.71046
0.015516 0.71055
0.016016 0.71063
0.016517 0.71071
0.017017 0.71079
0.017518 0.71087
0.018018 0.71094
0.018519 0.71102
0.019019 0.71109
0.01952 0.71116
0.02002 0.71123
0.020521 0.7113
0.021021 0.71137
0.021522 0.71143
0.022022 0.71149
0.022523 0.71156
0.023023 0.71161
0.023524 0.71167
0.024024 0.71173
0.024525 0.71178
0.025025 0.71184
0.025526 0.71189
0.026026 0.71194
0.026527 0.71199
0.027027 0.71203
0.027528 0.71208
0.028028 0.71212
0.028529 0.71216
0.029029 0.7122
0.02953 0.71224
0.03003 0.71228
0.030531 0.71231
0.031031 0.71234
0.031532 0.71238
0.032032 0.71241
0.032533 0.71243
0.033033 0.71246
0.033534 0.71249
0.034034 0.71251
0.034535 0.71253
0.035035 0.71255
0.035536 0.71257
0.036036 0.71259
0.036537 0.7126
0.037037 0.71262
0.037538 0.71263
0.038038 0.71264
0.038539 0.71265
0.039039 0.71265
0.03954 0.71266
0.04004 0.71266
0.040541 0.71266
0.041041 0.71266
0.041542 0.71266
0.042042 0.71266
0.042543 0.71266
0.043043 0.71265
0.043544 0.71264
0.044044 0.71263
0.044545 0.71262
0.045045 0.71261
0.045546 0.71259
0.046046 0.71257
0.046547 0.71255
0.047047 0.71253
0.047548 0.71251
0.048048 0.71249
0.048549 0.71246
0.049049 0.71244
0.04955 0.71241
0.05005 0.71238
0.050551 0.71234
0.051051 0.71231
0.051552 0.71227
0.052052 0.71223
0.052553 0.71219
0.053053 0.71215
0.053554 0.71211
0.054054 0.71206
0.054555 0.71202
0.055055 0.71197
0.055556 0.71192
0.056056 0.71187
0.056557 0.71181
0.057057 0.71176
0.057558 0.7117
0.058058 0.71164
0.058559 0.71158
0.059059 0.71152
0.05956 0.71145
0.06006 0.71138
0.060561 0.71131
0.061061 0.71124
0.061562 0.71117
0.062062 0.7111
0.062563 0.71102
0.063063 0.71094
0.063564 0.71086
0.064064 0.71078
0.064565 0.7107
0.065065 0.71062
0.065566 0.71053
0.066066 0.71044
0.066567 0.71035
0.067067 0.71026
0.067568 0.71016
0.068068 0.71007
0.068569 0.70997
0.069069 0.70987
0.06957 0.70977
0.07007 0.70966
0.070571 0.70956
0.071071 0.70945
0.071572 0.70934
0.072072 0.70923
0.072573 0.70912
0.073073 0.709
0.073574 0.70888
0.074074 0.70877
0.074575 0.70865
0.075075 0.70852
0.075576 0.7084
0.076076 0.70827
0.076577 0.70815
0.077077 0.70802
0.077578 0.70788
0.078078 0.70775
0.078579 0.70761
0.079079 0.70748
0.07958 0.70734
0.08008 0.7072
0.080581 0.70705
0.081081 0.70691
0.081582 0.70676
0.082082 0.70661
0.082583 0.70646
0.083083 0.70631
0.083584 0.70616
0.084084 0.706
0.084585 0.70584
0.085085 0.70568
0.085586 0.70552
0.086086 0.70536
0.086587 0.70519
0.087087 0.70502
0.087588 0.70485
0.088088 0.70468
0.088589 0.70451
0.089089 0.70433
0.08959 0.70416
0.09009 0.70398
0.090591 0.7038
0.091091 0.70362
0.091592 0.70343
0.092092 0.70325
0.092593 0.70306
0.093093 0.70287
0.093594 0.70268
0.094094 0.70248
0.094595 0.70229
0.095095 0.70209
0.095596 0.70189
0.096096 0.70169
0.096597 0.70149
0.097097 0.70128
0.097598 0.70108
0.098098 0.70087
0.098599 0.70066
0.099099 0.70045
0.0996 0.70023
0.1001 0.70002
0.1006 0.6998
0.1011 0.69958
0.1016 0.69936
0.1021 0.69914
0.1026 0.69891
0.1031 0.69869
0.1036 0.69846
0.1041 0.69823
0.1046 0.698
0.10511 0.69776
0.10561 0.69753
0.10611 0.69729
0.10661 0.69705
0.10711 0.69681
0.10761 0.69657
0.10811 0.69633
0.10861 0.69608
0.10911 0.69584
0.10961 0.69559
0.11011 0.69534
0.11061 0.69508
0.11111 0.69483
0.11161 0.69457
0.11211 0.69432
0.11261 0.69406
0.11311 0.6938
0.11361 0.69353
0.11411 0.69327
0.11461 0.693
0.11512 0.69274
0.11562 0.69247
0.11612 0.6922
0.11662 0.69192
0.11712 0.69165
0.11762 0.69137
0.11812 0.6911
0.11862 0.69082
0.11912 0.69054
0.11962 0.69026
0.12012 0.68997
0.12062 0.68969
0.12112 0.6894
0.12162 0.68911
0.12212 0.68882
0.12262 0.68853
0.12312 0.68824
0.12362 0.68795
0.12412 0.68765
0.12462 0.68735
0.12513 0.68705
0.12563 0.68675
0.12613 0.68645
0.12663 0.68615
0.12713 0.68584
0.12763 0.68554
0.12813 0.68523
0.12863 0.68492
0.12913 0.68461
0.12963 0.6843
0.13013 0.68398
0.13063 0.68367
0.13113 0.68335
0.13163 0.68303
0.13213 0.68271
0.13263 0.68239
0.13313 0.68207
0.13363 0.68175
0.13413 0.68142
0.13463 0.6811
0.13514 0.68077
0.13564 0.68044
0.13614 0.68011
0.13664 0.67978
0.13714 0.67945
0.13764 0.67911
0.13814 0.67878
0.13864 0.67844
0.13914 0.6781
0.13964 0.67776
0.14014 0.67742
0.14064 0.67708
0.14114 0.67674
0.14164 0.67639
0.14214 0.67605
0.14264 0.6757
0.14314 0.67535
0.14364 0.675
0.14414 0.67465
0.14464 0.6743
0.14515 0.67395
0.14565 0.67359
0.14615 0.67324
0.14665 0.67288
0.14715 0.67252
0.14765 0.67217
0.14815 0.67181
0.14865 0.67144
0.14915 0.67108
0.14965 0.67072
0.15015 0.67035
0.15065 0.66999
0.15115 0.66962
0.15165 0.66925
0.15215 0.66889
0.15265 0.66852
0.15315 0.66814
0.15365 0.66777
0.15415 0.6674
0.15465 0.66703
0.15516 0.66665
0.15566 0.66627
0.15616 0.6659
0.15666 0.66552
0.15716 0.66514
0.15766 0.66476
0.15816 0.66438
0.15866 0.66399
0.15916 0.66361
0.15966 0.66322
0.16016 0.66284
0.16066 0.66245
0.16116 0.66206
0.16166 0.66167
0.16216 0.66128
0.16266 0.66089
0.16316 0.6605
0.16366 0.66011
0.16416 0.65971
0.16466 0.65932
0.16517 0.65892
0.16567 0.65852
0.16617 0.65812
0.16667 0.65772
0.16717 0.65732
0.16767 0.65692
0.16817 0.65652
0.16867 0.65611
0.16917 0.65571
0.16967 0.6553
0.17017 0.65489
0.17067 0.65448
0.17117 0.65407
0.17167 0.65366
0.17217 0.65324
0.17267 0.65283
0.17317 0.65241
0.17367 0.652
0.17417 0.65158
0.17467 0.65116
0.17518 0.65073
0.17568 0.65031
0.17618 0.64989
0.17668 0.64946
0.17718 0.64903
0.17768 0.6486
0.17818 0.64817
0.17868 0.64774
0.17918 0.6473
0.17968 0.64687
0.18018 0.64643
0.18068 0.64599
0.18118 0.64555
0.18168 0.6451
0.18218 0.64466
0.18268 0.64421
0.18318 0.64376
0.18368 0.64331
0.18418 0.64285
0.18468 0.6424
0.18519 0.64194
0.18569 0.64148
0.18619 0.64102
0.18669 0.64055
0.18719 0.64009
0.18769 0.63962
0.18819 0.63915
0.18869 0.63867
0.18919 0.6382
0.18969 0.63772
0.19019 0.63724
0.19069 0.63676
0.19119 0.63627
0.19169 0.63579
0.19219 0.6353
0.19269 0.63481
0.19319 0.63432
0.19369 0.63382
0.19419 0.63332
0.19469 0.63282
0.1952 0.63232
0.1957 0.63182
0.1962 0.63131
0.1967 0.63081
0.1972 0.6303
0.1977 0.62979
0.1982 0.62928
0.1987 0.62876
0.1992 0.62825
0.1997 0.62773
0.2002 0.62721
0.2007 0.62669
0.2012 0.62617
0.2017 0.62565
0.2022 0.62513
0.2027 0.6246
0.2032 0.62408
0.2037 0.62355
0.2042 0.62303
0.2047 0.6225
0.20521 0.62198
0.20571 0.62145
0.20621 0.62093
0.20671 0.6204
0.20721 0.61988
0.20771 0.61935
0.20821 0.61883
0.20871 0.61831
0.20921 0.61779
0.20971 0.61727
0.21021 0.61675
0.21071 0.61623
0.21121 0.61571
0.21171 0.61519
0.21221 0.61467
0.21271 0.61416
0.21321 0.61364
0.21371 0.61313
0.21421 0.61262
0.21471 0.61211
0.21522 0.6116
0.21572 0.61109
0.21622 0.61058
0.21672 0.61007
0.21722 0.60956
0.21772 0.60906
0.21822 0.60855
0.21872 0.60804
0.21922 0.60754
0.21972 0.60703
0.22022 0.60652
0.22072 0.60602
0.22122 0.60551
0.22172 0.605
0.22222 0.6045
0.22272 0.60399
0.22322 0.60348
0.22372 0.60297
0.22422 0.60247
0.22472 0.60196
0.22523 0.60145
0.22573 0.60094
0.22623 0.60043
0.22673 0.59991
0.22723 0.5994
0.22773 0.59889
0.22823 0.59837
0.22873 0.59786
0.22923 0.59734
0.22973 0.59682
0.23023 0.5963
0.23073 0.59578
0.23123 0.59526
0.23173 0.59474
0.23223 0.59422
0.23273 0.59369
0.23323 0.59317
0.23373 0.59264
0.23423 0.59211
0.23473 0.59158
0.23524 0.59105
0.23574 0.59052
0.23624 0.58999
0.23674 0.58945
0.23724 0.58892
0.23774 0.58838
0.23824 0.58784
0.23874 0.5873
0.23924 0.58676
0.23974 0.58622
0.24024 0.58568
0.24074 0.58513
0.24124 0.58459
0.24174 0.58404
0.24224 0.58349
0.24274 0.58294
0.24324 0.58239
0.24374 0.58184
0.24424 0.58128
0.24474 0.58073
0.24525 0.58017
0.24575 0.57962
0.24625 0.57906
0.24675 0.5785
0.24725 0.57794
0.24775 0.57738
0.24825 0.57681
0.24875 0.57625
0.24925 0.57568
0.24975 0.57512
0.25025 0.57455
0.25075 0.57398
0.25125 0.57341
0.25175 0.57284
0.25225 0.57227
0.25275 0.5717
0.25325 0.57112
0.25375 0.57055
0.25425 0.56997
0.25475 0.56939
0.25526 0.56882
0.25576 0.56824
0.25626 0.56766
0.25676 0.56708
0.25726 0.5665
0.25776 0.56592
0.25826 0.56534
0.25876 0.56475
0.25926 0.56417
0.25976 0.56358
0.26026 0.563
0.26076 0.56241
0.26126 0.56183
0.26176 0.56124
0.26226 0.56065
0.26276 0.56006
0.26326 0.55948
0.26376 0.55889
0.26426 0.5583
0.26476 0.55771
0.26527 0.55712
0.26577 0.55653
0.26627 0.55593
0.26677 0.55534
0.26727 0.55475
0.26777 0.55416
0.26827 0.55357
0.26877 0.55297
0.26927 0.55238
0.26977 0.55179
0.27027 0.55119
0.27077 0.5506
0.27127 0.55
0.27177 0.54941
0.27227 0.54882
0.27277 0.54822
0.27327 0.54763
0.27377 0.54703
0.27427 0.54644
0.27477 0.54584
0.27528 0.54525
0.27578 0.54465
0.27628 0.54406
0.27678 0.54346
0.27728 0.54287
0.27778 0.54227
0.27828 0.54167
0.27878 0.54108
0.27928 0.54048
0.27978 0.53989
0.28028 0.53929
0.28078 0.5387
0.28128 0.5381
0.28178 0.53751
0.28228 0.53692
0.28278 0.53632
0.28328 0.53573
0.28378 0.53513
0.28428 0.53454
0.28478 0.53394
0.28529 0.53335
0.28579 0.53276
0.28629 0.53216
0.28679 0.53157
0.28729 0.53098
0.28779 0.53038
0.28829 0.52979
0.28879 0.5292
0.28929 0.52861
0.28979 0.52801
0.29029 0.52742
0.29079 0.52683
0.29129 0.52624
0.29179 0.52565
0.29229 0.52506
0.29279 0.52447
0.29329 0.52388
0.29379 0.52328
0.29429 0.52269
0.29479 0.5221
0.2953 0.52151
0.2958 0.52092
0.2963 0.52033
0.2968 0.51975
0.2973 0.51916
0.2978 0.51857
0.2983 0.51798
0.2988 0.51739
0.2993 0.5168
0.2998 0.51621
0.3003 0.51562
0.3008 0.51504
0.3013 0.51445
0.3018 0.51386
0.3023 0.51327
0.3028 0.51269
0.3033 0.5121
0.3038 0.51151
0.3043 0.51092
0.3048 0.51034
0.30531 0.50975
0.30581 0.50916
0.30631 0.50858
0.30681 0.50799
0.30731 0.5074
0.30781 0.50682
0.30831 0.50623
0.30881 0.50564
0.30931 0.50506
0.30981 0.50447
0.31031 0.50389
0.31081 0.5033
0.31131 0.50271
0.31181 0.50213
0.31231 0.50154
0.31281 0.50096
0.31331 0.50037
0.31381 0.49979
0.31431 0.4992
0.31481 0.49861
0.31532 0.49803
0.31582 0.49744
0.31632 0.49686
0.31682 0.49627
0.31732 0.49569
0.31782 0.4951
0.31832 0.49451
0.31882 0.49393
0.31932 0.49334
0.31982 0.49276
0.32032 0.49217
0.32082 0.49159
0.32132 0.491
0.32182 0.49041
0.32232 0.48983
0.32282 0.48924
0.32332 0.48866
0.32382 0.48807
0.32432 0.48749
0.32482 0.4869
0.32533 0.48631
0.32583 0.48573
0.32633 0.48514
0.32683 0.48456
0.32733 0.48397
0.32783 0.48338
0.32833 0.4828
0.32883 0.48221
0.32933 0.48163
0.32983 0.48104
0.33033 0.48046
0.33083 0.47987
0.33133 0.47928
0.33183 0.4787
0.33233 0.47811
0.33283 0.47753
0.33333 0.47694
0.33383 0.47636
0.33433 0.47577
0.33483 0.47518
0.33534 0.4746
0.33584 0.47401
0.33634 0.47343
0.33684 0.47284
0.33734 0.47226
0.33784 0.47167
0.33834 0.47109
0.33884 0.4705
0.33934 0.46992
0.33984 0.46933
0.34034 0.46875
0.34084 0.46816
0.34134 0.46758
0.34184 0.467
0.34234 0.46641
0.34284 0.46583
0.34334 0.46525
0.34384 0.46466
0.34434 0.46408
0.34484 0.4635
0.34535 0.46291
0.34585 0.46233
0.34635 0.46175
0.34685 0.46117
0.34735 0.46059
0.34785 0.46
0.34835 0.45942
0.34885 0.45884
0.34935 0.45826
0.34985 0.45768
0.35035 0.4571
0.35085 0.45652
0.35135 0.45594
0.35185 0.45537
0.35235 0.45479
0.35285 0.45421
0.35335 0.45363
0.35385 0.45306
0.35435 0.45248
0.35485 0.4519
0.35536 0.45133
0.35586 0.45075
0.35636 0.45018
0.35686 0.4496
0.35736 0.44903
0.35786 0.44845
0.35836 0.44788
0.35886 0.44731
0.35936 0.44674
0.35986 0.44617
0.36036 0.44559
0.36086 0.44502
0.36136 0.44445
0.36186 0.44388
0.36236 0.44332
0.36286 0.44275
0.36336 0.44218
0.36386 0.44161
0.36436 0.44105
0.36486 0.44048
0.36537 0.43992
0.36587 0.43935
0.36637 0.43879
0.36687 0.43822
0.36737 0.43766
0.36787 0.4371
0.36837 0.43654
0.36887 0.43598
0.36937 0.43542
0.36987 0.43486
0.37037 0.4343
0.37087 0.43374
0.37137 0.43318
0.37187 0.43263
0.37237 0.43207
0.37287 0.43152
0.37337 0.43096
0.37387 0.43041
0.37437 0.42985
0.37487 0.4293
0.37538 0.42875
0.37588 0.4282
0.37638 0.42765
0.37688 0.4271
0.37738 0.42655
0.37788 0.426
0.37838 0.42546
0.37888 0.42491
0.37938 0.42436
0.37988 0.42382
0.38038 0.42327
0.38088 0.42273
0.38138 0.42219
0.38188 0.42165
0.38238 0.4211
0.38288 0.42056
0.38338 0.42002
0.38388 0.41948
0.38438 0.41895
0.38488 0.41841
0.38539 0.41787
0.38589 0.41734
0.38639 0.4168
0.38689 0.41627
0.38739 0.41573
0.38789 0.4152
0.38839 0.41467
0.38889 0.41414
0.38939 0.41361
0.38989 0.41308
0.39039 0.41255
0.39089 0.41202
0.39139 0.41149
0.39189 0.41097
0.39239 0.41044
0.39289 0.40991
0.39339 0.40939
0.39389 0.40887
0.39439 0.40834
0.39489 0.40782
0.3954 0.4073
0.3959 0.40678
0.3964 0.40626
0.3969 0.40574
0.3974 0.40522
0.3979 0.4047
0.3984 0.40419
0.3989 0.40367
0.3994 0.40315
0.3999 0.40264
0.4004 0.40213
0.4009 0.40161
0.4014 0.4011
0.4019 0.40059
0.4024 0.40008
0.4029 0.39957
0.4034 0.39906
0.4039 0.39855
0.4044 0.39804
0.4049 0.39753
0.40541 0.39703
0.40591 0.39652
0.40641 0.39602
0.40691 0.39551
0.40741 0.39501
0.40791 0.39451
0.40841 0.394
0.40891 0.3935
0.40941 0.393
0.40991 0.3925
0.41041 0.392
0.41091 0.39151
0.41141 0.39101
0.41191 0.39051
0.41241 0.39001
0.41291 0.38952
0.41341 0.38903
0.41391 0.38853
0.41441 0.38804
0.41491 0.38755
0.41542 0.38705
0.41592 0.38656
0.41642 0.38607
0.41692 0.38558
0.41742 0.3851
0.41792 0.38461
0.41842 0.38412
0.41892 0.38363
0.41942 0.38315
0.41992 0.38266
0.42042 0.38218
0.42092 0.3817
0.42142 0.38121
0.42192 0.38073
0.42242 0.38025
0.42292 0.37977
0.42342 0.37929
0.42392 0.37881
0.42442 0.37834
0.42492 0.37786
0.42543 0.37738
0.42593 0.37691
0.42643 0.37643
0.42693 0.37596
0.42743 0.37549
0.42793 0.37502
0.42843 0.37455
0.42893 0.37408
0.42943 0.37361
0.42993 0.37314
0.43043 0.37267
0.43093 0.3722
0.43143 0.37174
0.43193 0.37127
0.43243 0.37081
0.43293 0.37034
0.43343 0.36988
0.43393 0.36942
0.43443 0.36896
0.43493 0.3685
0.43544 0.36804
0.43594 0.36758
0.43644 0.36712
0.43694 0.36667
0.43744 0.36621
0.43794 0.36576
0.43844 0.36531
0.43894 0.36485
0.43944 0.3644
0.43994 0.36395
0.44044 0.3635
0.44094 0.36305
0.44144 0.3626
0.44194 0.36216
0.44244 0.36171
0.44294 0.36127
0.44344 0.36082
0.44394 0.36038
0.44444 0.35994
0.44494 0.3595
0.44545 0.35906
0.44595 0.35862
0.44645 0.35818
0.44695 0.35774
0.44745 0.35731
0.44795 0.35687
0.44845 0.35644
0.44895 0.35601
0.44945 0.35557
0.44995 0.35514
0.45045 0.35471
0.45095 0.35428
0.45145 0.35386
0.45195 0.35343
0.45245 0.353
0.45295 0.35258
0.45345 0.35216
0.45395 0.35173
0.45445 0.35131
0.45495 0.35089
0.45546 0.35047
0.45596 0.35006
0.45646 0.34964
0.45696 0.34922
0.45746 0.34881
0.45796 0.3484
0.45846 0.34798
0.45896 0.34757
0.45946 0.34716
0.45996 0.34675
0.46046 0.34635
0.46096 0.34594
0.46146 0.34553
0.46196 0.34513
0.46246 0.34472
0.46296 0.34432
0.46346 0.34392
0.46396 0.34352
0.46446 0.34312
0.46496 0.34273
0.46547 0.34233
0.46597 0.34193
0.46647 0.34154
0.46697 0.34115
0.46747 0.34076
0.46797 0.34036
0.46847 0.33998
0.46897 0.33959
0.46947 0.3392
0.46997 0.33881
0.47047 0.33843
0.47097 0.33805
0.47147 0.33766
0.47197 0.33728
0.47247 0.3369
0.47297 0.33652
0.47347 0.33615
0.47397 0.33577
0.47447 0.33539
0.47497 0.33502
0.47548 0.33465
0.47598 0.33428
0.47648 0.33391
0.47698 0.33354
0.47748 0.33317
0.47798 0.3328
0.47848 0.33244
0.47898 0.33207
0.47948 0.33171
0.47998 0.33135
0.48048 0.33099
0.48098 0.33063
0.48148 0.33027
0.48198 0.32991
0.48248 0.32955
0.48298 0.3292
0.48348 0.32885
0.48398 0.32849
0.48448 0.32814
0.48498 0.32779
0.48549 0.32744
0.48599 0.3271
0.48649 0.32675
0.48699 0.32641
0.48749 0.32606
0.48799 0.32572
0.48849 0.32538
0.48899 0.32504
0.48949 0.3247
0.48999 0.32436
0.49049 0.32402
0.49099 0.32369
0.49149 0.32336
0.49199 0.32302
0.49249 0.32269
0.49299 0.32236
0.49349 0.32203
0.49399 0.3217
0.49449 0.32138
0.49499 0.32105
0.4955 0.32073
0.496 0.3204
0.4965 0.32008
0.497 0.31976
0.4975 0.31944
0.498 0.31912
0.4985 0.31881
0.499 0.31849
0.4995 0.31817
0.5 0.31786
0.5005 0.31755
0.501 0.31724
0.5015 0.31693
0.502 0.31662
0.5025 0.31631
0.503 0.31601
0.5035 0.3157
0.504 0.3154
0.5045 0.31509
0.50501 0.31479
0.50551 0.31449
0.50601 0.31419
0.50651 0.3139
0.50701 0.3136
0.50751 0.31331
0.50801 0.31301
0.50851 0.31272
0.50901 0.31243
0.50951 0.31214
0.51001 0.31185
0.51051 0.31156
0.51101 0.31127
0.51151 0.31099
0.51201 0.31071
0.51251 0.31042
0.51301 0.31014
0.51351 0.30986
0.51401 0.30958
0.51451 0.3093
0.51502 0.30903
0.51552 0.30875
0.51602 0.30848
0.51652 0.30821
0.51702 0.30794
0.51752 0.30767
0.51802 0.3074
0.51852 0.30713
0.51902 0.30686
0.51952 0.3066
0.52002 0.30633
0.52052 0.30607
0.52102 0.30581
0.52152 0.30555
0.52202 0.30529
0.52252 0.30504
0.52302 0.30478
0.52352 0.30452
0.52402 0.30427
0.52452 0.30402
0.52503 0.30377
0.52553 0.30352
0.52603 0.30327
0.52653 0.30302
0.52703 0.30278
0.52753 0.30254
0.52803 0.30229
0.52853 0.30205
0.52903 0.30181
0.52953 0.30157
0.53003 0.30133
0.53053 0.3011
0.53103 0.30086
0.53153 0.30063
0.53203 0.3004
0.53253 0.30017
0.53303 0.29994
0.53353 0.29971
0.53403 0.29949
0.53453 0.29926
0.53504 0.29904
0.53554 0.29881
0.53604 0.29859
0.53654 0.29837
0.53704 0.29816
0.53754 0.29794
0.53804 0.29772
0.53854 0.29751
0.53904 0.2973
0.53954 0.29709
0.54004 0.29688
0.54054 0.29667
0.54104 0.29646
0.54154 0.29626
0.54204 0.29605
0.54254 0.29585
0.54304 0.29565
0.54354 0.29545
0.54404 0.29525
0.54454 0.29505
0.54505 0.29486
0.54555 0.29467
0.54605 0.29447
0.54655 0.29428
0.54705 0.29409
0.54755 0.2939
0.54805 0.29372
0.54855 0.29353
0.54905 0.29335
0.54955 0.29317
0.55005 0.29299
0.55055 0.29281
0.55105 0.29263
0.55155 0.29246
0.55205 0.29228
0.55255 0.29211
0.55305 0.29194
0.55355 0.29177
0.55405 0.2916
0.55455 0.29143
0.55506 0.29127
0.55556 0.2911
0.55606 0.29094
0.55656 0.29078
0.55706 0.29062
0.55756 0.29046
0.55806 0.29031
0.55856 0.29015
0.55906 0.29
0.55956 0.28985
0.56006 0.2897
0.56056 0.28955
0.56106 0.2894
0.56156 0.28926
0.56206 0.28911
0.56256 0.28897
0.56306 0.28883
0.56356 0.28869
0.56406 0.28855
0.56456 0.28842
0.56507 0.28828
0.56557 0.28815
0.56607 0.28802
0.56657 0.28789
0.56707 0.28776
0.56757 0.28764
0.56807 0.28751
0.56857 0.28739
0.56907 0.28727
0.56957 0.28715
0.57007 0.28703
0.57057 0.28691
0.57107 0.2868
0.57157 0.28668
0.57207 0.28657
0.57257 0.28646
0.57307 0.28635
0.57357 0.28624
0.57407 0.28614
0.57457 0.28604
0.57508 0.28593
0.57558 0.28583
0.57608 0.28573
0.57658 0.28564
0.57708 0.28554
0.57758 0.28545
0.57808 0.28535
0.57858 0.28526
0.57908 0.28517
0.57958 0.28509
0.58008 0.285
0.58058 0.28492
0.58108 0.28483
0.58158 0.28475
0.58208 0.28468
0.58258 0.2846
0.58308 0.28452
0.58358 0.28445
0.58408 0.28438
0.58458 0.2843
0.58509 0.28424
0.58559 0.28417
0.58609 0.2841
0.58659 0.28404
0.58709 0.28398
0.58759 0.28392
0.58809 0.28386
0.58859 0.2838
0.58909 0.28374
0.58959 0.28369
0.59009 0.28364
0.59059 0.28359
0.59109 0.28354
0.59159 0.28349
0.59209 0.28345
0.59259 0.2834
0.59309 0.28336
0.59359 0.28332
0.59409 0.28328
0.59459 0.28325
0.5951 0.28321
0.5956 0.28318
0.5961 0.28315
0.5966 0.28312
0.5971 0.28309
0.5976 0.28306
0.5981 0.28304
0.5986 0.28302
0.5991 0.283
0.5996 0.28298
0.6001 0.28296
0.6006 0.28294
0.6011 0.28293
0.6016 0.28292
0.6021 0.28291
0.6026 0.2829
0.6031 0.2829
0.6036 0.28289
0.6041 0.28289
0.6046 0.28289
0.60511 0.28289
0.60561 0.28289
0.60611 0.2829
0.60661 0.2829
0.60711 0.28291
0.60761 0.28292
0.60811 0.28293
0.60861 0.28295
0.60911 0.28296
0.60961 0.28298
0.61011 0.283
0.61061 0.28302
0.61111 0.28305
0.61161 0.28307
0.61211 0.2831
0.61261 0.28313
0.61311 0.28316
0.61361 0.28319
0.61411 0.28323
0.61461 0.28327
0.61512 0.2833
0.61562 0.28335
0.61612 0.28339
0.61662 0.28343
0.61712 0.28348
0.61762 0.28353
0.61812 0.28358
0.61862 0.28363
0.61912 0.28369
0.61962 0.28374
0.62012 0.2838
0.62062 0.28386
0.62112 0.28393
0.62162 0.28399
0.62212 0.28406
0.62262 0.28413
0.62312 0.2842
0.62362 0.28427
0.62412 0.28435
0.62462 0.28442
0.62513 0.2845
0.62563 0.28459
0.62613 0.28467
0.62663 0.28475
0.62713 0.28484
0.62763 0.28493
0.62813 0.28502
0.62863 0.28512
0.62913 0.28521
0.62963 0.28531
0.63013 0.28541
0.63063 0.28552
0.63113 0.28562
0.63163 0.28573
0.63213 0.28584
0.63263 0.28595
0.63313 0.28606
0.63363 0.28618
0.63413 0.2863
0.63463 0.28642
0.63514 0.28654
0.63564 0.28666
0.63614 0.28679
0.63664 0.28692
0.63714 0.28705
0.63764 0.28718
0.63814 0.28732
0.63864 0.28746
0.63914 0.2876
0.63964 0.28774
0.64014 0.28788
0.64064 0.28803
0.64114 0.28818
0.64164 0.28833
0.64214 0.28849
0.64264 0.28864
0.64314 0.2888
0.64364 0.28896
0.64414 0.28912
0.64464 0.28929
0.64515 0.28946
0.64565 0.28963
0.64615 0.2898
0.64665 0.28998
0.64715 0.29015
0.64765 0.29033
0.64815 0.29052
0.64865 0.2907
0.64915 0.29089
0.64965 0.29108
0.65015 0.29127
0.65065 0.29146
0.65115 0.29166
0.65165 0.29186
0.65215 0.29206
0.65265 0.29226
0.65315 0.29247
0.65365 0.29268
0.65415 0.29289
0.65465 0.2931
0.65516 0.29332
0.65566 0.29354
0.65616 0.29376
0.65666 0.29398
0.65716 0.29421
0.65766 0.29444
0.65816 0.29467
0.65866 0.29491
0.65916 0.29514
0.65966 0.29538
0.66016 0.29562
0.66066 0.29587
0.66116 0.29611
0.66166 0.29636
0.66216 0.29661
0.66266 0.29687
0.66316 0.29713
0.66366 0.29739
0.66416 0.29765
0.66466 0.29791
0.66517 0.29818
0.66567 0.29845
0.66617 0.29873
0.66667 0.299
0.66717 0.29928
0.66767 0.29956
0.66817 0.29984
0.66867 0.30013
0.66917 0.30042
0.66967 0.30071
0.67017 0.30101
0.67067 0.3013
0.67117 0.3016
0.67167 0.30191
0.67217 0.30221
0.67267 0.30252
0.67317 0.30283
0.67367 0.30315
0.67417 0.30346
0.67467 0.30378
0.67518 0.30411
0.67568 0.30443
0.67618 0.30476
0.67668 0.30509
0.67718 0.30543
0.67768 0.30576
0.67818 0.3061
0.67868 0.30645
0.67918 0.30679
0.67968 0.30714
0.68018 0.30749
0.68068 0.30785
0.68118 0.3082
0.68168 0.30856
0.68218 0.30893
0.68268 0.30929
0.68318 0.30966
0.68368 0.31004
0.68418 0.31041
0.68468 0.31079
0.68519 0.31117
0.68569 0.31156
0.68619 0.31194
0.68669 0.31233
0.68719 0.31273
0.68769 0.31312
0.68819 0.31352
0.68869 0.31393
0.68919 0.31433
0.68969 0.31474
0.69019 0.31516
0.69069 0.31557
0.69119 0.31599
0.69169 0.31641
0.69219 0.31684
0.69269 0.31727
0.69319 0.3177
0.69369 0.31813
0.69419 0.31857
0.69469 0.31901
0.6952 0.31946
0.6957 0.3199
0.6962 0.32035
0.6967 0.32081
0.6972 0.32127
0.6977 0.32173
0.6982 0.32219
0.6987 0.32266
0.6992 0.32313
0.6997 0.3236
0.7002 0.32408
0.7007 0.32456
0.7012 0.32504
0.7017 0.32553
0.7022 0.32602
0.7027 0.32652
0.7032 0.32701
0.7037 0.32751
0.7042 0.32802
0.7047 0.32852
0.70521 0.32904
0.70571 0.32955
0.70621 0.33007
0.70671 0.33059
0.70721 0.33111
0.70771 0.33164
0.70821 0.33217
0.70871 0.33271
0.70921 0.33324
0.70971 0.33378
0.71021 0.33433
0.71071 0.33488
0.71121 0.33543
0.71171 0.33598
0.71221 0.33654
0.71271 0.3371
0.71321 0.33767
0.71371 0.33824
0.71421 0.33881
0.71471 0.33939
0.71522 0.33997
0.71572 0.34055
0.71622 0.34113
0.71672 0.34172
0.71722 0.34232
0.71772 0.34291
0.71822 0.34351
0.71872 0.34411
0.71922 0.34472
0.71972 0.34533
0.72022 0.34594
0.72072 0.34656
0.72122 0.34718
0.72172 0.34781
0.72222 0.34843
0.72272 0.34906
0.72322 0.3497
0.72372 0.35033
0.72422 0.35097
0.72472 0.35162
0.72523 0.35227
0.72573 0.35292
0.72623 0.35357
0.72673 0.35423
0.72723 0.35489
0.72773 0.35555
0.72823 0.35622
0.72873 0.35689
0.72923 0.35757
0.72973 0.35824
0.73023 0.35892
0.73073 0.35961
0.73123 0.3603
0.73173 0.36099
0.73223 0.36168
0.73273 0.36238
0.73323 0.36308
0.73373 0.36378
0.73423 0.36449
0.73473 0.3652
0.73524 0.36592
0.73574 0.36663
0.73624 0.36735
0.73674 0.36808
0.73724 0.3688
0.73774 0.36953
0.73824 0.37027
0.73874 0.371
0.73924 0.37174
0.73974 0.37249
0.74024 0.37323
0.74074 0.37398
0.74124 0.37474
0.74174 0.37549
0.74224 0.37625
0.74274 0.37701
0.74324 0.37778
0.74374 0.37854
0.74424 0.37932
0.74474 0.38009
0.74525 0.38087
0.74575 0.38165
0.74625 0.38243
0.74675 0.38322
0.74725 0.38401
0.74775 0.3848
0.74825 0.3856
0.74875 0.3864
0.74925 0.3872
0.74975 0.388
0.75025 0.38881
0.75075 0.38962
0.75125 0.39044
0.75175 0.39125
0.75225 0.39207
0.75275 0.3929
0.75325 0.39372
0.75375 0.39455
0.75425 0.39538
0.75475 0.39622
0.75526 0.39706
0.75576 0.3979
0.75626 0.39874
0.75676 0.39959
0.75726 0.40044
0.75776 0.40129
0.75826 0.40215
0.75876 0.403
0.75926 0.40387
0.75976 0.40473
0.76026 0.4056
0.76076 0.40647
0.76126 0.40734
0.76176 0.40821
0.76226 0.40909
0.76276 0.40997
0.76326 0.41086
0.76376 0.41174
0.76426 0.41263
0.76476 0.41353
0.76527 0.41442
0.76577 0.41532
0.76627 0.41622
0.76677 0.41712
0.76727 0.41803
0.76777 0.41894
0.76827 0.41985
0.76877 0.42076
0.76927 0.42168
0.76977 0.4226
0.77027 0.42352
0.77077 0.42445
0.77127 0.42537
0.77177 0.4263
0.77227 0.42724
0.77277 0.42817
0.77327 0.42911
0.77377 0.43005
0.77427 0.43099
0.77477 0.43194
0.77528 0.43289
0.77578 0.43384
0.77628 0.43479
0.77678 0.43575
0.77728 0.43671
0.77778 0.43767
0.77828 0.43863
0.77878 0.43959
0.77928 0.44056
0.77978 0.44153
0.78028 0.4425
0.78078 0.44348
0.78128 0.44445
0.78178 0.44543
0.78228 0.44641
0.78278 0.4474
0.78328 0.44838
0.78378 0.44937
0.78428 0.45036
0.78478 0.45135
0.78529 0.45235
0.78579 0.45334
0.78629 0.45434
0.78679 0.45534
0.78729 0.45634
0.78779 0.45734
0.78829 0.45835
0.78879 0.45935
0.78929 0.46036
0.78979 0.46137
0.79029 0.46238
0.79079 0.4634
0.79129 0.46441
0.79179 0.46542
0.79229 0.46644
0.79279 0.46746
0.79329 0.46847
0.79379 0.46949
0.79429 0.47051
0.79479 0.47152
0.7953 0.47254
0.7958 0.47355
0.7963 0.47456
0.7968 0.47557
0.7973 0.47658
0.7978 0.47758
0.7983 0.47858
0.7988 0.47958
0.7993 0.48057
0.7998 0.48156
0.8003 0.48255
0.8008 0.48353
0.8013 0.48451
0.8018 0.48549
0.8023 0.48646
0.8028 0.48743
0.8033 0.4884
0.8038 0.48936
0.8043 0.49032
0.8048 0.49128
0.80531 0.49224
0.80581 0.4932
0.80631 0.49416
0.80681 0.49511
0.80731 0.49607
0.80781 0.49702
0.80831 0.49797
0.80881 0.49892
0.80931 0.49987
0.80981 0.50082
0.81031 0.50177
0.81081 0.50272
0.81131 0.50367
0.81181 0.50462
0.81231 0.50557
0.81281 0.50651
0.81331 0.50746
0.81381 0.5084
0.81431 0.50935
0.81481 0.51029
0.81532 0.51124
0.81582 0.51218
0.81632 0.51312
0.81682 0.51406
0.81732 0.515
0.81782 0.51594
0.81832 0.51688
0.81882 0.51782
0.81932 0.51876
0.81982 0.5197
0.82032 0.52063
0.82082 0.52157
0.82132 0.5225
0.82182 0.52343
0.82232 0.52436
0.82282 0.52529
0.82332 0.52622
0.82382 0.52715
0.82432 0.52808
0.82482 0.529
0.82533 0.52993
0.82583 0.53085
0.82633 0.53177
0.82683 0.53269
0.82733 0.53361
0.82783 0.53452
0.82833 0.53544
0.82883 0.53635
0.82933 0.53727
0.82983 0.53818
0.83033 0.53909
0.83083 0.53999
0.83133 0.5409
0.83183 0.5418
0.83233 0.54271
0.83283 0.54361
0.83333 0.54451
0.83383 0.5454
0.83433 0.5463
0.83483 0.54719
0.83534 0.54808
0.83584 0.54897
0.83634 0.54986
0.83684 0.55074
0.83734 0.55162
0.83784 0.5525
0.83834 0.55338
0.83884 0.55426
0.83934 0.55513
0.83984 0.55601
0.84034 0.55687
0.84084 0.55774
0.84134 0.55861
0.84184 0.55947
0.84234 0.56033
0.84284 0.56119
0.84334 0.56204
0.84384 0.5629
0.84434 0.56375
0.84484 0.5646
0.84535 0.56544
0.84585 0.56628
0.84635 0.56712
0.84685 0.56796
0.84735 0.5688
0.84785 0.56963
0.84835 0.57046
0.84885 0.57129
0.84935 0.57211
0.84985 0.57293
0.85035 0.57375
0.85085 0.57457
0.85135 0.57538
0.85185 0.57619
0.85235 0.577
0.85285 0.57781
0.85335 0.57861
0.85385 0.57941
0.85435 0.5802
0.85485 0.581
0.85536 0.58179
0.85586 0.58258
0.85636 0.58336
0.85686 0.58414
0.85736 0.58492
0.85786 0.5857
0.85836 0.58647
0.85886 0.58724
0.85936 0.58801
0.85986 0.58877
0.86036 0.58953
0.86086 0.59029
0.86136 0.59104
0.86186 0.59179
0.86236 0.59254
0.86286 0.59329
0.86336 0.59403
0.86386 0.59477
0.86436 0.59551
0.86486 0.59624
0.86537 0.59697
0.86587 0.5977
0.86637 0.59842
0.86687 0.59914
0.86737 0.59986
0.86787 0.60057
0.86837 0.60128
0.86887 0.60199
0.86937 0.60269
0.86987 0.6034
0.87037 0.6041
0.87087 0.60479
0.87137 0.60548
0.87187 0.60617
0.87237 0.60686
0.87287 0.60754
0.87337 0.60822
0.87387 0.6089
0.87437 0.60957
0.87487 0.61024
0.87538 0.61091
0.87588 0.61157
0.87638 0.61223
0.87688 0.61289
0.87738 0.61355
0.87788 0.6142
0.87838 0.61485
0.87888 0.61549
0.87938 0.61614
0.87988 0.61678
0.88038 0.61741
0.88088 0.61805
0.88138 0.61868
0.88188 0.6193
0.88238 0.61993
0.88288 0.62055
0.88338 0.62117
0.88388 0.62178
0.88438 0.6224
0.88488 0.62301
0.88539 0.62361
0.88589 0.62422
0.88639 0.62482
0.88689 0.62542
0.88739 0.62601
0.88789 0.6266
0.88839 0.62719
0.88889 0.62778
0.88939 0.62836
0.88989 0.62895
0.89039 0.62952
0.89089 0.6301
0.89139 0.63067
0.89189 0.63124
0.89239 0.63181
0.89289 0.63237
0.89339 0.63293
0.89389 0.63349
0.89439 0.63405
0.89489 0.6346
0.8954 0.63516
0.8959 0.6357
0.8964 0.63625
0.8969 0.63679
0.8974 0.63733
0.8979 0.63787
0.8984 0.63841
0.8989 0.63894
0.8994 0.63947
0.8999 0.64
0.9004 0.64053
0.9009 0.64105
0.9014 0.64157
0.9019 0.64209
0.9024 0.6426
0.9029 0.64312
0.9034 0.64363
0.9039 0.64414
0.9044 0.64464
0.9049 0.64515
0.90541 0.64565
0.90591 0.64615
0.90641 0.64665
0.90691 0.64714
0.90741 0.64764
0.90791 0.64813
0.90841 0.64861
0.90891 0.6491
0.90941 0.64958
0.90991 0.65007
0.91041 0.65055
0.91091 0.65102
0.91141 0.6515
0.91191 0.65197
0.91241 0.65245
0.91291 0.65291
0.91341 0.65338
0.91391 0.65385
0.91441 0.65431
0.91491 0.65477
0.91542 0.65523
0.91592 0.65569
0.91642 0.65614
0.91692 0.6566
0.91742 0.65705
0.91792 0.6575
0.91842 0.65795
0.91892 0.65839
0.91942 0.65884
0.91992 0.65928
0.92042 0.65972
0.92092 0.66016
0.92142 0.66059
0.92192 0.66103
0.92242 0.66146
0.92292 0.66189
0.92342 0.66232
0.92392 0.66275
0.92442 0.66317
0.92492 0.6636
0.92543 0.66402
0.92593 0.66444
0.92643 0.66486
0.92693 0.66527
0.92743 0.66569
0.92793 0.6661
0.92843 0.66651
0.92893 0.66692
0.92943 0.66733
0.92993 0.66774
0.93043 0.66814
0.93093 0.66855
0.93143 0.66895
0.93193 0.66935
0.93243 0.66975
0.93293 0.67014
0.93343 0.67054
0.93393 0.67093
0.93443 0.67132
0.93493 0.67171
0.93544 0.6721
0.93594 0.67248
0.93644 0.67287
0.93694 0.67325
0.93744 0.67363
0.93794 0.67401
0.93844 0.67439
0.93894 0.67477
0.93944 0.67514
0.93994 0.67552
0.94044 0.67589
0.94094 0.67626
0.94144 0.67662
0.94194 0.67699
0.94244 0.67736
0.94294 0.67772
0.94344 0.67808
0.94394 0.67844
0.94444 0.6788
0.94494 0.67915
0.94545 0.67951
0.94595 0.67986
0.94645 0.68021
0.94695 0.68056
0.94745 0.68091
0.94795 0.68126
0.94845 0.6816
0.94895 0.68195
0.94945 0.68229
0.94995 0.68263
0.95045 0.68296
0.95095 0.6833
0.95145 0.68363
0.95195 0.68397
0.95245 0.6843
0.95295 0.68463
0.95345 0.68495
0.95395 0.68528
0.95445 0.6856
0.95495 0.68592
0.95546 0.68624
0.95596 0.68656
0.95646 0.68688
0.95696 0.68719
0.95746 0.68751
0.95796 0.68782
0.95846 0.68813
0.95896 0.68844
0.95946 0.68874
0.95996 0.68904
0.96046 0.68935
0.96096 0.68965
0.96146 0.68995
0.96196 0.69024
0.96246 0.69054
0.96296 0.69083
0.96346 0.69112
0.96396 0.69141
0.96446 0.6917
0.96496 0.69198
0.96547 0.69226
0.96597 0.69254
0.96647 0.69282
0.96697 0.6931
0.96747 0.69338
0.96797 0.69365
0.96847 0.69392
0.96897 0.69419
0.96947 0.69446
0.96997 0.69472
0.97047 0.69499
0.97097 0.69525
0.97147 0.69551
0.97197 0.69577
0.97247 0.69602
0.97297 0.69628
0.97347 0.69653
0.97397 0.69678
0.97447 0.69703
0.97497 0.69727
0.97548 0.69751
0.97598 0.69776
0.97648 0.698
0.97698 0.69823
0.97748 0.69847
0.97798 0.6987
0.97848 0.69893
0.97898 0.69916
0.97948 0.69939
0.97998 0.69961
0.98048 0.69984
0.98098 0.70006
0.98148 0.70028
0.98198 0.70049
0.98248 0.70071
0.98298 0.70092
0.98348 0.70113
0.98398 0.70134
0.98448 0.70155
0.98498 0.70175
0.98549 0.70196
0.98599 0.70216
0.98649 0.70235
0.98699 0.70255
0.98749 0.70274
0.98799 0.70294
0.98849 0.70313
0.98899 0.70331
0.98949 0.7035
0.98999 0.70368
0.99049 0.70387
0.99099 0.70405
0.99149 0.70422
0.99199 0.7044
0.99249 0.70457
0.99299 0.70475
0.99349 0.70491
0.99399 0.70508
0.99449 0.70525
0.99499 0.70541
0.9955 0.70557
0.996 0.70573
0.9965 0.70589
0.997 0.70605
0.9975 0.7062
0.998 0.70635
0.9985 0.7065
0.999 0.70665
0.9995 0.70679
1 0.70694
