time energy 
0 0.45951
0.0005005 0.45991
0.001001 0.4603
0.0015015 0.4607
0.002002 0.4611
0.0025025 0.46149
0.003003 0.46189
0.0035035 0.46228
0.004004 0.46267
0.0045045 0.46306
0.005005 0.46345
0.0055055 0.46383
0.006006 0.46422
0.0065065 0.4646
0.007007 0.46498
0.0075075 0.46537
0.008008 0.46575
0.0085085 0.46612
0.009009 0.4665
0.0095095 0.46688
0.01001 0.46725
0.010511 0.46762
0.011011 0.468
0.011512 0.46837
0.012012 0.46874
0.012513 0.4691
0.013013 0.46947
0.013514 0.46983
0.014014 0.4702
0.014515 0.47056
0.015015 0.47092
0.015516 0.47128
0.016016 0.47164
0.016517 0.47199
0.017017 0.47235
0.017518 0.4727
0.018018 0.47305
0.018519 0.47341
0.019019 0.47375
0.01952 0.4741
0.02002 0.47445
0.020521 0.47479
0.021021 0.47514
0.021522 0.47548
0.022022 0.47582
0.022523 0.47616
0.023023 0.4765
0.023524 0.47683
0.024024 0.47717
0.024525 0.4775
0.025025 0.47783
0.025526 0.47816
0.026026 0.47849
0.026527 0.47882
0.027027 0.47914
0.027528 0.47947
0.028028 0.47979
0.028529 0.48011
0.029029 0.48043
0.02953 0.48075
0.03003 0.48107
0.030531 0.48138
0.031031 0.4817
0.031532 0.48201
0.032032 0.48232
0.032533 0.48263
0.033033 0.48294
0.033534 0.48325
0.034034 0.48355
0.034535 0.48386
0.035035 0.48416
0.035536 0.48446
0.036036 0.48476
0.036537 0.48505
0.037037 0.48535
0.037538 0.48565
0.038038 0.48594
0.038539 0.48623
0.039039 0.48652
0.03954 0.48681
0.04004 0.4871
0.040541 0.48738
0.041041 0.48767
0.041542 0.48795
0.042042 0.48823
0.042543 0.48851
0.043043 0.48879
0.043544 0.48907
0.044044 0.48934
0.044545 0.48962
0.045045 0.48989
0.045546 0.49016
0.046046 0.49043
0.046547 0.4907
0.047047 0.49096
0.047548 0.49123
0.048048 0.49149
0.048549 0.49175
0.049049 0.49201
0.04955 0.49227
0.05005 0.49253
0.050551 0.49279
0.051051 0.49304
0.051552 0.4933
0.052052 0.49355
0.052553 0.4938
0.053053 0.49405
0.053554 0.49429
0.054054 0.49454
0.054555 0.49478
0.055055 0.49503
0.055556 0.49527
0.056056 0.49551
0.056557 0.49575
0.057057 0.49599
0.057558 0.49622
0.058058 0.49646
0.058559 0.49669
0.059059 0.49692
0.05956 0.49715
0.06006 0.49738
0.060561 0.49761
0.061061 0.49783
0.061562 0.49806
0.062062 0.49828
0.062563 0.4985
0.063063 0.49872
0.063564 0.49894
0.064064 0.49916
0.064565 0.49937
0.065065 0.49959
0.065566 0.4998
0.066066 0.50002
0.066567 0.50023
0.067067 0.50043
0.067568 0.50064
0.068068 0.50085
0.068569 0.50105
0.069069 0.50126
0.06957 0.50146
0.07007 0.50166
0.070571 0.50186
0.071071 0.50206
0.071572 0.50226
0.072072 0.50245
0.072573 0.50265
0.073073 0.50284
0.073574 0.50303
0.074074 0.50322
0.074575 0.50341
0.075075 0.5036
0.075576 0.50379
0.076076 0.50397
0.076577 0.50416
0.077077 0.50434
0.077578 0.50452
0.078078 0.5047
0.078579 0.50488
0.079079 0.50506
0.07958 0.50524
0.08008 0.50541
0.080581 0.50559
0.081081 0.50576
0.081582 0.50593
0.082082 0.5061
0.082583 0.50627
0.083083 0.50644
0.083584 0.5066
0.084084 0.50677
0.084585 0.50693
0.085085 0.5071
0.085586 0.50726
0.086086 0.50742
0.086587 0.50758
0.087087 0.50774
0.087588 0.5079
0.088088 0.50805
0.088589 0.50821
0.089089 0.50836
0.08959 0.50852
0.09009 0.50867
0.090591 0.50882
0.091091 0.50897
0.091592 0.50912
0.092092 0.50926
0.092593 0.50941
0.093093 0.50956
0.093594 0.5097
0.094094 0.50984
0.094595 0.50999
0.095095 0.51013
0.095596 0.51027
0.096096 0.51041
0.096597 0.51055
0.097097 0.51068
0.097598 0.51082
0.098098 0.51095
0.098599 0.51109
0.099099 0.51122
0.0996 0.51135
0.1001 0.51149
0.1006 0.51162
0.1011 0.51175
0.1016 0.51187
0.1021 0.512
0.1026 0.51213
0.1031 0.51225
0.1036 0.51238
0.1041 0.5125
0.1046 0.51263
0.10511 0.51275
0.10561 0.51287
0.10611 0.51299
0.10661 0.51311
0.10711 0.51323
0.10761 0.51335
0.10811 0.51347
0.10861 0.51358
0.10911 0.5137
0.10961 0.51381
0.11011 0.51393
0.11061 0.51404
0.11111 0.51415
0.11161 0.51427
0.11211 0.51438
0.11261 0.51449
0.11311 0.5146
0.11361 0.51471
0.11411 0.51482
0.11461 0.51492
0.11512 0.51503
0.11562 0.51514
0.11612 0.51524
0.11662 0.51535
0.11712 0.51546
0.11762 0.51556
0.11812 0.51566
0.11862 0.51577
0.11912 0.51587
0.11962 0.51597
0.12012 0.51607
0.12062 0.51617
0.12112 0.51627
0.12162 0.51637
0.12212 0.51647
0.12262 0.51657
0.12312 0.51667
0.12362 0.51677
0.12412 0.51687
0.12462 0.51697
0.12513 0.51706
0.12563 0.51716
0.12613 0.51726
0.12663 0.51735
0.12713 0.51745
0.12763 0.51754
0.12813 0.51764
0.12863 0.51773
0.12913 0.51783
0.12963 0.51792
0.13013 0.51802
0.13063 0.51811
0.13113 0.51821
0.13163 0.5183
0.13213 0.51839
0.13263 0.51849
0.13313 0.51858
0.13363 0.51867
0.13413 0.51877
0.13463 0.51886
0.13514 0.51895
0.13564 0.51904
0.13614 0.51914
0.13664 0.51923
0.13714 0.51932
0.13764 0.51942
0.13814 0.51951
0.13864 0.5196
0.13914 0.5197
0.13964 0.51979
0.14014 0.51988
0.14064 0.51998
0.14114 0.52007
0.14164 0.52017
0.14214 0.52026
0.14264 0.52036
0.14314 0.52045
0.14364 0.52055
0.14414 0.52064
0.14464 0.52074
0.14515 0.52084
0.14565 0.52094
0.14615 0.52103
0.14665 0.52113
0.14715 0.52123
0.14765 0.52133
0.14815 0.52143
0.14865 0.52153
0.14915 0.52164
0.14965 0.52174
0.15015 0.52184
0.15065 0.52195
0.15115 0.52205
0.15165 0.52216
0.15215 0.52226
0.15265 0.52237
0.15315 0.52248
0.15365 0.52259
0.15415 0.5227
0.15465 0.52281
0.15516 0.52293
0.15566 0.52304
0.15616 0.52316
0.15666 0.52327
0.15716 0.52339
0.15766 0.52351
0.15816 0.52363
0.15866 0.52376
0.15916 0.52388
0.15966 0.52401
0.16016 0.52414
0.16066 0.52427
0.16116 0.5244
0.16166 0.52453
0.16216 0.52467
0.16266 0.52481
0.16316 0.52495
0.16366 0.52509
0.16416 0.52524
0.16466 0.52538
0.16517 0.52553
0.16567 0.52569
0.16617 0.52584
0.16667 0.526
0.16717 0.52616
0.16767 0.52633
0.16817 0.5265
0.16867 0.52667
0.16917 0.52684
0.16967 0.52702
0.17017 0.5272
0.17067 0.52739
0.17117 0.52758
0.17167 0.52777
0.17217 0.52797
0.17267 0.52817
0.17317 0.52838
0.17367 0.52859
0.17417 0.52881
0.17467 0.52904
0.17518 0.52926
0.17568 0.5295
0.17618 0.52974
0.17668 0.52999
0.17718 0.53024
0.17768 0.53051
0.17818 0.53078
0.17868 0.53105
0.17918 0.53134
0.17968 0.53163
0.18018 0.53194
0.18068 0.53225
0.18118 0.53257
0.18168 0.53291
0.18218 0.53325
0.18268 0.53361
0.18318 0.53398
0.18368 0.53436
0.18418 0.53476
0.18468 0.53517
0.18519 0.5356
0.18569 0.53605
0.18619 0.53651
0.18669 0.53699
0.18719 0.53749
0.18769 0.53802
0.18819 0.53857
0.18869 0.53914
0.18919 0.53974
0.18969 0.54036
0.19019 0.54102
0.19069 0.54171
0.19119 0.54243
0.19169 0.54319
0.19219 0.54399
0.19269 0.54483
0.19319 0.54572
0.19369 0.54665
0.19419 0.54764
0.19469 0.54869
0.1952 0.54979
0.1957 0.55095
0.1962 0.55219
0.1967 0.5535
0.1972 0.55488
0.1977 0.55635
0.1982 0.55791
0.1987 0.55956
0.1992 0.5613
0.1997 0.56316
0.2002 0.56512
0.2007 0.5672
0.2012 0.5694
0.2017 0.57172
0.2022 0.57418
0.2027 0.57677
0.2032 0.5795
0.2037 0.58237
0.2042 0.58538
0.2047 0.58854
0.20521 0.59184
0.20571 0.59529
0.20621 0.59887
0.20671 0.60259
0.20721 0.60643
0.20771 0.6104
0.20821 0.61448
0.20871 0.61865
0.20921 0.62291
0.20971 0.62725
0.21021 0.63164
0.21071 0.63607
0.21121 0.64053
0.21171 0.645
0.21221 0.64946
0.21271 0.65389
0.21321 0.65828
0.21371 0.66262
0.21421 0.66689
0.21471 0.67107
0.21522 0.67517
0.21572 0.67916
0.21622 0.68303
0.21672 0.68679
0.21722 0.69043
0.21772 0.69394
0.21822 0.69732
0.21872 0.70057
0.21922 0.70369
0.21972 0.70668
0.22022 0.70955
0.22072 0.71229
0.22122 0.71491
0.22172 0.71741
0.22222 0.7198
0.22272 0.72208
0.22322 0.72425
0.22372 0.72633
0.22422 0.72831
0.22472 0.7302
0.22523 0.732
0.22573 0.73372
0.22623 0.73536
0.22673 0.73694
0.22723 0.73844
0.22773 0.73987
0.22823 0.74125
0.22873 0.74256
0.22923 0.74382
0.22973 0.74503
0.23023 0.74619
0.23073 0.7473
0.23123 0.74836
0.23173 0.74939
0.23223 0.75037
0.23273 0.75132
0.23323 0.75223
0.23373 0.75311
0.23423 0.75396
0.23473 0.75477
0.23524 0.75556
0.23574 0.75632
0.23624 0.75705
0.23674 0.75775
0.23724 0.75844
0.23774 0.75909
0.23824 0.75973
0.23874 0.76034
0.23924 0.76094
0.23974 0.76151
0.24024 0.76206
0.24074 0.7626
0.24124 0.76312
0.24174 0.76362
0.24224 0.7641
0.24274 0.76457
0.24324 0.76502
0.24374 0.76546
0.24424 0.76588
0.24474 0.76629
0.24525 0.76669
0.24575 0.76707
0.24625 0.76744
0.24675 0.76779
0.24725 0.76814
0.24775 0.76847
0.24825 0.76879
0.24875 0.7691
0.24925 0.76939
0.24975 0.76968
0.25025 0.76995
0.25075 0.77022
0.25125 0.77047
0.25175 0.77071
0.25225 0.77095
0.25275 0.77117
0.25325 0.77139
0.25375 0.77159
0.25425 0.77179
0.25475 0.77198
0.25526 0.77216
0.25576 0.77233
0.25626 0.77249
0.25676 0.77264
0.25726 0.77279
0.25776 0.77292
0.25826 0.77305
0.25876 0.77318
0.25926 0.77329
0.25976 0.7734
0.26026 0.77349
0.26076 0.77359
0.26126 0.77367
0.26176 0.77375
0.26226 0.77382
0.26276 0.77388
0.26326 0.77394
0.26376 0.77399
0.26426 0.77403
0.26476 0.77407
0.26527 0.7741
0.26577 0.77412
0.26627 0.77414
0.26677 0.77415
0.26727 0.77415
0.26777 0.77415
0.26827 0.77414
0.26877 0.77413
0.26927 0.77411
0.26977 0.77409
0.27027 0.77406
0.27077 0.77402
0.27127 0.77398
0.27177 0.77393
0.27227 0.77388
0.27277 0.77382
0.27327 0.77376
0.27377 0.77369
0.27427 0.77362
0.27477 0.77354
0.27528 0.77345
0.27578 0.77336
0.27628 0.77327
0.27678 0.77317
0.27728 0.77307
0.27778 0.77296
0.27828 0.77284
0.27878 0.77273
0.27928 0.7726
0.27978 0.77248
0.28028 0.77234
0.28078 0.77221
0.28128 0.77207
0.28178 0.77192
0.28228 0.77177
0.28278 0.77161
0.28328 0.77146
0.28378 0.77129
0.28428 0.77112
0.28478 0.77095
0.28529 0.77078
0.28579 0.7706
0.28629 0.77041
0.28679 0.77022
0.28729 0.77003
0.28779 0.76983
0.28829 0.76963
0.28879 0.76943
0.28929 0.76922
0.28979 0.76901
0.29029 0.76879
0.29079 0.76857
0.29129 0.76835
0.29179 0.76812
0.29229 0.76789
0.29279 0.76765
0.29329 0.76742
0.29379 0.76717
0.29429 0.76693
0.29479 0.76668
0.2953 0.76643
0.2958 0.76617
0.2963 0.76591
0.2968 0.76565
0.2973 0.76538
0.2978 0.76511
0.2983 0.76483
0.2988 0.76456
0.2993 0.76428
0.2998 0.76399
0.3003 0.76371
0.3008 0.76342
0.3013 0.76312
0.3018 0.76283
0.3023 0.76253
0.3028 0.76222
0.3033 0.76192
0.3038 0.76161
0.3043 0.7613
0.3048 0.76098
0.30531 0.76066
0.30581 0.76034
0.30631 0.76002
0.30681 0.75969
0.30731 0.75936
0.30781 0.75903
0.30831 0.75869
0.30881 0.75835
0.30931 0.75801
0.30981 0.75767
0.31031 0.75732
0.31081 0.75697
0.31131 0.75662
0.31181 0.75626
0.31231 0.7559
0.31281 0.75554
0.31331 0.75518
0.31381 0.75481
0.31431 0.75444
0.31481 0.75407
0.31532 0.7537
0.31582 0.75332
0.31632 0.75294
0.31682 0.75256
0.31732 0.75218
0.31782 0.75179
0.31832 0.7514
0.31882 0.75101
0.31932 0.75061
0.31982 0.75022
0.32032 0.74982
0.32082 0.74941
0.32132 0.74901
0.32182 0.7486
0.32232 0.74819
0.32282 0.74778
0.32332 0.74737
0.32382 0.74695
0.32432 0.74654
0.32482 0.74612
0.32533 0.74569
0.32583 0.74527
0.32633 0.74484
0.32683 0.74441
0.32733 0.74398
0.32783 0.74355
0.32833 0.74311
0.32883 0.74267
0.32933 0.74223
0.32983 0.74179
0.33033 0.74134
0.33083 0.7409
0.33133 0.74045
0.33183 0.74
0.33233 0.73955
0.33283 0.73909
0.33333 0.73863
0.33383 0.73817
0.33433 0.73771
0.33483 0.73725
0.33534 0.73679
0.33584 0.73632
0.33634 0.73585
0.33684 0.73538
0.33734 0.73491
0.33784 0.73443
0.33834 0.73396
0.33884 0.73348
0.33934 0.733
0.33984 0.73252
0.34034 0.73203
0.34084 0.73155
0.34134 0.73106
0.34184 0.73057
0.34234 0.73008
0.34284 0.72959
0.34334 0.72909
0.34384 0.7286
0.34434 0.7281
0.34484 0.7276
0.34535 0.7271
0.34585 0.7266
0.34635 0.72609
0.34685 0.72559
0.34735 0.72508
0.34785 0.72457
0.34835 0.72406
0.34885 0.72354
0.34935 0.72303
0.34985 0.72251
0.35035 0.722
0.35085 0.72148
0.35135 0.72096
0.35185 0.72043
0.35235 0.71991
0.35285 0.71939
0.35335 0.71886
0.35385 0.71833
0.35435 0.7178
0.35485 0.71727
0.35536 0.71674
0.35586 0.7162
0.35636 0.71567
0.35686 0.71513
0.35736 0.71459
0.35786 0.71405
0.35836 0.71351
0.35886 0.71297
0.35936 0.71242
0.35986 0.71188
0.36036 0.71133
0.36086 0.71078
0.36136 0.71023
0.36186 0.70968
0.36236 0.70913
0.36286 0.70858
0.36336 0.70802
0.36386 0.70747
0.36436 0.70691
0.36486 0.70635
0.36537 0.70579
0.36587 0.70523
0.36637 0.70467
0.36687 0.70411
0.36737 0.70354
0.36787 0.70298
0.36837 0.70241
0.36887 0.70184
0.36937 0.70127
0.36987 0.7007
0.37037 0.70013
0.37087 0.69956
0.37137 0.69898
0.37187 0.69841
0.37237 0.69783
0.37287 0.69725
0.37337 0.69668
0.37387 0.6961
0.37437 0.69552
0.37487 0.69494
0.37538 0.69435
0.37588 0.69377
0.37638 0.69318
0.37688 0.6926
0.37738 0.69201
0.37788 0.69143
0.37838 0.69084
0.37888 0.69025
0.37938 0.68966
0.37988 0.68907
0.38038 0.68847
0.38088 0.68788
0.38138 0.68729
0.38188 0.68669
0.38238 0.6861
0.38288 0.6855
0.38338 0.6849
0.38388 0.6843
0.38438 0.6837
0.38488 0.6831
0.38539 0.6825
0.38589 0.6819
0.38639 0.6813
0.38689 0.68069
0.38739 0.68009
0.38789 0.67949
0.38839 0.67888
0.38889 0.67827
0.38939 0.67767
0.38989 0.67706
0.39039 0.67645
0.39089 0.67584
0.39139 0.67523
0.39189 0.67462
0.39239 0.67401
0.39289 0.6734
0.39339 0.67278
0.39389 0.67217
0.39439 0.67156
0.39489 0.67094
0.3954 0.67033
0.3959 0.66971
0.3964 0.66909
0.3969 0.66848
0.3974 0.66786
0.3979 0.66724
0.3984 0.66662
0.3989 0.666
0.3994 0.66538
0.3999 0.66476
0.4004 0.66414
0.4009 0.66352
0.4014 0.6629
0.4019 0.66228
0.4024 0.66165
0.4029 0.66103
0.4034 0.66041
0.4039 0.65978
0.4044 0.65916
0.4049 0.65853
0.40541 0.65791
0.40591 0.65728
0.40641 0.65666
0.40691 0.65603
0.40741 0.65541
0.40791 0.65478
0.40841 0.65415
0.40891 0.65352
0.40941 0.6529
0.40991 0.65227
0.41041 0.65164
0.41091 0.65101
0.41141 0.65038
0.41191 0.64976
0.41241 0.64913
0.41291 0.6485
0.41341 0.64787
0.41391 0.64724
0.41441 0.64661
0.41491 0.64598
0.41542 0.64535
0.41592 0.64472
0.41642 0.64409
0.41692 0.64346
0.41742 0.64283
0.41792 0.6422
0.41842 0.64157
0.41892 0.64094
0.41942 0.6403
0.41992 0.63967
0.42042 0.63904
0.42092 0.63841
0.42142 0.63778
0.42192 0.63715
0.42242 0.63652
0.42292 0.63588
0.42342 0.63525
0.42392 0.63462
0.42442 0.63399
0.42492 0.63335
0.42543 0.63272
0.42593 0.63209
0.42643 0.63146
0.42693 0.63082
0.42743 0.63019
0.42793 0.62955
0.42843 0.62892
0.42893 0.62828
0.42943 0.62765
0.42993 0.62701
0.43043 0.62637
0.43093 0.62574
0.43143 0.6251
0.43193 0.62446
0.43243 0.62382
0.43293 0.62318
0.43343 0.62254
0.43393 0.6219
0.43443 0.62125
0.43493 0.62061
0.43544 0.61996
0.43594 0.61932
0.43644 0.61867
0.43694 0.61802
0.43744 0.61737
0.43794 0.61672
0.43844 0.61606
0.43894 0.61541
0.43944 0.61475
0.43994 0.61409
0.44044 0.61343
0.44094 0.61277
0.44144 0.61211
0.44194 0.61144
0.44244 0.61078
0.44294 0.61011
0.44344 0.60944
0.44394 0.60876
0.44444 0.60809
0.44494 0.60741
0.44545 0.60674
0.44595 0.60606
0.44645 0.60537
0.44695 0.60469
0.44745 0.60401
0.44795 0.60332
0.44845 0.60263
0.44895 0.60194
0.44945 0.60125
0.44995 0.60056
0.45045 0.59986
0.45095 0.59917
0.45145 0.59847
0.45195 0.59777
0.45245 0.59707
0.45295 0.59637
0.45345 0.59567
0.45395 0.59496
0.45445 0.59426
0.45495 0.59355
0.45546 0.59284
0.45596 0.59214
0.45646 0.59143
0.45696 0.59072
0.45746 0.59001
0.45796 0.5893
0.45846 0.58859
0.45896 0.58788
0.45946 0.58716
0.45996 0.58645
0.46046 0.58574
0.46096 0.58503
0.46146 0.58431
0.46196 0.5836
0.46246 0.58289
0.46296 0.58217
0.46346 0.58146
0.46396 0.58074
0.46446 0.58003
0.46496 0.57932
0.46547 0.5786
0.46597 0.57789
0.46647 0.57717
0.46697 0.57646
0.46747 0.57575
0.46797 0.57503
0.46847 0.57432
0.46897 0.57361
0.46947 0.5729
0.46997 0.57218
0.47047 0.57147
0.47097 0.57076
0.47147 0.57005
0.47197 0.56934
0.47247 0.56863
0.47297 0.56792
0.47347 0.56721
0.47397 0.5665
0.47447 0.56579
0.47497 0.56508
0.47548 0.56437
0.47598 0.56366
0.47648 0.56296
0.47698 0.56225
0.47748 0.56154
0.47798 0.56084
0.47848 0.56013
0.47898 0.55943
0.47948 0.55872
0.47998 0.55802
0.48048 0.55731
0.48098 0.55661
0.48148 0.55591
0.48198 0.5552
0.48248 0.5545
0.48298 0.5538
0.48348 0.5531
0.48398 0.5524
0.48448 0.5517
0.48498 0.551
0.48549 0.5503
0.48599 0.5496
0.48649 0.54891
0.48699 0.54821
0.48749 0.54751
0.48799 0.54681
0.48849 0.54612
0.48899 0.54542
0.48949 0.54473
0.48999 0.54403
0.49049 0.54334
0.49099 0.54265
0.49149 0.54195
0.49199 0.54126
0.49249 0.54057
0.49299 0.53988
0.49349 0.53919
0.49399 0.5385
0.49449 0.53781
0.49499 0.53712
0.4955 0.53643
0.496 0.53574
0.4965 0.53506
0.497 0.53437
0.4975 0.53368
0.498 0.533
0.4985 0.53231
0.499 0.53163
0.4995 0.53094
0.5 0.53026
0.5005 0.52958
0.501 0.52889
0.5015 0.52821
0.502 0.52753
0.5025 0.52685
0.503 0.52617
0.5035 0.52549
0.504 0.52481
0.5045 0.52413
0.50501 0.52345
0.50551 0.52278
0.50601 0.5221
0.50651 0.52142
0.50701 0.52075
0.50751 0.52007
0.50801 0.5194
0.50851 0.51872
0.50901 0.51805
0.50951 0.51738
0.51001 0.5167
0.51051 0.51603
0.51101 0.51536
0.51151 0.51469
0.51201 0.51402
0.51251 0.51335
0.51301 0.51269
0.51351 0.51202
0.51401 0.51135
0.51451 0.51068
0.51502 0.51002
0.51552 0.50935
0.51602 0.50869
0.51652 0.50802
0.51702 0.50736
0.51752 0.5067
0.51802 0.50604
0.51852 0.50537
0.51902 0.50471
0.51952 0.50405
0.52002 0.50339
0.52052 0.50274
0.52102 0.50208
0.52152 0.50142
0.52202 0.50076
0.52252 0.50011
0.52302 0.49945
0.52352 0.4988
0.52402 0.49814
0.52452 0.49749
0.52503 0.49684
0.52553 0.49619
0.52603 0.49553
0.52653 0.49488
0.52703 0.49423
0.52753 0.49358
0.52803 0.49294
0.52853 0.49229
0.52903 0.49164
0.52953 0.491
0.53003 0.49035
0.53053 0.48971
0.53103 0.48906
0.53153 0.48842
0.53203 0.48778
0.53253 0.48713
0.53303 0.48649
0.53353 0.48585
0.53403 0.48521
0.53453 0.48458
0.53504 0.48394
0.53554 0.4833
0.53604 0.48267
0.53654 0.48203
0.53704 0.4814
0.53754 0.48076
0.53804 0.48013
0.53854 0.4795
0.53904 0.47886
0.53954 0.47823
0.54004 0.4776
0.54054 0.47698
0.54104 0.47635
0.54154 0.47572
0.54204 0.47509
0.54254 0.47447
0.54304 0.47384
0.54354 0.47322
0.54404 0.4726
0.54454 0.47197
0.54505 0.47135
0.54555 0.47073
0.54605 0.47011
0.54655 0.46949
0.54705 0.46888
0.54755 0.46826
0.54805 0.46764
0.54855 0.46703
0.54905 0.46641
0.54955 0.4658
0.55005 0.46519
0.55055 0.46458
0.55105 0.46397
0.55155 0.46336
0.55205 0.46275
0.55255 0.46214
0.55305 0.46153
0.55355 0.46093
0.55405 0.46032
0.55455 0.45972
0.55506 0.45911
0.55556 0.45851
0.55606 0.45791
0.55656 0.45731
0.55706 0.45671
0.55756 0.45611
0.55806 0.45551
0.55856 0.45492
0.55906 0.45432
0.55956 0.45373
0.56006 0.45313
0.56056 0.45254
0.56106 0.45195
0.56156 0.45136
0.56206 0.45077
0.56256 0.45018
0.56306 0.44959
0.56356 0.44901
0.56406 0.44842
0.56456 0.44784
0.56507 0.44725
0.56557 0.44667
0.56607 0.44609
0.56657 0.44551
0.56707 0.44493
0.56757 0.44435
0.56807 0.44378
0.56857 0.4432
0.56907 0.44262
0.56957 0.44205
0.57007 0.44148
0.57057 0.44091
0.57107 0.44034
0.57157 0.43977
0.57207 0.4392
0.57257 0.43863
0.57307 0.43806
0.57357 0.4375
0.57407 0.43694
0.57457 0.43637
0.57508 0.43581
0.57558 0.43525
0.57608 0.43469
0.57658 0.43413
0.57708 0.43358
0.57758 0.43302
0.57808 0.43247
0.57858 0.43191
0.57908 0.43136
0.57958 0.43081
0.58008 0.43026
0.58058 0.42971
0.58108 0.42916
0.58158 0.42862
0.58208 0.42807
0.58258 0.42753
0.58308 0.42698
0.58358 0.42644
0.58408 0.4259
0.58458 0.42536
0.58509 0.42482
0.58559 0.42429
0.58609 0.42375
0.58659 0.42322
0.58709 0.42269
0.58759 0.42215
0.58809 0.42162
0.58859 0.42109
0.58909 0.42057
0.58959 0.42004
0.59009 0.41951
0.59059 0.41899
0.59109 0.41847
0.59159 0.41795
0.59209 0.41743
0.59259 0.41691
0.59309 0.41639
0.59359 0.41587
0.59409 0.41536
0.59459 0.41485
0.5951 0.41433
0.5956 0.41382
0.5961 0.41331
0.5966 0.4128
0.5971 0.4123
0.5976 0.41179
0.5981 0.41129
0.5986 0.41079
0.5991 0.41028
0.5996 0.40978
0.6001 0.40929
0.6006 0.40879
0.6011 0.40829
0.6016 0.4078
0.6021 0.40731
0.6026 0.40681
0.6031 0.40632
0.6036 0.40583
0.6041 0.40535
0.6046 0.40486
0.60511 0.40438
0.60561 0.40389
0.60611 0.40341
0.60661 0.40293
0.60711 0.40245
0.60761 0.40198
0.60811 0.4015
0.60861 0.40103
0.60911 0.40055
0.60961 0.40008
0.61011 0.39961
0.61061 0.39915
0.61111 0.39868
0.61161 0.39821
0.61211 0.39775
0.61261 0.39729
0.61311 0.39683
0.61361 0.39637
0.61411 0.39591
0.61461 0.39546
0.61512 0.395
0.61562 0.39455
0.61612 0.3941
0.61662 0.39365
0.61712 0.3932
0.61762 0.39275
0.61812 0.39231
0.61862 0.39186
0.61912 0.39142
0.61962 0.39098
0.62012 0.39054
0.62062 0.39011
0.62112 0.38967
0.62162 0.38924
0.62212 0.38881
0.62262 0.38838
0.62312 0.38795
0.62362 0.38752
0.62412 0.38709
0.62462 0.38667
0.62513 0.38625
0.62563 0.38583
0.62613 0.38541
0.62663 0.38499
0.62713 0.38458
0.62763 0.38416
0.62813 0.38375
0.62863 0.38334
0.62913 0.38293
0.62963 0.38253
0.63013 0.38212
0.63063 0.38172
0.63113 0.38132
0.63163 0.38092
0.63213 0.38052
0.63263 0.38012
0.63313 0.37973
0.63363 0.37934
0.63413 0.37894
0.63463 0.37856
0.63514 0.37817
0.63564 0.37778
0.63614 0.3774
0.63664 0.37702
0.63714 0.37664
0.63764 0.37626
0.63814 0.37588
0.63864 0.37551
0.63914 0.37513
0.63964 0.37476
0.64014 0.37439
0.64064 0.37403
0.64114 0.37366
0.64164 0.3733
0.64214 0.37294
0.64264 0.37258
0.64314 0.37222
0.64364 0.37186
0.64414 0.37151
0.64464 0.37116
0.64515 0.37081
0.64565 0.37046
0.64615 0.37011
0.64665 0.36977
0.64715 0.36943
0.64765 0.36909
0.64815 0.36875
0.64865 0.36841
0.64915 0.36808
0.64965 0.36774
0.65015 0.36741
0.65065 0.36709
0.65115 0.36676
0.65165 0.36643
0.65215 0.36611
0.65265 0.36579
0.65315 0.36547
0.65365 0.36516
0.65415 0.36484
0.65465 0.36453
0.65516 0.36422
0.65566 0.36391
0.65616 0.36361
0.65666 0.3633
0.65716 0.363
0.65766 0.3627
0.65816 0.3624
0.65866 0.36211
0.65916 0.36181
0.65966 0.36152
0.66016 0.36123
0.66066 0.36094
0.66116 0.36066
0.66166 0.36038
0.66216 0.3601
0.66266 0.35982
0.66316 0.35954
0.66366 0.35927
0.66416 0.35899
0.66466 0.35873
0.66517 0.35846
0.66567 0.35819
0.66617 0.35793
0.66667 0.35767
0.66717 0.35741
0.66767 0.35715
0.66817 0.3569
0.66867 0.35665
0.66917 0.3564
0.66967 0.35615
0.67017 0.3559
0.67067 0.35566
0.67117 0.35542
0.67167 0.35518
0.67217 0.35495
0.67267 0.35471
0.67317 0.35448
0.67367 0.35425
0.67417 0.35402
0.67467 0.3538
0.67518 0.35358
0.67568 0.35336
0.67618 0.35314
0.67668 0.35293
0.67718 0.35271
0.67768 0.3525
0.67818 0.35229
0.67868 0.35209
0.67918 0.35189
0.67968 0.35168
0.68018 0.35149
0.68068 0.35129
0.68118 0.3511
0.68168 0.35091
0.68218 0.35072
0.68268 0.35053
0.68318 0.35035
0.68368 0.35017
0.68418 0.34999
0.68468 0.34981
0.68519 0.34964
0.68569 0.34947
0.68619 0.3493
0.68669 0.34913
0.68719 0.34897
0.68769 0.34881
0.68819 0.34865
0.68869 0.34849
0.68919 0.34834
0.68969 0.34819
0.69019 0.34804
0.69069 0.34789
0.69119 0.34775
0.69169 0.34761
0.69219 0.34747
0.69269 0.34734
0.69319 0.34721
0.69369 0.34708
0.69419 0.34695
0.69469 0.34682
0.6952 0.3467
0.6957 0.34658
0.6962 0.34647
0.6967 0.34635
0.6972 0.34624
0.6977 0.34613
0.6982 0.34602
0.6987 0.34592
0.6992 0.34582
0.6997 0.34572
0.7002 0.34563
0.7007 0.34554
0.7012 0.34545
0.7017 0.34536
0.7022 0.34527
0.7027 0.34519
0.7032 0.34512
0.7037 0.34504
0.7042 0.34497
0.7047 0.3449
0.70521 0.34483
0.70571 0.34476
0.70621 0.3447
0.70671 0.34464
0.70721 0.34459
0.70771 0.34453
0.70821 0.34448
0.70871 0.34444
0.70921 0.34439
0.70971 0.34435
0.71021 0.34431
0.71071 0.34428
0.71121 0.34424
0.71171 0.34421
0.71221 0.34419
0.71271 0.34416
0.71321 0.34414
0.71371 0.34412
0.71421 0.34411
0.71471 0.3441
0.71522 0.34409
0.71572 0.34408
0.71622 0.34408
0.71672 0.34408
0.71722 0.34408
0.71772 0.34408
0.71822 0.34409
0.71872 0.3441
0.71922 0.34412
0.71972 0.34414
0.72022 0.34416
0.72072 0.34418
0.72122 0.34421
0.72172 0.34424
0.72222 0.34427
0.72272 0.34431
0.72322 0.34435
0.72372 0.34439
0.72422 0.34444
0.72472 0.34448
0.72523 0.34454
0.72573 0.34459
0.72623 0.34465
0.72673 0.34471
0.72723 0.34478
0.72773 0.34484
0.72823 0.34491
0.72873 0.34499
0.72923 0.34507
0.72973 0.34515
0.73023 0.34523
0.73073 0.34532
0.73123 0.34541
0.73173 0.3455
0.73223 0.3456
0.73273 0.3457
0.73323 0.3458
0.73373 0.34591
0.73423 0.34602
0.73473 0.34613
0.73524 0.34625
0.73574 0.34637
0.73624 0.34649
0.73674 0.34662
0.73724 0.34675
0.73774 0.34688
0.73824 0.34701
0.73874 0.34715
0.73924 0.3473
0.73974 0.34744
0.74024 0.34759
0.74074 0.34775
0.74124 0.3479
0.74174 0.34806
0.74224 0.34823
0.74274 0.34839
0.74324 0.34856
0.74374 0.34874
0.74424 0.34891
0.74474 0.34909
0.74525 0.34928
0.74575 0.34946
0.74625 0.34965
0.74675 0.34985
0.74725 0.35005
0.74775 0.35025
0.74825 0.35045
0.74875 0.35066
0.74925 0.35087
0.74975 0.35109
0.75025 0.35131
0.75075 0.35153
0.75125 0.35175
0.75175 0.35198
0.75225 0.35221
0.75275 0.35245
0.75325 0.35269
0.75375 0.35293
0.75425 0.35318
0.75475 0.35343
0.75526 0.35368
0.75576 0.35394
0.75626 0.3542
0.75676 0.35447
0.75726 0.35474
0.75776 0.35501
0.75826 0.35528
0.75876 0.35556
0.75926 0.35584
0.75976 0.35613
0.76026 0.35642
0.76076 0.35671
0.76126 0.35701
0.76176 0.35731
0.76226 0.35761
0.76276 0.35792
0.76326 0.35823
0.76376 0.35855
0.76426 0.35887
0.76476 0.35919
0.76527 0.35951
0.76577 0.35984
0.76627 0.36018
0.76677 0.36051
0.76727 0.36085
0.76777 0.3612
0.76827 0.36154
0.76877 0.36189
0.76927 0.36225
0.76977 0.36261
0.77027 0.36297
0.77077 0.36333
0.77127 0.3637
0.77177 0.36408
0.77227 0.36445
0.77277 0.36483
0.77327 0.36522
0.77377 0.3656
0.77427 0.36599
0.77477 0.36639
0.77528 0.36678
0.77578 0.36719
0.77628 0.36759
0.77678 0.368
0.77728 0.36841
0.77778 0.36882
0.77828 0.36924
0.77878 0.36966
0.77928 0.37008
0.77978 0.37051
0.78028 0.37094
0.78078 0.37137
0.78128 0.37181
0.78178 0.37225
0.78228 0.37268
0.78278 0.37313
0.78328 0.37357
0.78378 0.37401
0.78428 0.37445
0.78478 0.37489
0.78529 0.37532
0.78579 0.37575
0.78629 0.37616
0.78679 0.37657
0.78729 0.37695
0.78779 0.37731
0.78829 0.37763
0.78879 0.37791
0.78929 0.37813
0.78979 0.37827
0.79029 0.3783
0.79079 0.37821
0.79129 0.37797
0.79179 0.37753
0.79229 0.37686
0.79279 0.37591
0.79329 0.37465
0.79379 0.37304
0.79429 0.37105
0.79479 0.36864
0.7953 0.36582
0.7958 0.36259
0.7963 0.35898
0.7968 0.35504
0.7973 0.35084
0.7978 0.34644
0.7983 0.34194
0.7988 0.33743
0.7993 0.33299
0.7998 0.3287
0.8003 0.32463
0.8008 0.32082
0.8013 0.31732
0.8018 0.31413
0.8023 0.31127
0.8028 0.30873
0.8033 0.30651
0.8038 0.30458
0.8043 0.30292
0.8048 0.3015
0.80531 0.30031
0.80581 0.29932
0.80631 0.29851
0.80681 0.29784
0.80731 0.29732
0.80781 0.29691
0.80831 0.2966
0.80881 0.29637
0.80931 0.29622
0.80981 0.29614
0.81031 0.29611
0.81081 0.29612
0.81131 0.29618
0.81181 0.29627
0.81231 0.29639
0.81281 0.29653
0.81331 0.2967
0.81381 0.29688
0.81431 0.29708
0.81481 0.29729
0.81532 0.29752
0.81582 0.29775
0.81632 0.29799
0.81682 0.29824
0.81732 0.2985
0.81782 0.29877
0.81832 0.29903
0.81882 0.29931
0.81932 0.29959
0.81982 0.29987
0.82032 0.30015
0.82082 0.30044
0.82132 0.30073
0.82182 0.30102
0.82232 0.30132
0.82282 0.30162
0.82332 0.30192
0.82382 0.30223
0.82432 0.30253
0.82482 0.30284
0.82533 0.30315
0.82583 0.30346
0.82633 0.30377
0.82683 0.30409
0.82733 0.30441
0.82783 0.30473
0.82833 0.30505
0.82883 0.30537
0.82933 0.30569
0.82983 0.30602
0.83033 0.30635
0.83083 0.30667
0.83133 0.30701
0.83183 0.30734
0.83233 0.30767
0.83283 0.30801
0.83333 0.30834
0.83383 0.30868
0.83433 0.30902
0.83483 0.30937
0.83534 0.30971
0.83584 0.31005
0.83634 0.3104
0.83684 0.31075
0.83734 0.3111
0.83784 0.31145
0.83834 0.3118
0.83884 0.31215
0.83934 0.31251
0.83984 0.31287
0.84034 0.31322
0.84084 0.31358
0.84134 0.31394
0.84184 0.31431
0.84234 0.31467
0.84284 0.31504
0.84334 0.3154
0.84384 0.31577
0.84434 0.31614
0.84484 0.31651
0.84535 0.31689
0.84585 0.31726
0.84635 0.31763
0.84685 0.31801
0.84735 0.31839
0.84785 0.31877
0.84835 0.31915
0.84885 0.31953
0.84935 0.31991
0.84985 0.3203
0.85035 0.32068
0.85085 0.32107
0.85135 0.32146
0.85185 0.32185
0.85235 0.32224
0.85285 0.32263
0.85335 0.32303
0.85385 0.32342
0.85435 0.32382
0.85485 0.32422
0.85536 0.32462
0.85586 0.32502
0.85636 0.32542
0.85686 0.32582
0.85736 0.32622
0.85786 0.32663
0.85836 0.32704
0.85886 0.32744
0.85936 0.32785
0.85986 0.32826
0.86036 0.32867
0.86086 0.32908
0.86136 0.3295
0.86186 0.32991
0.86236 0.33033
0.86286 0.33075
0.86336 0.33116
0.86386 0.33158
0.86436 0.332
0.86486 0.33243
0.86537 0.33285
0.86587 0.33327
0.86637 0.3337
0.86687 0.33412
0.86737 0.33455
0.86787 0.33498
0.86837 0.33541
0.86887 0.33584
0.86937 0.33627
0.86987 0.3367
0.87037 0.33714
0.87087 0.33757
0.87137 0.33801
0.87187 0.33844
0.87237 0.33888
0.87287 0.33932
0.87337 0.33976
0.87387 0.3402
0.87437 0.34064
0.87487 0.34108
0.87538 0.34153
0.87588 0.34197
0.87638 0.34242
0.87688 0.34286
0.87738 0.34331
0.87788 0.34376
0.87838 0.34421
0.87888 0.34466
0.87938 0.34511
0.87988 0.34556
0.88038 0.34602
0.88088 0.34647
0.88138 0.34693
0.88188 0.34738
0.88238 0.34784
0.88288 0.3483
0.88338 0.34875
0.88388 0.34921
0.88438 0.34967
0.88488 0.35013
0.88539 0.3506
0.88589 0.35106
0.88639 0.35152
0.88689 0.35199
0.88739 0.35245
0.88789 0.35292
0.88839 0.35338
0.88889 0.35385
0.88939 0.35432
0.88989 0.35479
0.89039 0.35526
0.89089 0.35573
0.89139 0.3562
0.89189 0.35667
0.89239 0.35714
0.89289 0.35762
0.89339 0.35809
0.89389 0.35856
0.89439 0.35904
0.89489 0.35952
0.8954 0.35999
0.8959 0.36047
0.8964 0.36095
0.8969 0.36143
0.8974 0.3619
0.8979 0.36238
0.8984 0.36286
0.8989 0.36335
0.8994 0.36383
0.8999 0.36431
0.9004 0.36479
0.9009 0.36527
0.9014 0.36576
0.9019 0.36624
0.9024 0.36673
0.9029 0.36721
0.9034 0.3677
0.9039 0.36819
0.9044 0.36867
0.9049 0.36916
0.90541 0.36965
0.90591 0.37014
0.90641 0.37062
0.90691 0.37111
0.90741 0.3716
0.90791 0.37209
0.90841 0.37258
0.90891 0.37307
0.90941 0.37357
0.90991 0.37406
0.91041 0.37455
0.91091 0.37504
0.91141 0.37554
0.91191 0.37603
0.91241 0.37652
0.91291 0.37702
0.91341 0.37751
0.91391 0.378
0.91441 0.3785
0.91491 0.37899
0.91542 0.37949
0.91592 0.37999
0.91642 0.38048
0.91692 0.38098
0.91742 0.38147
0.91792 0.38197
0.91842 0.38247
0.91892 0.38297
0.91942 0.38346
0.91992 0.38396
0.92042 0.38446
0.92092 0.38496
0.92142 0.38545
0.92192 0.38595
0.92242 0.38645
0.92292 0.38695
0.92342 0.38745
0.92392 0.38795
0.92442 0.38845
0.92492 0.38894
0.92543 0.38944
0.92593 0.38994
0.92643 0.39044
0.92693 0.39094
0.92743 0.39144
0.92793 0.39194
0.92843 0.39244
0.92893 0.39294
0.92943 0.39344
0.92993 0.39394
0.93043 0.39444
0.93093 0.39494
0.93143 0.39543
0.93193 0.39593
0.93243 0.39643
0.93293 0.39693
0.93343 0.39743
0.93393 0.39793
0.93443 0.39843
0.93493 0.39893
0.93544 0.39943
0.93594 0.39993
0.93644 0.40042
0.93694 0.40092
0.93744 0.40142
0.93794 0.40192
0.93844 0.40242
0.93894 0.40291
0.93944 0.40341
0.93994 0.40391
0.94044 0.4044
0.94094 0.4049
0.94144 0.4054
0.94194 0.40589
0.94244 0.40639
0.94294 0.40688
0.94344 0.40738
0.94394 0.40787
0.94444 0.40837
0.94494 0.40886
0.94545 0.40936
0.94595 0.40985
0.94645 0.41035
0.94695 0.41084
0.94745 0.41133
0.94795 0.41182
0.94845 0.41232
0.94895 0.41281
0.94945 0.4133
0.94995 0.41379
0.95045 0.41428
0.95095 0.41477
0.95145 0.41526
0.95195 0.41575
0.95245 0.41624
0.95295 0.41672
0.95345 0.41721
0.95395 0.4177
0.95445 0.41818
0.95495 0.41867
0.95546 0.41916
0.95596 0.41964
0.95646 0.42012
0.95696 0.42061
0.95746 0.42109
0.95796 0.42157
0.95846 0.42206
0.95896 0.42254
0.95946 0.42302
0.95996 0.4235
0.96046 0.42398
0.96096 0.42446
0.96146 0.42494
0.96196 0.42541
0.96246 0.42589
0.96296 0.42637
0.96346 0.42684
0.96396 0.42732
0.96446 0.42779
0.96496 0.42826
0.96547 0.42874
0.96597 0.42921
0.96647 0.42968
0.96697 0.43015
0.96747 0.43062
0.96797 0.43109
0.96847 0.43156
0.96897 0.43202
0.96947 0.43249
0.96997 0.43296
0.97047 0.43342
0.97097 0.43389
0.97147 0.43435
0.97197 0.43481
0.97247 0.43527
0.97297 0.43573
0.97347 0.43619
0.97397 0.43665
0.97447 0.43711
0.97497 0.43757
0.97548 0.43802
0.97598 0.43848
0.97648 0.43893
0.97698 0.43939
0.97748 0.43984
0.97798 0.44029
0.97848 0.44074
0.97898 0.44119
0.97948 0.44164
0.97998 0.44209
0.98048 0.44254
0.98098 0.44298
0.98148 0.44343
0.98198 0.44387
0.98248 0.44431
0.98298 0.44475
0.98348 0.4452
0.98398 0.44563
0.98448 0.44607
0.98498 0.44651
0.98549 0.44695
0.98599 0.44738
0.98649 0.44782
0.98699 0.44825
0.98749 0.44868
0.98799 0.44911
0.98849 0.44954
0.98899 0.44997
0.98949 0.4504
0.98999 0.45083
0.99049 0.45125
0.99099 0.45167
0.99149 0.4521
0.99199 0.45252
0.99249 0.45294
0.99299 0.45336
0.99349 0.45378
0.99399 0.4542
0.99449 0.45461
0.99499 0.45503
0.9955 0.45544
0.996 0.45585
0.9965 0.45626
0.997 0.45667
0.9975 0.45708
0.998 0.45749
0.9985 0.45789
0.999 0.4583
0.9995 0.4587
1 0.45911
