time energy 
0 0.70712
0.0005005 0.70726
0.001001 0.70741
0.0015015 0.70755
0.002002 0.70769
0.0025025 0.70782
0.003003 0.70796
0.0035035 0.70809
0.004004 0.70823
0.0045045 0.70836
0.005005 0.70849
0.0055055 0.70861
0.006006 0.70874
0.0065065 0.70886
0.007007 0.70898
0.0075075 0.7091
0.008008 0.70922
0.0085085 0.70934
0.009009 0.70945
0.0095095 0.70957
0.01001 0.70968
0.010511 0.70979
0.011011 0.7099
0.011512 0.71
0.012012 0.71011
0.012513 0.71021
0.013013 0.71031
0.013514 0.71041
0.014014 0.71051
0.014515 0.7106
0.015015 0.7107
0.015516 0.71079
0.016016 0.71088
0.016517 0.71096
0.017017 0.71105
0.017518 0.71113
0.018018 0.71122
0.018519 0.71129
0.019019 0.71137
0.01952 0.71145
0.02002 0.71152
0.020521 0.71159
0.021021 0.71166
0.021522 0.71173
0.022022 0.7118
0.022523 0.71186
0.023023 0.71192
0.023524 0.71198
0.024024 0.71204
0.024525 0.7121
0.025025 0.71215
0.025526 0.71221
0.026026 0.71226
0.026527 0.71231
0.027027 0.71236
0.027528 0.7124
0.028028 0.71245
0.028529 0.71249
0.029029 0.71253
0.02953 0.71257
0.03003 0.71261
0.030531 0.71264
0.031031 0.71268
0.031532 0.71271
0.032032 0.71274
0.032533 0.71277
0.033033 0.71279
0.033534 0.71282
0.034034 0.71284
0.034535 0.71286
0.035035 0.71289
0.035536 0.7129
0.036036 0.71292
0.036537 0.71293
0.037037 0.71295
0.037538 0.71296
0.038038 0.71297
0.038539 0.71297
0.039039 0.71298
0.03954 0.71298
0.04004 0.71298
0.040541 0.71298
0.041041 0.71298
0.041542 0.71298
0.042042 0.71297
0.042543 0.71296
0.043043 0.71295
0.043544 0.71294
0.044044 0.71292
0.044545 0.71291
0.045045 0.71289
0.045546 0.71287
0.046046 0.71285
0.046547 0.71282
0.047047 0.7128
0.047548 0.71277
0.048048 0.71274
0.048549 0.71271
0.049049 0.71268
0.04955 0.71264
0.05005 0.71261
0.050551 0.71257
0.051051 0.71253
0.051552 0.71248
0.052052 0.71244
0.052553 0.7124
0.053053 0.71235
0.053554 0.7123
0.054054 0.71225
0.054555 0.7122
0.055055 0.71214
0.055556 0.71209
0.056056 0.71203
0.056557 0.71197
0.057057 0.71191
0.057558 0.71185
0.058058 0.71179
0.058559 0.71172
0.059059 0.71165
0.05956 0.71158
0.06006 0.71151
0.060561 0.71144
0.061061 0.71137
0.061562 0.71129
0.062062 0.71121
0.062563 0.71113
0.063063 0.71105
0.063564 0.71096
0.064064 0.71088
0.064565 0.71079
0.065065 0.7107
0.065566 0.71061
0.066066 0.71051
0.066567 0.71042
0.067067 0.71032
0.067568 0.71022
0.068068 0.71012
0.068569 0.71001
0.069069 0.70991
0.06957 0.7098
0.07007 0.70969
0.070571 0.70958
0.071071 0.70947
0.071572 0.70936
0.072072 0.70924
0.072573 0.70912
0.073073 0.709
0.073574 0.70888
0.074074 0.70876
0.074575 0.70863
0.075075 0.70851
0.075576 0.70838
0.076076 0.70825
0.076577 0.70812
0.077077 0.70799
0.077578 0.70785
0.078078 0.70772
0.078579 0.70758
0.079079 0.70744
0.07958 0.7073
0.08008 0.70715
0.080581 0.70701
0.081081 0.70686
0.081582 0.70672
0.082082 0.70657
0.082583 0.70642
0.083083 0.70626
0.083584 0.70611
0.084084 0.70595
0.084585 0.70579
0.085085 0.70563
0.085586 0.70547
0.086086 0.7053
0.086587 0.70514
0.087087 0.70497
0.087588 0.7048
0.088088 0.70463
0.088589 0.70445
0.089089 0.70428
0.08959 0.7041
0.09009 0.70392
0.090591 0.70374
0.091091 0.70356
0.091592 0.70337
0.092092 0.70319
0.092593 0.703
0.093093 0.70281
0.093594 0.70262
0.094094 0.70242
0.094595 0.70223
0.095095 0.70203
0.095596 0.70184
0.096096 0.70164
0.096597 0.70143
0.097097 0.70123
0.097598 0.70103
0.098098 0.70082
0.098599 0.70061
0.099099 0.7004
0.0996 0.70019
0.1001 0.69998
0.1006 0.69977
0.1011 0.69955
0.1016 0.69934
0.1021 0.69912
0.1026 0.6989
0.1031 0.69868
0.1036 0.69845
0.1041 0.69823
0.1046 0.698
0.10511 0.69777
0.10561 0.69754
0.10611 0.69731
0.10661 0.69708
0.10711 0.69684
0.10761 0.6966
0.10811 0.69636
0.10861 0.69612
0.10911 0.69588
0.10961 0.69564
0.11011 0.69539
0.11061 0.69514
0.11111 0.69489
0.11161 0.69464
0.11211 0.69439
0.11261 0.69413
0.11311 0.69387
0.11361 0.69362
0.11411 0.69335
0.11461 0.69309
0.11512 0.69283
0.11562 0.69256
0.11612 0.6923
0.11662 0.69203
0.11712 0.69176
0.11762 0.69149
0.11812 0.69122
0.11862 0.69094
0.11912 0.69067
0.11962 0.69039
0.12012 0.69011
0.12062 0.68983
0.12112 0.68955
0.12162 0.68927
0.12212 0.68898
0.12262 0.6887
0.12312 0.68841
0.12362 0.68812
0.12412 0.68783
0.12462 0.68754
0.12513 0.68725
0.12563 0.68695
0.12613 0.68666
0.12663 0.68636
0.12713 0.68606
0.12763 0.68576
0.12813 0.68546
0.12863 0.68515
0.12913 0.68485
0.12963 0.68454
0.13013 0.68423
0.13063 0.68392
0.13113 0.6836
0.13163 0.68329
0.13213 0.68297
0.13263 0.68266
0.13313 0.68234
0.13363 0.68201
0.13413 0.68169
0.13463 0.68137
0.13514 0.68104
0.13564 0.68071
0.13614 0.68038
0.13664 0.68005
0.13714 0.67972
0.13764 0.67939
0.13814 0.67905
0.13864 0.67872
0.13914 0.67838
0.13964 0.67804
0.14014 0.6777
0.14064 0.67736
0.14114 0.67702
0.14164 0.67667
0.14214 0.67633
0.14264 0.67598
0.14314 0.67563
0.14364 0.67528
0.14414 0.67493
0.14464 0.67458
0.14515 0.67423
0.14565 0.67387
0.14615 0.67352
0.14665 0.67316
0.14715 0.6728
0.14765 0.67244
0.14815 0.67208
0.14865 0.67172
0.14915 0.67135
0.14965 0.67099
0.15015 0.67062
0.15065 0.67025
0.15115 0.66988
0.15165 0.6695
0.15215 0.66913
0.15265 0.66875
0.15315 0.66838
0.15365 0.668
0.15415 0.66762
0.15465 0.66723
0.15516 0.66685
0.15566 0.66647
0.15616 0.66608
0.15666 0.66569
0.15716 0.6653
0.15766 0.66491
0.15816 0.66452
0.15866 0.66413
0.15916 0.66373
0.15966 0.66334
0.16016 0.66294
0.16066 0.66255
0.16116 0.66215
0.16166 0.66175
0.16216 0.66135
0.16266 0.66094
0.16316 0.66054
0.16366 0.66014
0.16416 0.65973
0.16466 0.65932
0.16517 0.65892
0.16567 0.65851
0.16617 0.6581
0.16667 0.65768
0.16717 0.65727
0.16767 0.65686
0.16817 0.65644
0.16867 0.65602
0.16917 0.65561
0.16967 0.65519
0.17017 0.65477
0.17067 0.65434
0.17117 0.65392
0.17167 0.65349
0.17217 0.65307
0.17267 0.65264
0.17317 0.65221
0.17367 0.65178
0.17417 0.65135
0.17467 0.65091
0.17518 0.65048
0.17568 0.65004
0.17618 0.64961
0.17668 0.64917
0.17718 0.64873
0.17768 0.64829
0.17818 0.64784
0.17868 0.6474
0.17918 0.64696
0.17968 0.64651
0.18018 0.64606
0.18068 0.64562
0.18118 0.64517
0.18168 0.64472
0.18218 0.64427
0.18268 0.64382
0.18318 0.64336
0.18368 0.64291
0.18418 0.64245
0.18468 0.642
0.18519 0.64154
0.18569 0.64108
0.18619 0.64063
0.18669 0.64017
0.18719 0.63971
0.18769 0.63924
0.18819 0.63878
0.18869 0.63832
0.18919 0.63785
0.18969 0.63739
0.19019 0.63692
0.19069 0.63645
0.19119 0.63598
0.19169 0.63551
0.19219 0.63503
0.19269 0.63456
0.19319 0.63409
0.19369 0.63361
0.19419 0.63313
0.19469 0.63265
0.1952 0.63217
0.1957 0.63169
0.1962 0.63121
0.1967 0.63073
0.1972 0.63024
0.1977 0.62976
0.1982 0.62927
0.1987 0.62878
0.1992 0.6283
0.1997 0.62781
0.2002 0.62732
0.2007 0.62683
0.2012 0.62633
0.2017 0.62584
0.2022 0.62535
0.2027 0.62485
0.2032 0.62436
0.2037 0.62386
0.2042 0.62337
0.2047 0.62287
0.20521 0.62237
0.20571 0.62187
0.20621 0.62137
0.20671 0.62087
0.20721 0.62037
0.20771 0.61987
0.20821 0.61936
0.20871 0.61886
0.20921 0.61835
0.20971 0.61785
0.21021 0.61734
0.21071 0.61683
0.21121 0.61632
0.21171 0.61581
0.21221 0.6153
0.21271 0.61479
0.21321 0.61427
0.21371 0.61376
0.21421 0.61324
0.21471 0.61273
0.21522 0.61221
0.21572 0.61169
0.21622 0.61117
0.21672 0.61065
0.21722 0.61013
0.21772 0.60961
0.21822 0.60908
0.21872 0.60856
0.21922 0.60803
0.21972 0.60751
0.22022 0.60698
0.22072 0.60645
0.22122 0.60593
0.22172 0.6054
0.22222 0.60487
0.22272 0.60434
0.22322 0.60381
0.22372 0.60328
0.22422 0.60275
0.22472 0.60222
0.22523 0.60168
0.22573 0.60115
0.22623 0.60062
0.22673 0.60008
0.22723 0.59955
0.22773 0.59901
0.22823 0.59848
0.22873 0.59794
0.22923 0.5974
0.22973 0.59686
0.23023 0.59632
0.23073 0.59578
0.23123 0.59524
0.23173 0.5947
0.23223 0.59416
0.23273 0.59361
0.23323 0.59307
0.23373 0.59252
0.23423 0.59197
0.23473 0.59143
0.23524 0.59088
0.23574 0.59033
0.23624 0.58978
0.23674 0.58923
0.23724 0.58867
0.23774 0.58812
0.23824 0.58757
0.23874 0.58702
0.23924 0.58646
0.23974 0.58591
0.24024 0.58535
0.24074 0.5848
0.24124 0.58424
0.24174 0.58369
0.24224 0.58313
0.24274 0.58257
0.24324 0.58202
0.24374 0.58146
0.24424 0.5809
0.24474 0.58034
0.24525 0.57978
0.24575 0.57922
0.24625 0.57866
0.24675 0.5781
0.24725 0.57754
0.24775 0.57698
0.24825 0.57642
0.24875 0.57586
0.24925 0.57529
0.24975 0.57473
0.25025 0.57417
0.25075 0.5736
0.25125 0.57303
0.25175 0.57247
0.25225 0.5719
0.25275 0.57133
0.25325 0.57076
0.25375 0.57019
0.25425 0.56962
0.25475 0.56905
0.25526 0.56848
0.25576 0.56791
0.25626 0.56733
0.25676 0.56676
0.25726 0.56619
0.25776 0.56561
0.25826 0.56504
0.25876 0.56446
0.25926 0.56389
0.25976 0.56331
0.26026 0.56274
0.26076 0.56216
0.26126 0.56159
0.26176 0.56101
0.26226 0.56043
0.26276 0.55986
0.26326 0.55928
0.26376 0.5587
0.26426 0.55813
0.26476 0.55755
0.26527 0.55697
0.26577 0.55639
0.26627 0.55582
0.26677 0.55524
0.26727 0.55466
0.26777 0.55408
0.26827 0.5535
0.26877 0.55292
0.26927 0.55234
0.26977 0.55176
0.27027 0.55118
0.27077 0.55059
0.27127 0.55001
0.27177 0.54943
0.27227 0.54884
0.27277 0.54826
0.27327 0.54767
0.27377 0.54709
0.27427 0.5465
0.27477 0.54591
0.27528 0.54533
0.27578 0.54474
0.27628 0.54415
0.27678 0.54356
0.27728 0.54298
0.27778 0.54239
0.27828 0.5418
0.27878 0.54121
0.27928 0.54062
0.27978 0.54003
0.28028 0.53945
0.28078 0.53886
0.28128 0.53827
0.28178 0.53768
0.28228 0.53709
0.28278 0.5365
0.28328 0.53592
0.28378 0.53533
0.28428 0.53474
0.28478 0.53415
0.28529 0.53356
0.28579 0.53297
0.28629 0.53238
0.28679 0.5318
0.28729 0.53121
0.28779 0.53062
0.28829 0.53003
0.28879 0.52944
0.28929 0.52885
0.28979 0.52825
0.29029 0.52766
0.29079 0.52707
0.29129 0.52648
0.29179 0.52589
0.29229 0.52529
0.29279 0.5247
0.29329 0.52411
0.29379 0.52351
0.29429 0.52292
0.29479 0.52232
0.2953 0.52173
0.2958 0.52113
0.2963 0.52054
0.2968 0.51995
0.2973 0.51935
0.2978 0.51876
0.2983 0.51816
0.2988 0.51757
0.2993 0.51697
0.2998 0.51638
0.3003 0.51579
0.3008 0.51519
0.3013 0.5146
0.3018 0.51401
0.3023 0.51341
0.3028 0.51282
0.3033 0.51223
0.3038 0.51164
0.3043 0.51105
0.3048 0.51045
0.30531 0.50986
0.30581 0.50927
0.30631 0.50868
0.30681 0.50808
0.30731 0.50749
0.30781 0.5069
0.30831 0.50631
0.30881 0.50571
0.30931 0.50512
0.30981 0.50453
0.31031 0.50393
0.31081 0.50334
0.31131 0.50275
0.31181 0.50215
0.31231 0.50156
0.31281 0.50096
0.31331 0.50037
0.31381 0.49978
0.31431 0.49918
0.31481 0.49859
0.31532 0.49799
0.31582 0.4974
0.31632 0.4968
0.31682 0.49621
0.31732 0.49562
0.31782 0.49502
0.31832 0.49443
0.31882 0.49384
0.31932 0.49325
0.31982 0.49265
0.32032 0.49206
0.32082 0.49147
0.32132 0.49088
0.32182 0.49029
0.32232 0.4897
0.32282 0.48911
0.32332 0.48852
0.32382 0.48793
0.32432 0.48735
0.32482 0.48676
0.32533 0.48617
0.32583 0.48558
0.32633 0.48499
0.32683 0.4844
0.32733 0.48382
0.32783 0.48323
0.32833 0.48264
0.32883 0.48205
0.32933 0.48146
0.32983 0.48088
0.33033 0.48029
0.33083 0.4797
0.33133 0.47911
0.33183 0.47852
0.33233 0.47793
0.33283 0.47735
0.33333 0.47676
0.33383 0.47617
0.33433 0.47558
0.33483 0.475
0.33534 0.47441
0.33584 0.47382
0.33634 0.47324
0.33684 0.47265
0.33734 0.47207
0.33784 0.47148
0.33834 0.4709
0.33884 0.47031
0.33934 0.46973
0.33984 0.46915
0.34034 0.46857
0.34084 0.46799
0.34134 0.4674
0.34184 0.46682
0.34234 0.46624
0.34284 0.46566
0.34334 0.46509
0.34384 0.46451
0.34434 0.46393
0.34484 0.46335
0.34535 0.46277
0.34585 0.46219
0.34635 0.46162
0.34685 0.46104
0.34735 0.46046
0.34785 0.45989
0.34835 0.45931
0.34885 0.45873
0.34935 0.45816
0.34985 0.45758
0.35035 0.457
0.35085 0.45643
0.35135 0.45585
0.35185 0.45528
0.35235 0.4547
0.35285 0.45413
0.35335 0.45355
0.35385 0.45298
0.35435 0.4524
0.35485 0.45183
0.35536 0.45126
0.35586 0.45069
0.35636 0.45012
0.35686 0.44955
0.35736 0.44898
0.35786 0.44841
0.35836 0.44784
0.35886 0.44727
0.35936 0.4467
0.35986 0.44614
0.36036 0.44557
0.36086 0.44501
0.36136 0.44444
0.36186 0.44388
0.36236 0.44331
0.36286 0.44275
0.36336 0.44219
0.36386 0.44163
0.36436 0.44106
0.36486 0.4405
0.36537 0.43994
0.36587 0.43938
0.36637 0.43882
0.36687 0.43826
0.36737 0.4377
0.36787 0.43714
0.36837 0.43658
0.36887 0.43602
0.36937 0.43547
0.36987 0.43491
0.37037 0.43435
0.37087 0.43379
0.37137 0.43324
0.37187 0.43268
0.37237 0.43213
0.37287 0.43157
0.37337 0.43102
0.37387 0.43046
0.37437 0.42991
0.37487 0.42936
0.37538 0.42881
0.37588 0.42826
0.37638 0.42771
0.37688 0.42716
0.37738 0.42661
0.37788 0.42606
0.37838 0.42551
0.37888 0.42497
0.37938 0.42442
0.37988 0.42388
0.38038 0.42333
0.38088 0.42279
0.38138 0.42225
0.38188 0.42171
0.38238 0.42116
0.38288 0.42062
0.38338 0.42008
0.38388 0.41954
0.38438 0.419
0.38488 0.41846
0.38539 0.41793
0.38589 0.41739
0.38639 0.41685
0.38689 0.41632
0.38739 0.41578
0.38789 0.41524
0.38839 0.41471
0.38889 0.41417
0.38939 0.41364
0.38989 0.41311
0.39039 0.41257
0.39089 0.41204
0.39139 0.41151
0.39189 0.41098
0.39239 0.41045
0.39289 0.40992
0.39339 0.40939
0.39389 0.40887
0.39439 0.40834
0.39489 0.40781
0.3954 0.40729
0.3959 0.40677
0.3964 0.40624
0.3969 0.40572
0.3974 0.4052
0.3979 0.40468
0.3984 0.40416
0.3989 0.40364
0.3994 0.40312
0.3999 0.4026
0.4004 0.40209
0.4009 0.40157
0.4014 0.40105
0.4019 0.40054
0.4024 0.40003
0.4029 0.39951
0.4034 0.399
0.4039 0.39849
0.4044 0.39798
0.4049 0.39747
0.40541 0.39696
0.40591 0.39645
0.40641 0.39594
0.40691 0.39543
0.40741 0.39493
0.40791 0.39442
0.40841 0.39392
0.40891 0.39341
0.40941 0.39291
0.40991 0.3924
0.41041 0.3919
0.41091 0.3914
0.41141 0.3909
0.41191 0.3904
0.41241 0.3899
0.41291 0.38941
0.41341 0.38891
0.41391 0.38841
0.41441 0.38792
0.41491 0.38742
0.41542 0.38693
0.41592 0.38644
0.41642 0.38594
0.41692 0.38545
0.41742 0.38496
0.41792 0.38447
0.41842 0.38399
0.41892 0.3835
0.41942 0.38301
0.41992 0.38253
0.42042 0.38204
0.42092 0.38156
0.42142 0.38107
0.42192 0.38059
0.42242 0.38011
0.42292 0.37963
0.42342 0.37915
0.42392 0.37867
0.42442 0.3782
0.42492 0.37772
0.42543 0.37724
0.42593 0.37677
0.42643 0.37629
0.42693 0.37582
0.42743 0.37535
0.42793 0.37488
0.42843 0.37441
0.42893 0.37394
0.42943 0.37347
0.42993 0.373
0.43043 0.37254
0.43093 0.37207
0.43143 0.37161
0.43193 0.37114
0.43243 0.37068
0.43293 0.37022
0.43343 0.36976
0.43393 0.36929
0.43443 0.36884
0.43493 0.36838
0.43544 0.36792
0.43594 0.36746
0.43644 0.36701
0.43694 0.36655
0.43744 0.3661
0.43794 0.36564
0.43844 0.36519
0.43894 0.36474
0.43944 0.36429
0.43994 0.36384
0.44044 0.36339
0.44094 0.36295
0.44144 0.3625
0.44194 0.36205
0.44244 0.36161
0.44294 0.36117
0.44344 0.36073
0.44394 0.36029
0.44444 0.35985
0.44494 0.35941
0.44545 0.35897
0.44595 0.35854
0.44645 0.3581
0.44695 0.35767
0.44745 0.35723
0.44795 0.3568
0.44845 0.35637
0.44895 0.35594
0.44945 0.35551
0.44995 0.35508
0.45045 0.35466
0.45095 0.35423
0.45145 0.35381
0.45195 0.35338
0.45245 0.35296
0.45295 0.35253
0.45345 0.35211
0.45395 0.35169
0.45445 0.35127
0.45495 0.35085
0.45546 0.35043
0.45596 0.35002
0.45646 0.3496
0.45696 0.34918
0.45746 0.34877
0.45796 0.34836
0.45846 0.34794
0.45896 0.34753
0.45946 0.34712
0.45996 0.34672
0.46046 0.34631
0.46096 0.3459
0.46146 0.3455
0.46196 0.3451
0.46246 0.3447
0.46296 0.3443
0.46346 0.3439
0.46396 0.3435
0.46446 0.3431
0.46496 0.34271
0.46547 0.34231
0.46597 0.34192
0.46647 0.34153
0.46697 0.34114
0.46747 0.34075
0.46797 0.34036
0.46847 0.33997
0.46897 0.33958
0.46947 0.3392
0.46997 0.33881
0.47047 0.33843
0.47097 0.33804
0.47147 0.33766
0.47197 0.33728
0.47247 0.33689
0.47297 0.33651
0.47347 0.33614
0.47397 0.33576
0.47447 0.33538
0.47497 0.335
0.47548 0.33463
0.47598 0.33425
0.47648 0.33388
0.47698 0.33351
0.47748 0.33314
0.47798 0.33277
0.47848 0.33241
0.47898 0.33204
0.47948 0.33168
0.47998 0.33131
0.48048 0.33095
0.48098 0.33059
0.48148 0.33024
0.48198 0.32988
0.48248 0.32952
0.48298 0.32917
0.48348 0.32882
0.48398 0.32846
0.48448 0.32811
0.48498 0.32776
0.48549 0.32742
0.48599 0.32707
0.48649 0.32672
0.48699 0.32638
0.48749 0.32603
0.48799 0.32569
0.48849 0.32535
0.48899 0.325
0.48949 0.32466
0.48999 0.32432
0.49049 0.32398
0.49099 0.32365
0.49149 0.32331
0.49199 0.32297
0.49249 0.32264
0.49299 0.3223
0.49349 0.32197
0.49399 0.32164
0.49449 0.32131
0.49499 0.32098
0.4955 0.32065
0.496 0.32033
0.4965 0.32
0.497 0.31968
0.4975 0.31936
0.498 0.31904
0.4985 0.31872
0.499 0.31841
0.4995 0.31809
0.5 0.31778
0.5005 0.31747
0.501 0.31716
0.5015 0.31685
0.502 0.31654
0.5025 0.31623
0.503 0.31593
0.5035 0.31562
0.504 0.31532
0.5045 0.31502
0.50501 0.31472
0.50551 0.31442
0.50601 0.31412
0.50651 0.31382
0.50701 0.31352
0.50751 0.31323
0.50801 0.31293
0.50851 0.31264
0.50901 0.31234
0.50951 0.31205
0.51001 0.31176
0.51051 0.31147
0.51101 0.31118
0.51151 0.31089
0.51201 0.31061
0.51251 0.31032
0.51301 0.31004
0.51351 0.30976
0.51401 0.30948
0.51451 0.3092
0.51502 0.30892
0.51552 0.30865
0.51602 0.30837
0.51652 0.3081
0.51702 0.30783
0.51752 0.30756
0.51802 0.3073
0.51852 0.30703
0.51902 0.30677
0.51952 0.3065
0.52002 0.30624
0.52052 0.30598
0.52102 0.30572
0.52152 0.30547
0.52202 0.30521
0.52252 0.30496
0.52302 0.3047
0.52352 0.30445
0.52402 0.3042
0.52452 0.30395
0.52503 0.3037
0.52553 0.30345
0.52603 0.3032
0.52653 0.30295
0.52703 0.30271
0.52753 0.30246
0.52803 0.30222
0.52853 0.30198
0.52903 0.30174
0.52953 0.3015
0.53003 0.30126
0.53053 0.30102
0.53103 0.30079
0.53153 0.30055
0.53203 0.30032
0.53253 0.30009
0.53303 0.29986
0.53353 0.29964
0.53403 0.29941
0.53453 0.29919
0.53504 0.29897
0.53554 0.29875
0.53604 0.29853
0.53654 0.29831
0.53704 0.2981
0.53754 0.29789
0.53804 0.29767
0.53854 0.29746
0.53904 0.29725
0.53954 0.29705
0.54004 0.29684
0.54054 0.29663
0.54104 0.29643
0.54154 0.29623
0.54204 0.29603
0.54254 0.29583
0.54304 0.29563
0.54354 0.29543
0.54404 0.29523
0.54454 0.29503
0.54505 0.29484
0.54555 0.29465
0.54605 0.29445
0.54655 0.29426
0.54705 0.29407
0.54755 0.29388
0.54805 0.2937
0.54855 0.29351
0.54905 0.29333
0.54955 0.29314
0.55005 0.29296
0.55055 0.29279
0.55105 0.29261
0.55155 0.29243
0.55205 0.29226
0.55255 0.29209
0.55305 0.29192
0.55355 0.29175
0.55405 0.29159
0.55455 0.29142
0.55506 0.29126
0.55556 0.2911
0.55606 0.29094
0.55656 0.29078
0.55706 0.29062
0.55756 0.29047
0.55806 0.29031
0.55856 0.29016
0.55906 0.29001
0.55956 0.28986
0.56006 0.28971
0.56056 0.28956
0.56106 0.28942
0.56156 0.28927
0.56206 0.28913
0.56256 0.28899
0.56306 0.28885
0.56356 0.28871
0.56406 0.28857
0.56456 0.28843
0.56507 0.28829
0.56557 0.28816
0.56607 0.28803
0.56657 0.2879
0.56707 0.28777
0.56757 0.28764
0.56807 0.28752
0.56857 0.28739
0.56907 0.28727
0.56957 0.28715
0.57007 0.28703
0.57057 0.28692
0.57107 0.2868
0.57157 0.28669
0.57207 0.28658
0.57257 0.28647
0.57307 0.28636
0.57357 0.28626
0.57407 0.28615
0.57457 0.28605
0.57508 0.28595
0.57558 0.28585
0.57608 0.28575
0.57658 0.28566
0.57708 0.28556
0.57758 0.28547
0.57808 0.28538
0.57858 0.28529
0.57908 0.2852
0.57958 0.28511
0.58008 0.28502
0.58058 0.28494
0.58108 0.28486
0.58158 0.28477
0.58208 0.28469
0.58258 0.28461
0.58308 0.28454
0.58358 0.28446
0.58408 0.28439
0.58458 0.28432
0.58509 0.28425
0.58559 0.28418
0.58609 0.28411
0.58659 0.28405
0.58709 0.28398
0.58759 0.28392
0.58809 0.28386
0.58859 0.28381
0.58909 0.28375
0.58959 0.2837
0.59009 0.28365
0.59059 0.2836
0.59109 0.28355
0.59159 0.2835
0.59209 0.28346
0.59259 0.28342
0.59309 0.28338
0.59359 0.28334
0.59409 0.2833
0.59459 0.28327
0.5951 0.28323
0.5956 0.2832
0.5961 0.28317
0.5966 0.28314
0.5971 0.28311
0.5976 0.28309
0.5981 0.28306
0.5986 0.28304
0.5991 0.28302
0.5996 0.283
0.6001 0.28298
0.6006 0.28297
0.6011 0.28295
0.6016 0.28294
0.6021 0.28293
0.6026 0.28292
0.6031 0.28292
0.6036 0.28291
0.6041 0.28291
0.6046 0.28291
0.60511 0.28291
0.60561 0.28291
0.60611 0.28292
0.60661 0.28293
0.60711 0.28294
0.60761 0.28295
0.60811 0.28296
0.60861 0.28298
0.60911 0.28299
0.60961 0.28301
0.61011 0.28303
0.61061 0.28306
0.61111 0.28308
0.61161 0.28311
0.61211 0.28314
0.61261 0.28317
0.61311 0.2832
0.61361 0.28324
0.61411 0.28327
0.61461 0.28331
0.61512 0.28335
0.61562 0.28339
0.61612 0.28344
0.61662 0.28348
0.61712 0.28353
0.61762 0.28358
0.61812 0.28363
0.61862 0.28368
0.61912 0.28374
0.61962 0.2838
0.62012 0.28385
0.62062 0.28392
0.62112 0.28398
0.62162 0.28404
0.62212 0.28411
0.62262 0.28418
0.62312 0.28425
0.62362 0.28433
0.62412 0.2844
0.62462 0.28448
0.62513 0.28456
0.62563 0.28464
0.62613 0.28473
0.62663 0.28482
0.62713 0.2849
0.62763 0.285
0.62813 0.28509
0.62863 0.28519
0.62913 0.28528
0.62963 0.28538
0.63013 0.28549
0.63063 0.28559
0.63113 0.2857
0.63163 0.28581
0.63213 0.28592
0.63263 0.28603
0.63313 0.28614
0.63363 0.28626
0.63413 0.28638
0.63463 0.2865
0.63514 0.28662
0.63564 0.28674
0.63614 0.28687
0.63664 0.287
0.63714 0.28713
0.63764 0.28726
0.63814 0.2874
0.63864 0.28754
0.63914 0.28768
0.63964 0.28782
0.64014 0.28797
0.64064 0.28811
0.64114 0.28826
0.64164 0.28841
0.64214 0.28857
0.64264 0.28873
0.64314 0.28889
0.64364 0.28905
0.64414 0.28921
0.64464 0.28938
0.64515 0.28955
0.64565 0.28972
0.64615 0.28989
0.64665 0.29007
0.64715 0.29025
0.64765 0.29043
0.64815 0.29061
0.64865 0.2908
0.64915 0.29099
0.64965 0.29118
0.65015 0.29137
0.65065 0.29157
0.65115 0.29176
0.65165 0.29196
0.65215 0.29217
0.65265 0.29237
0.65315 0.29258
0.65365 0.29278
0.65415 0.293
0.65465 0.29321
0.65516 0.29343
0.65566 0.29364
0.65616 0.29387
0.65666 0.29409
0.65716 0.29432
0.65766 0.29454
0.65816 0.29478
0.65866 0.29501
0.65916 0.29525
0.65966 0.29549
0.66016 0.29573
0.66066 0.29598
0.66116 0.29622
0.66166 0.29647
0.66216 0.29673
0.66266 0.29698
0.66316 0.29724
0.66366 0.29751
0.66416 0.29777
0.66466 0.29804
0.66517 0.29831
0.66567 0.29858
0.66617 0.29885
0.66667 0.29913
0.66717 0.29941
0.66767 0.29969
0.66817 0.29998
0.66867 0.30026
0.66917 0.30055
0.66967 0.30085
0.67017 0.30114
0.67067 0.30144
0.67117 0.30174
0.67167 0.30204
0.67217 0.30235
0.67267 0.30266
0.67317 0.30297
0.67367 0.30328
0.67417 0.3036
0.67467 0.30392
0.67518 0.30424
0.67568 0.30457
0.67618 0.3049
0.67668 0.30523
0.67718 0.30557
0.67768 0.30591
0.67818 0.30625
0.67868 0.30659
0.67918 0.30694
0.67968 0.30729
0.68018 0.30764
0.68068 0.308
0.68118 0.30836
0.68168 0.30872
0.68218 0.30909
0.68268 0.30946
0.68318 0.30983
0.68368 0.3102
0.68418 0.31058
0.68468 0.31096
0.68519 0.31134
0.68569 0.31172
0.68619 0.31211
0.68669 0.3125
0.68719 0.31289
0.68769 0.31329
0.68819 0.31369
0.68869 0.31409
0.68919 0.3145
0.68969 0.31491
0.69019 0.31532
0.69069 0.31573
0.69119 0.31615
0.69169 0.31657
0.69219 0.317
0.69269 0.31743
0.69319 0.31786
0.69369 0.31829
0.69419 0.31873
0.69469 0.31917
0.6952 0.31962
0.6957 0.32006
0.6962 0.32052
0.6967 0.32097
0.6972 0.32143
0.6977 0.32189
0.6982 0.32235
0.6987 0.32282
0.6992 0.32329
0.6997 0.32376
0.7002 0.32424
0.7007 0.32472
0.7012 0.3252
0.7017 0.32568
0.7022 0.32617
0.7027 0.32666
0.7032 0.32716
0.7037 0.32766
0.7042 0.32816
0.7047 0.32866
0.70521 0.32917
0.70571 0.32968
0.70621 0.3302
0.70671 0.33072
0.70721 0.33124
0.70771 0.33176
0.70821 0.33229
0.70871 0.33282
0.70921 0.33336
0.70971 0.3339
0.71021 0.33444
0.71071 0.33498
0.71121 0.33553
0.71171 0.33609
0.71221 0.33664
0.71271 0.3372
0.71321 0.33777
0.71371 0.33833
0.71421 0.3389
0.71471 0.33947
0.71522 0.34005
0.71572 0.34063
0.71622 0.34121
0.71672 0.3418
0.71722 0.34239
0.71772 0.34298
0.71822 0.34358
0.71872 0.34418
0.71922 0.34478
0.71972 0.34538
0.72022 0.34599
0.72072 0.34661
0.72122 0.34722
0.72172 0.34784
0.72222 0.34846
0.72272 0.34909
0.72322 0.34972
0.72372 0.35036
0.72422 0.35099
0.72472 0.35163
0.72523 0.35228
0.72573 0.35293
0.72623 0.35358
0.72673 0.35423
0.72723 0.35489
0.72773 0.35555
0.72823 0.35622
0.72873 0.35689
0.72923 0.35756
0.72973 0.35824
0.73023 0.35892
0.73073 0.3596
0.73123 0.36028
0.73173 0.36097
0.73223 0.36167
0.73273 0.36236
0.73323 0.36306
0.73373 0.36376
0.73423 0.36447
0.73473 0.36518
0.73524 0.36589
0.73574 0.36661
0.73624 0.36732
0.73674 0.36805
0.73724 0.36877
0.73774 0.3695
0.73824 0.37023
0.73874 0.37097
0.73924 0.37171
0.73974 0.37245
0.74024 0.3732
0.74074 0.37395
0.74124 0.3747
0.74174 0.37546
0.74224 0.37622
0.74274 0.37698
0.74324 0.37775
0.74374 0.37852
0.74424 0.37929
0.74474 0.38007
0.74525 0.38085
0.74575 0.38163
0.74625 0.38242
0.74675 0.38321
0.74725 0.384
0.74775 0.38479
0.74825 0.38559
0.74875 0.38639
0.74925 0.3872
0.74975 0.38801
0.75025 0.38882
0.75075 0.38963
0.75125 0.39045
0.75175 0.39127
0.75225 0.39209
0.75275 0.39292
0.75325 0.39375
0.75375 0.39458
0.75425 0.39541
0.75475 0.39625
0.75526 0.39709
0.75576 0.39794
0.75626 0.39879
0.75676 0.39964
0.75726 0.40049
0.75776 0.40135
0.75826 0.40221
0.75876 0.40307
0.75926 0.40393
0.75976 0.4048
0.76026 0.40567
0.76076 0.40654
0.76126 0.40742
0.76176 0.40829
0.76226 0.40917
0.76276 0.41006
0.76326 0.41094
0.76376 0.41183
0.76426 0.41272
0.76476 0.41361
0.76527 0.41451
0.76577 0.41541
0.76627 0.41631
0.76677 0.41721
0.76727 0.41812
0.76777 0.41903
0.76827 0.41994
0.76877 0.42085
0.76927 0.42177
0.76977 0.42268
0.77027 0.4236
0.77077 0.42453
0.77127 0.42545
0.77177 0.42638
0.77227 0.42731
0.77277 0.42824
0.77327 0.42917
0.77377 0.43011
0.77427 0.43104
0.77477 0.43198
0.77528 0.43292
0.77578 0.43386
0.77628 0.4348
0.77678 0.43575
0.77728 0.4367
0.77778 0.43764
0.77828 0.43859
0.77878 0.43955
0.77928 0.4405
0.77978 0.44146
0.78028 0.44241
0.78078 0.44337
0.78128 0.44433
0.78178 0.4453
0.78228 0.44626
0.78278 0.44723
0.78328 0.44819
0.78378 0.44916
0.78428 0.45013
0.78478 0.45111
0.78529 0.45208
0.78579 0.45305
0.78629 0.45403
0.78679 0.455
0.78729 0.45598
0.78779 0.45695
0.78829 0.45793
0.78879 0.45891
0.78929 0.45989
0.78979 0.46086
0.79029 0.46184
0.79079 0.46282
0.79129 0.4638
0.79179 0.46478
0.79229 0.46576
0.79279 0.46675
0.79329 0.46773
0.79379 0.46871
0.79429 0.4697
0.79479 0.47069
0.7953 0.47167
0.7958 0.47266
0.7963 0.47365
0.7968 0.47464
0.7973 0.47564
0.7978 0.47663
0.7983 0.47762
0.7988 0.47861
0.7993 0.4796
0.7998 0.48059
0.8003 0.48158
0.8008 0.48257
0.8013 0.48356
0.8018 0.48454
0.8023 0.48553
0.8028 0.48651
0.8033 0.4875
0.8038 0.48848
0.8043 0.48946
0.8048 0.49045
0.80531 0.49143
0.80581 0.49241
0.80631 0.49339
0.80681 0.49437
0.80731 0.49535
0.80781 0.49633
0.80831 0.49731
0.80881 0.49829
0.80931 0.49927
0.80981 0.50024
0.81031 0.50122
0.81081 0.5022
0.81131 0.50317
0.81181 0.50415
0.81231 0.50512
0.81281 0.5061
0.81331 0.50707
0.81381 0.50804
0.81431 0.50901
0.81481 0.50998
0.81532 0.51095
0.81582 0.51192
0.81632 0.51288
0.81682 0.51385
0.81732 0.51481
0.81782 0.51577
0.81832 0.51673
0.81882 0.51769
0.81932 0.51865
0.81982 0.5196
0.82032 0.52055
0.82082 0.5215
0.82132 0.52245
0.82182 0.5234
0.82232 0.52435
0.82282 0.52529
0.82332 0.52623
0.82382 0.52717
0.82432 0.52811
0.82482 0.52905
0.82533 0.52998
0.82583 0.53091
0.82633 0.53184
0.82683 0.53277
0.82733 0.53369
0.82783 0.53461
0.82833 0.53553
0.82883 0.53645
0.82933 0.53737
0.82983 0.53828
0.83033 0.53919
0.83083 0.5401
0.83133 0.54101
0.83183 0.54191
0.83233 0.54281
0.83283 0.54371
0.83333 0.54461
0.83383 0.5455
0.83433 0.5464
0.83483 0.54729
0.83534 0.54818
0.83584 0.54906
0.83634 0.54994
0.83684 0.55082
0.83734 0.5517
0.83784 0.55258
0.83834 0.55345
0.83884 0.55432
0.83934 0.55519
0.83984 0.55606
0.84034 0.55692
0.84084 0.55778
0.84134 0.55864
0.84184 0.5595
0.84234 0.56035
0.84284 0.5612
0.84334 0.56205
0.84384 0.5629
0.84434 0.56374
0.84484 0.56458
0.84535 0.56542
0.84585 0.56625
0.84635 0.56708
0.84685 0.56791
0.84735 0.56874
0.84785 0.56956
0.84835 0.57038
0.84885 0.5712
0.84935 0.57201
0.84985 0.57283
0.85035 0.57364
0.85085 0.57444
0.85135 0.57525
0.85185 0.57605
0.85235 0.57684
0.85285 0.57764
0.85335 0.57843
0.85385 0.57922
0.85435 0.58
0.85485 0.58079
0.85536 0.58156
0.85586 0.58234
0.85636 0.58311
0.85686 0.58389
0.85736 0.58465
0.85786 0.58542
0.85836 0.58618
0.85886 0.58694
0.85936 0.58769
0.85986 0.58845
0.86036 0.5892
0.86086 0.58994
0.86136 0.59069
0.86186 0.59143
0.86236 0.59217
0.86286 0.5929
0.86336 0.59364
0.86386 0.59437
0.86436 0.59509
0.86486 0.59582
0.86537 0.59654
0.86587 0.59726
0.86637 0.59797
0.86687 0.59869
0.86737 0.5994
0.86787 0.6001
0.86837 0.60081
0.86887 0.60151
0.86937 0.60221
0.86987 0.60291
0.87037 0.6036
0.87087 0.60429
0.87137 0.60498
0.87187 0.60567
0.87237 0.60635
0.87287 0.60703
0.87337 0.60771
0.87387 0.60838
0.87437 0.60906
0.87487 0.60973
0.87538 0.61039
0.87588 0.61106
0.87638 0.61172
0.87688 0.61238
0.87738 0.61303
0.87788 0.61369
0.87838 0.61434
0.87888 0.61498
0.87938 0.61563
0.87988 0.61627
0.88038 0.61691
0.88088 0.61755
0.88138 0.61818
0.88188 0.61881
0.88238 0.61944
0.88288 0.62007
0.88338 0.62069
0.88388 0.62131
0.88438 0.62193
0.88488 0.62254
0.88539 0.62315
0.88589 0.62376
0.88639 0.62437
0.88689 0.62497
0.88739 0.62558
0.88789 0.62617
0.88839 0.62677
0.88889 0.62736
0.88939 0.62796
0.88989 0.62854
0.89039 0.62913
0.89089 0.62971
0.89139 0.63029
0.89189 0.63087
0.89239 0.63145
0.89289 0.63202
0.89339 0.63259
0.89389 0.63316
0.89439 0.63373
0.89489 0.63429
0.8954 0.63485
0.8959 0.63541
0.8964 0.63597
0.8969 0.63652
0.8974 0.63708
0.8979 0.63763
0.8984 0.63817
0.8989 0.63872
0.8994 0.63926
0.8999 0.6398
0.9004 0.64034
0.9009 0.64088
0.9014 0.64141
0.9019 0.64194
0.9024 0.64247
0.9029 0.643
0.9034 0.64352
0.9039 0.64405
0.9044 0.64457
0.9049 0.64508
0.90541 0.6456
0.90591 0.64611
0.90641 0.64662
0.90691 0.64713
0.90741 0.64764
0.90791 0.64814
0.90841 0.64864
0.90891 0.64914
0.90941 0.64964
0.90991 0.65014
0.91041 0.65063
0.91091 0.65112
0.91141 0.65161
0.91191 0.65209
0.91241 0.65258
0.91291 0.65306
0.91341 0.65354
0.91391 0.65402
0.91441 0.65449
0.91491 0.65496
0.91542 0.65543
0.91592 0.6559
0.91642 0.65637
0.91692 0.65683
0.91742 0.65729
0.91792 0.65775
0.91842 0.65821
0.91892 0.65866
0.91942 0.65912
0.91992 0.65957
0.92042 0.66002
0.92092 0.66046
0.92142 0.66091
0.92192 0.66135
0.92242 0.66179
0.92292 0.66223
0.92342 0.66266
0.92392 0.6631
0.92442 0.66353
0.92492 0.66396
0.92543 0.66439
0.92593 0.66482
0.92643 0.66524
0.92693 0.66566
0.92743 0.66608
0.92793 0.6665
0.92843 0.66692
0.92893 0.66733
0.92943 0.66775
0.92993 0.66816
0.93043 0.66857
0.93093 0.66897
0.93143 0.66938
0.93193 0.66978
0.93243 0.67018
0.93293 0.67058
0.93343 0.67098
0.93393 0.67138
0.93443 0.67177
0.93493 0.67216
0.93544 0.67255
0.93594 0.67294
0.93644 0.67332
0.93694 0.67371
0.93744 0.67409
0.93794 0.67447
0.93844 0.67485
0.93894 0.67522
0.93944 0.67559
0.93994 0.67597
0.94044 0.67634
0.94094 0.6767
0.94144 0.67707
0.94194 0.67743
0.94244 0.67779
0.94294 0.67815
0.94344 0.67851
0.94394 0.67886
0.94444 0.67922
0.94494 0.67957
0.94545 0.67992
0.94595 0.68027
0.94645 0.68061
0.94695 0.68096
0.94745 0.6813
0.94795 0.68164
0.94845 0.68198
0.94895 0.68231
0.94945 0.68265
0.94995 0.68298
0.95045 0.68331
0.95095 0.68364
0.95145 0.68396
0.95195 0.68429
0.95245 0.68461
0.95295 0.68493
0.95345 0.68525
0.95395 0.68557
0.95445 0.68589
0.95495 0.6862
0.95546 0.68652
0.95596 0.68683
0.95646 0.68714
0.95696 0.68744
0.95746 0.68775
0.95796 0.68805
0.95846 0.68835
0.95896 0.68865
0.95946 0.68895
0.95996 0.68925
0.96046 0.68954
0.96096 0.68984
0.96146 0.69013
0.96196 0.69042
0.96246 0.69071
0.96296 0.69099
0.96346 0.69127
0.96396 0.69156
0.96446 0.69184
0.96496 0.69211
0.96547 0.69239
0.96597 0.69266
0.96647 0.69294
0.96697 0.69321
0.96747 0.69347
0.96797 0.69374
0.96847 0.694
0.96897 0.69427
0.96947 0.69453
0.96997 0.69479
0.97047 0.69504
0.97097 0.6953
0.97147 0.69555
0.97197 0.6958
0.97247 0.69605
0.97297 0.6963
0.97347 0.69654
0.97397 0.69679
0.97447 0.69703
0.97497 0.69727
0.97548 0.69751
0.97598 0.69774
0.97648 0.69798
0.97698 0.69821
0.97748 0.69844
0.97798 0.69867
0.97848 0.6989
0.97898 0.69912
0.97948 0.69935
0.97998 0.69957
0.98048 0.69979
0.98098 0.70001
0.98148 0.70022
0.98198 0.70044
0.98248 0.70065
0.98298 0.70086
0.98348 0.70107
0.98398 0.70128
0.98448 0.70149
0.98498 0.70169
0.98549 0.7019
0.98599 0.7021
0.98649 0.7023
0.98699 0.7025
0.98749 0.70269
0.98799 0.70288
0.98849 0.70308
0.98899 0.70327
0.98949 0.70346
0.98999 0.70364
0.99049 0.70383
0.99099 0.70401
0.99149 0.70419
0.99199 0.70437
0.99249 0.70455
0.99299 0.70472
0.99349 0.70489
0.99399 0.70507
0.99449 0.70524
0.99499 0.7054
0.9955 0.70557
0.996 0.70573
0.9965 0.70589
0.997 0.70605
0.9975 0.70621
0.998 0.70637
0.9985 0.70652
0.999 0.70667
0.9995 0.70682
1 0.70697
