time energy 
0 0.45958
0.0005005 0.45998
0.001001 0.46037
0.0015015 0.46077
0.002002 0.46115
0.0025025 0.46154
0.003003 0.46193
0.0035035 0.46231
0.004004 0.46269
0.0045045 0.46307
0.005005 0.46344
0.0055055 0.46382
0.006006 0.46419
0.0065065 0.46457
0.007007 0.46494
0.0075075 0.46531
0.008008 0.46568
0.0085085 0.46605
0.009009 0.46643
0.0095095 0.4668
0.01001 0.46717
0.010511 0.46754
0.011011 0.46791
0.011512 0.46829
0.012012 0.46866
0.012513 0.46903
0.013013 0.4694
0.013514 0.46978
0.014014 0.47015
0.014515 0.47052
0.015015 0.47089
0.015516 0.47126
0.016016 0.47163
0.016517 0.472
0.017017 0.47237
0.017518 0.47274
0.018018 0.4731
0.018519 0.47346
0.019019 0.47382
0.01952 0.47418
0.02002 0.47454
0.020521 0.47489
0.021021 0.47524
0.021522 0.47558
0.022022 0.47592
0.022523 0.47626
0.023023 0.4766
0.023524 0.47693
0.024024 0.47726
0.024525 0.47758
0.025025 0.47791
0.025526 0.47822
0.026026 0.47854
0.026527 0.47885
0.027027 0.47916
0.027528 0.47947
0.028028 0.47978
0.028529 0.48009
0.029029 0.48039
0.02953 0.48069
0.03003 0.48099
0.030531 0.4813
0.031031 0.4816
0.031532 0.4819
0.032032 0.4822
0.032533 0.4825
0.033033 0.48281
0.033534 0.48311
0.034034 0.48342
0.034535 0.48372
0.035035 0.48403
0.035536 0.48434
0.036036 0.48464
0.036537 0.48495
0.037037 0.48526
0.037538 0.48557
0.038038 0.48588
0.038539 0.48619
0.039039 0.4865
0.03954 0.48681
0.04004 0.48712
0.040541 0.48742
0.041041 0.48773
0.041542 0.48803
0.042042 0.48833
0.042543 0.48862
0.043043 0.48892
0.043544 0.48921
0.044044 0.48949
0.044545 0.48978
0.045045 0.49005
0.045546 0.49033
0.046046 0.4906
0.046547 0.49086
0.047047 0.49112
0.047548 0.49138
0.048048 0.49163
0.048549 0.49188
0.049049 0.49212
0.04955 0.49236
0.05005 0.4926
0.050551 0.49284
0.051051 0.49307
0.051552 0.4933
0.052052 0.49352
0.052553 0.49375
0.053053 0.49398
0.053554 0.4942
0.054054 0.49443
0.054555 0.49465
0.055055 0.49488
0.055556 0.49511
0.056056 0.49533
0.056557 0.49556
0.057057 0.4958
0.057558 0.49603
0.058058 0.49626
0.058559 0.4965
0.059059 0.49674
0.05956 0.49698
0.06006 0.49722
0.060561 0.49747
0.061061 0.49771
0.061562 0.49796
0.062062 0.4982
0.062563 0.49845
0.063063 0.49869
0.063564 0.49894
0.064064 0.49918
0.064565 0.49942
0.065065 0.49966
0.065566 0.4999
0.066066 0.50014
0.066567 0.50037
0.067067 0.50059
0.067568 0.50082
0.068068 0.50103
0.068569 0.50125
0.069069 0.50146
0.06957 0.50166
0.07007 0.50186
0.070571 0.50205
0.071071 0.50224
0.071572 0.50243
0.072072 0.50261
0.072573 0.50279
0.073073 0.50296
0.073574 0.50313
0.074074 0.5033
0.074575 0.50346
0.075075 0.50362
0.075576 0.50378
0.076076 0.50394
0.076577 0.5041
0.077077 0.50426
0.077578 0.50442
0.078078 0.50458
0.078579 0.50474
0.079079 0.50491
0.07958 0.50507
0.08008 0.50524
0.080581 0.50541
0.081081 0.50558
0.081582 0.50575
0.082082 0.50592
0.082583 0.5061
0.083083 0.50628
0.083584 0.50646
0.084084 0.50664
0.084585 0.50682
0.085085 0.50701
0.085586 0.50719
0.086086 0.50738
0.086587 0.50756
0.087087 0.50774
0.087588 0.50792
0.088088 0.5081
0.088589 0.50827
0.089089 0.50845
0.08959 0.50862
0.09009 0.50878
0.090591 0.50894
0.091091 0.5091
0.091592 0.50926
0.092092 0.50941
0.092593 0.50955
0.093093 0.5097
0.093594 0.50983
0.094094 0.50997
0.094595 0.5101
0.095095 0.51023
0.095596 0.51035
0.096096 0.51048
0.096597 0.5106
0.097097 0.51072
0.097598 0.51083
0.098098 0.51095
0.098599 0.51107
0.099099 0.51118
0.0996 0.5113
0.1001 0.51142
0.1006 0.51154
0.1011 0.51166
0.1016 0.51178
0.1021 0.51191
0.1026 0.51203
0.1031 0.51216
0.1036 0.51229
0.1041 0.51242
0.1046 0.51255
0.10511 0.51269
0.10561 0.51282
0.10611 0.51296
0.10661 0.51309
0.10711 0.51323
0.10761 0.51336
0.10811 0.5135
0.10861 0.51363
0.10911 0.51376
0.10961 0.51389
0.11011 0.51401
0.11061 0.51413
0.11111 0.51425
0.11161 0.51437
0.11211 0.51448
0.11261 0.51458
0.11311 0.51469
0.11361 0.51479
0.11411 0.51488
0.11461 0.51498
0.11512 0.51507
0.11562 0.51516
0.11612 0.51524
0.11662 0.51533
0.11712 0.51541
0.11762 0.51549
0.11812 0.51557
0.11862 0.51565
0.11912 0.51574
0.11962 0.51582
0.12012 0.51591
0.12062 0.516
0.12112 0.51609
0.12162 0.51619
0.12212 0.51629
0.12262 0.51639
0.12312 0.5165
0.12362 0.51661
0.12412 0.51673
0.12462 0.51684
0.12513 0.51696
0.12563 0.51709
0.12613 0.51722
0.12663 0.51734
0.12713 0.51747
0.12763 0.5176
0.12813 0.51773
0.12863 0.51786
0.12913 0.51799
0.12963 0.51812
0.13013 0.51824
0.13063 0.51836
0.13113 0.51847
0.13163 0.51858
0.13213 0.51868
0.13263 0.51878
0.13313 0.51888
0.13363 0.51896
0.13413 0.51904
0.13463 0.51912
0.13514 0.51919
0.13564 0.51925
0.13614 0.51931
0.13664 0.51936
0.13714 0.51941
0.13764 0.51946
0.13814 0.51951
0.13864 0.51955
0.13914 0.5196
0.13964 0.51964
0.14014 0.51969
0.14064 0.51974
0.14114 0.51979
0.14164 0.51985
0.14214 0.51991
0.14264 0.51999
0.14314 0.52006
0.14364 0.52015
0.14414 0.52024
0.14464 0.52034
0.14515 0.52045
0.14565 0.52056
0.14615 0.52069
0.14665 0.52082
0.14715 0.52096
0.14765 0.52111
0.14815 0.52126
0.14865 0.52142
0.14915 0.52158
0.14965 0.52174
0.15015 0.5219
0.15065 0.52207
0.15115 0.52224
0.15165 0.5224
0.15215 0.52256
0.15265 0.52272
0.15315 0.52287
0.15365 0.52302
0.15415 0.52316
0.15465 0.5233
0.15516 0.52342
0.15566 0.52354
0.15616 0.52366
0.15666 0.52376
0.15716 0.52386
0.15766 0.52395
0.15816 0.52403
0.15866 0.52411
0.15916 0.52418
0.15966 0.52425
0.16016 0.52432
0.16066 0.52438
0.16116 0.52445
0.16166 0.52451
0.16216 0.52458
0.16266 0.52465
0.16316 0.52473
0.16366 0.52481
0.16416 0.5249
0.16466 0.525
0.16517 0.5251
0.16567 0.52522
0.16617 0.52535
0.16667 0.52549
0.16717 0.52564
0.16767 0.5258
0.16817 0.52598
0.16867 0.52617
0.16917 0.52636
0.16967 0.52658
0.17017 0.5268
0.17067 0.52703
0.17117 0.52727
0.17167 0.52752
0.17217 0.52778
0.17267 0.52805
0.17317 0.52832
0.17367 0.52859
0.17417 0.52888
0.17467 0.52916
0.17518 0.52945
0.17568 0.52974
0.17618 0.53003
0.17668 0.53032
0.17718 0.53062
0.17768 0.53091
0.17818 0.53121
0.17868 0.5315
0.17918 0.5318
0.17968 0.5321
0.18018 0.5324
0.18068 0.5327
0.18118 0.53301
0.18168 0.53332
0.18218 0.53364
0.18268 0.53396
0.18318 0.53429
0.18368 0.53464
0.18418 0.53499
0.18468 0.53535
0.18519 0.53573
0.18569 0.53613
0.18619 0.53654
0.18669 0.53697
0.18719 0.53742
0.18769 0.5379
0.18819 0.5384
0.18869 0.53893
0.18919 0.53948
0.18969 0.54007
0.19019 0.54069
0.19069 0.54135
0.19119 0.54204
0.19169 0.54278
0.19219 0.54356
0.19269 0.54439
0.19319 0.54527
0.19369 0.5462
0.19419 0.5472
0.19469 0.54825
0.1952 0.54937
0.1957 0.55057
0.1962 0.55183
0.1967 0.55318
0.1972 0.55461
0.1977 0.55613
0.1982 0.55775
0.1987 0.55946
0.1992 0.56128
0.1997 0.56321
0.2002 0.56525
0.2007 0.5674
0.2012 0.56968
0.2017 0.57208
0.2022 0.57461
0.2027 0.57727
0.2032 0.58005
0.2037 0.58297
0.2042 0.58602
0.2047 0.5892
0.20521 0.5925
0.20571 0.59593
0.20621 0.59949
0.20671 0.60316
0.20721 0.60694
0.20771 0.61083
0.20821 0.61481
0.20871 0.61888
0.20921 0.62303
0.20971 0.62724
0.21021 0.63151
0.21071 0.63582
0.21121 0.64016
0.21171 0.64452
0.21221 0.64889
0.21271 0.65325
0.21321 0.65758
0.21371 0.66188
0.21421 0.66614
0.21471 0.67033
0.21522 0.67446
0.21572 0.6785
0.21622 0.68245
0.21672 0.6863
0.21722 0.69004
0.21772 0.69367
0.21822 0.69717
0.21872 0.70054
0.21922 0.70378
0.21972 0.70689
0.22022 0.70986
0.22072 0.7127
0.22122 0.7154
0.22172 0.71797
0.22222 0.7204
0.22272 0.72271
0.22322 0.72489
0.22372 0.72696
0.22422 0.72891
0.22472 0.73075
0.22523 0.73249
0.22573 0.73414
0.22623 0.7357
0.22673 0.73718
0.22723 0.73859
0.22773 0.73993
0.22823 0.7412
0.22873 0.74243
0.22923 0.7436
0.22973 0.74473
0.23023 0.74582
0.23073 0.74687
0.23123 0.7479
0.23173 0.7489
0.23223 0.74987
0.23273 0.75082
0.23323 0.75174
0.23373 0.75265
0.23423 0.75353
0.23473 0.7544
0.23524 0.75524
0.23574 0.75607
0.23624 0.75687
0.23674 0.75765
0.23724 0.7584
0.23774 0.75914
0.23824 0.75984
0.23874 0.76053
0.23924 0.76118
0.23974 0.76181
0.24024 0.7624
0.24074 0.76297
0.24124 0.76351
0.24174 0.76403
0.24224 0.76451
0.24274 0.76497
0.24324 0.7654
0.24374 0.76581
0.24424 0.7662
0.24474 0.76656
0.24525 0.7669
0.24575 0.76723
0.24625 0.76754
0.24675 0.76783
0.24725 0.76812
0.24775 0.76839
0.24825 0.76866
0.24875 0.76892
0.24925 0.76917
0.24975 0.76942
0.25025 0.76967
0.25075 0.76991
0.25125 0.77015
0.25175 0.77039
0.25225 0.77064
0.25275 0.77087
0.25325 0.77111
0.25375 0.77135
0.25425 0.77158
0.25475 0.77181
0.25526 0.77203
0.25576 0.77225
0.25626 0.77245
0.25676 0.77266
0.25726 0.77285
0.25776 0.77303
0.25826 0.7732
0.25876 0.77335
0.25926 0.77349
0.25976 0.77362
0.26026 0.77374
0.26076 0.77384
0.26126 0.77392
0.26176 0.774
0.26226 0.77405
0.26276 0.7741
0.26326 0.77413
0.26376 0.77415
0.26426 0.77416
0.26476 0.77416
0.26527 0.77415
0.26577 0.77414
0.26627 0.77412
0.26677 0.77409
0.26727 0.77406
0.26777 0.77403
0.26827 0.77399
0.26877 0.77395
0.26927 0.77392
0.26977 0.77388
0.27027 0.77384
0.27077 0.77381
0.27127 0.77377
0.27177 0.77374
0.27227 0.7737
0.27277 0.77367
0.27327 0.77363
0.27377 0.77359
0.27427 0.77355
0.27477 0.7735
0.27528 0.77345
0.27578 0.77339
0.27628 0.77333
0.27678 0.77326
0.27728 0.77318
0.27778 0.7731
0.27828 0.773
0.27878 0.7729
0.27928 0.77278
0.27978 0.77266
0.28028 0.77252
0.28078 0.77238
0.28128 0.77223
0.28178 0.77206
0.28228 0.77189
0.28278 0.77172
0.28328 0.77153
0.28378 0.77134
0.28428 0.77114
0.28478 0.77094
0.28529 0.77074
0.28579 0.77053
0.28629 0.77033
0.28679 0.77012
0.28729 0.76991
0.28779 0.7697
0.28829 0.76949
0.28879 0.76928
0.28929 0.76907
0.28979 0.76886
0.29029 0.76866
0.29079 0.76845
0.29129 0.76824
0.29179 0.76803
0.29229 0.76783
0.29279 0.76761
0.29329 0.7674
0.29379 0.76718
0.29429 0.76696
0.29479 0.76674
0.2953 0.7665
0.2958 0.76627
0.2963 0.76602
0.2968 0.76577
0.2973 0.76551
0.2978 0.76525
0.2983 0.76497
0.2988 0.76469
0.2993 0.7644
0.2998 0.76411
0.3003 0.7638
0.3008 0.76349
0.3013 0.76318
0.3018 0.76286
0.3023 0.76254
0.3028 0.76221
0.3033 0.76188
0.3038 0.76155
0.3043 0.76121
0.3048 0.76088
0.30531 0.76055
0.30581 0.76021
0.30631 0.75988
0.30681 0.75955
0.30731 0.75922
0.30781 0.75889
0.30831 0.75856
0.30881 0.75824
0.30931 0.75791
0.30981 0.75758
0.31031 0.75726
0.31081 0.75693
0.31131 0.7566
0.31181 0.75627
0.31231 0.75593
0.31281 0.75559
0.31331 0.75525
0.31381 0.7549
0.31431 0.75455
0.31481 0.75419
0.31532 0.75382
0.31582 0.75345
0.31632 0.75307
0.31682 0.75269
0.31732 0.75229
0.31782 0.7519
0.31832 0.75149
0.31882 0.75108
0.31932 0.75067
0.31982 0.75025
0.32032 0.74983
0.32082 0.7494
0.32132 0.74898
0.32182 0.74855
0.32232 0.74812
0.32282 0.74769
0.32332 0.74726
0.32382 0.74684
0.32432 0.74641
0.32482 0.74599
0.32533 0.74556
0.32583 0.74514
0.32633 0.74472
0.32683 0.74431
0.32733 0.74389
0.32783 0.74348
0.32833 0.74306
0.32883 0.74265
0.32933 0.74223
0.32983 0.74181
0.33033 0.74139
0.33083 0.74097
0.33133 0.74054
0.33183 0.7401
0.33233 0.73967
0.33283 0.73922
0.33333 0.73877
0.33383 0.73832
0.33433 0.73785
0.33483 0.73738
0.33534 0.73691
0.33584 0.73643
0.33634 0.73594
0.33684 0.73545
0.33734 0.73495
0.33784 0.73445
0.33834 0.73395
0.33884 0.73344
0.33934 0.73294
0.33984 0.73243
0.34034 0.73193
0.34084 0.73142
0.34134 0.73092
0.34184 0.73042
0.34234 0.72992
0.34284 0.72942
0.34334 0.72893
0.34384 0.72844
0.34434 0.72796
0.34484 0.72748
0.34535 0.727
0.34585 0.72652
0.34635 0.72604
0.34685 0.72556
0.34735 0.72509
0.34785 0.72461
0.34835 0.72413
0.34885 0.72364
0.34935 0.72316
0.34985 0.72266
0.35035 0.72217
0.35085 0.72166
0.35135 0.72115
0.35185 0.72063
0.35235 0.72011
0.35285 0.71957
0.35335 0.71903
0.35385 0.71849
0.35435 0.71793
0.35485 0.71737
0.35536 0.71681
0.35586 0.71624
0.35636 0.71567
0.35686 0.7151
0.35736 0.71453
0.35786 0.71395
0.35836 0.71338
0.35886 0.71281
0.35936 0.71224
0.35986 0.71168
0.36036 0.71112
0.36086 0.71056
0.36136 0.71001
0.36186 0.70947
0.36236 0.70893
0.36286 0.70839
0.36336 0.70786
0.36386 0.70733
0.36436 0.70681
0.36486 0.70629
0.36537 0.70576
0.36587 0.70524
0.36637 0.70472
0.36687 0.70419
0.36737 0.70366
0.36787 0.70313
0.36837 0.70259
0.36887 0.70204
0.36937 0.70148
0.36987 0.70092
0.37037 0.70035
0.37087 0.69977
0.37137 0.69918
0.37187 0.69859
0.37237 0.69799
0.37287 0.69738
0.37337 0.69677
0.37387 0.69615
0.37437 0.69553
0.37487 0.6949
0.37538 0.69428
0.37588 0.69366
0.37638 0.69303
0.37688 0.69242
0.37738 0.6918
0.37788 0.6912
0.37838 0.6906
0.37888 0.69
0.37938 0.68941
0.37988 0.68884
0.38038 0.68826
0.38088 0.6877
0.38138 0.68714
0.38188 0.68659
0.38238 0.68604
0.38288 0.68549
0.38338 0.68495
0.38388 0.6844
0.38438 0.68386
0.38488 0.68331
0.38539 0.68276
0.38589 0.6822
0.38639 0.68163
0.38689 0.68105
0.38739 0.68046
0.38789 0.67986
0.38839 0.67925
0.38889 0.67863
0.38939 0.67799
0.38989 0.67735
0.39039 0.67669
0.39089 0.67602
0.39139 0.67535
0.39189 0.67466
0.39239 0.67397
0.39289 0.67328
0.39339 0.67259
0.39389 0.6719
0.39439 0.67121
0.39489 0.67052
0.3954 0.66985
0.3959 0.66918
0.3964 0.66852
0.3969 0.66788
0.3974 0.66725
0.3979 0.66663
0.3984 0.66603
0.3989 0.66545
0.3994 0.66487
0.3999 0.66431
0.4004 0.66377
0.4009 0.66323
0.4014 0.66271
0.4019 0.66219
0.4024 0.66167
0.4029 0.66116
0.4034 0.66064
0.4039 0.66012
0.4044 0.6596
0.4049 0.65907
0.40541 0.65852
0.40591 0.65796
0.40641 0.65739
0.40691 0.6568
0.40741 0.65619
0.40791 0.65556
0.40841 0.65491
0.40891 0.65425
0.40941 0.65356
0.40991 0.65286
0.41041 0.65214
0.41091 0.65141
0.41141 0.65067
0.41191 0.64993
0.41241 0.64917
0.41291 0.64842
0.41341 0.64766
0.41391 0.64691
0.41441 0.64617
0.41491 0.64543
0.41542 0.64471
0.41592 0.644
0.41642 0.64331
0.41692 0.64264
0.41742 0.64199
0.41792 0.64136
0.41842 0.64075
0.41892 0.64016
0.41942 0.63958
0.41992 0.63903
0.42042 0.63849
0.42092 0.63796
0.42142 0.63745
0.42192 0.63694
0.42242 0.63644
0.42292 0.63594
0.42342 0.63544
0.42392 0.63493
0.42442 0.63441
0.42492 0.63389
0.42543 0.63335
0.42593 0.6328
0.42643 0.63222
0.42693 0.63163
0.42743 0.63102
0.42793 0.63039
0.42843 0.62974
0.42893 0.62907
0.42943 0.62838
0.42993 0.62767
0.43043 0.62694
0.43093 0.6262
0.43143 0.62546
0.43193 0.6247
0.43243 0.62394
0.43293 0.62317
0.43343 0.62241
0.43393 0.62165
0.43443 0.6209
0.43493 0.62015
0.43544 0.61942
0.43594 0.6187
0.43644 0.61799
0.43694 0.6173
0.43744 0.61663
0.43794 0.61597
0.43844 0.61534
0.43894 0.61471
0.43944 0.6141
0.43994 0.61351
0.44044 0.61292
0.44094 0.61234
0.44144 0.61177
0.44194 0.61121
0.44244 0.61065
0.44294 0.61008
0.44344 0.60951
0.44394 0.60894
0.44444 0.60835
0.44494 0.60776
0.44545 0.60715
0.44595 0.60653
0.44645 0.6059
0.44695 0.60525
0.44745 0.60458
0.44795 0.6039
0.44845 0.6032
0.44895 0.60249
0.44945 0.60176
0.44995 0.60102
0.45045 0.60027
0.45095 0.59951
0.45145 0.59874
0.45195 0.59797
0.45245 0.5972
0.45295 0.59642
0.45345 0.59565
0.45395 0.59487
0.45445 0.59411
0.45495 0.59334
0.45546 0.59259
0.45596 0.59184
0.45646 0.5911
0.45696 0.59037
0.45746 0.58965
0.45796 0.58894
0.45846 0.58824
0.45896 0.58754
0.45946 0.58685
0.45996 0.58616
0.46046 0.58548
0.46096 0.58481
0.46146 0.58413
0.46196 0.58346
0.46246 0.58279
0.46296 0.58211
0.46346 0.58144
0.46396 0.58076
0.46446 0.58007
0.46496 0.57939
0.46547 0.57869
0.46597 0.578
0.46647 0.5773
0.46697 0.57659
0.46747 0.57588
0.46797 0.57517
0.46847 0.57445
0.46897 0.57373
0.46947 0.57301
0.46997 0.57229
0.47047 0.57157
0.47097 0.57085
0.47147 0.57012
0.47197 0.5694
0.47247 0.56868
0.47297 0.56797
0.47347 0.56725
0.47397 0.56654
0.47447 0.56583
0.47497 0.56512
0.47548 0.56442
0.47598 0.56371
0.47648 0.56301
0.47698 0.5623
0.47748 0.5616
0.47798 0.56089
0.47848 0.56019
0.47898 0.55948
0.47948 0.55877
0.47998 0.55806
0.48048 0.55735
0.48098 0.55664
0.48148 0.55592
0.48198 0.5552
0.48248 0.55448
0.48298 0.55376
0.48348 0.55304
0.48398 0.55232
0.48448 0.5516
0.48498 0.55089
0.48549 0.55017
0.48599 0.54946
0.48649 0.54875
0.48699 0.54804
0.48749 0.54734
0.48799 0.54664
0.48849 0.54595
0.48899 0.54526
0.48949 0.54458
0.48999 0.5439
0.49049 0.54323
0.49099 0.54256
0.49149 0.54189
0.49199 0.54123
0.49249 0.54057
0.49299 0.53991
0.49349 0.53925
0.49399 0.53858
0.49449 0.53792
0.49499 0.53726
0.4955 0.53659
0.496 0.53592
0.4965 0.53524
0.497 0.53456
0.4975 0.53388
0.498 0.53319
0.4985 0.53249
0.499 0.53179
0.4995 0.53109
0.5 0.53039
0.5005 0.52968
0.501 0.52897
0.5015 0.52826
0.502 0.52755
0.5025 0.52684
0.503 0.52613
0.5035 0.52543
0.504 0.52473
0.5045 0.52403
0.50501 0.52334
0.50551 0.52265
0.50601 0.52196
0.50651 0.52129
0.50701 0.52061
0.50751 0.51994
0.50801 0.51928
0.50851 0.51862
0.50901 0.51796
0.50951 0.51731
0.51001 0.51665
0.51051 0.516
0.51101 0.51535
0.51151 0.5147
0.51201 0.51404
0.51251 0.51339
0.51301 0.51273
0.51351 0.51207
0.51401 0.51141
0.51451 0.51074
0.51502 0.51007
0.51552 0.5094
0.51602 0.50873
0.51652 0.50805
0.51702 0.50738
0.51752 0.5067
0.51802 0.50602
0.51852 0.50534
0.51902 0.50467
0.51952 0.504
0.52002 0.50333
0.52052 0.50266
0.52102 0.502
0.52152 0.50134
0.52202 0.50069
0.52252 0.50004
0.52302 0.4994
0.52352 0.49876
0.52402 0.49813
0.52452 0.4975
0.52503 0.49687
0.52553 0.49624
0.52603 0.49562
0.52653 0.49499
0.52703 0.49436
0.52753 0.49373
0.52803 0.4931
0.52853 0.49246
0.52903 0.49181
0.52953 0.49117
0.53003 0.49052
0.53053 0.48986
0.53103 0.48919
0.53153 0.48853
0.53203 0.48785
0.53253 0.48718
0.53303 0.4865
0.53353 0.48582
0.53403 0.48514
0.53453 0.48446
0.53504 0.48379
0.53554 0.48312
0.53604 0.48245
0.53654 0.48179
0.53704 0.48114
0.53754 0.48049
0.53804 0.47986
0.53854 0.47923
0.53904 0.47861
0.53954 0.478
0.54004 0.4774
0.54054 0.47681
0.54104 0.47623
0.54154 0.47565
0.54204 0.47508
0.54254 0.4745
0.54304 0.47393
0.54354 0.47336
0.54404 0.47279
0.54454 0.47221
0.54505 0.47163
0.54555 0.47104
0.54605 0.47044
0.54655 0.46983
0.54705 0.46922
0.54755 0.46859
0.54805 0.46796
0.54855 0.46731
0.54905 0.46666
0.54955 0.466
0.55005 0.46533
0.55055 0.46466
0.55105 0.46398
0.55155 0.46331
0.55205 0.46263
0.55255 0.46196
0.55305 0.4613
0.55355 0.46064
0.55405 0.45999
0.55455 0.45935
0.55506 0.45873
0.55556 0.45812
0.55606 0.45752
0.55656 0.45693
0.55706 0.45636
0.55756 0.4558
0.55806 0.45525
0.55856 0.45471
0.55906 0.45418
0.55956 0.45366
0.56006 0.45314
0.56056 0.45262
0.56106 0.4521
0.56156 0.45158
0.56206 0.45105
0.56256 0.45052
0.56306 0.44998
0.56356 0.44942
0.56406 0.44886
0.56456 0.44828
0.56507 0.44769
0.56557 0.44708
0.56607 0.44647
0.56657 0.44584
0.56707 0.4452
0.56757 0.44455
0.56807 0.4439
0.56857 0.44325
0.56907 0.44259
0.56957 0.44193
0.57007 0.44128
0.57057 0.44064
0.57107 0.44
0.57157 0.43938
0.57207 0.43877
0.57257 0.43817
0.57307 0.43759
0.57357 0.43702
0.57407 0.43648
0.57457 0.43594
0.57508 0.43543
0.57558 0.43492
0.57608 0.43443
0.57658 0.43395
0.57708 0.43348
0.57758 0.43301
0.57808 0.43254
0.57858 0.43207
0.57908 0.4316
0.57958 0.43112
0.58008 0.43064
0.58058 0.43014
0.58108 0.42963
0.58158 0.42911
0.58208 0.42857
0.58258 0.42802
0.58308 0.42745
0.58358 0.42687
0.58408 0.42627
0.58458 0.42567
0.58509 0.42505
0.58559 0.42443
0.58609 0.42381
0.58659 0.42319
0.58709 0.42256
0.58759 0.42195
0.58809 0.42134
0.58859 0.42074
0.58909 0.42016
0.58959 0.41959
0.59009 0.41903
0.59059 0.4185
0.59109 0.41798
0.59159 0.41747
0.59209 0.41699
0.59259 0.41652
0.59309 0.41606
0.59359 0.41562
0.59409 0.41519
0.59459 0.41476
0.5951 0.41434
0.5956 0.41391
0.5961 0.41349
0.5966 0.41306
0.5971 0.41262
0.5976 0.41218
0.5981 0.41172
0.5986 0.41125
0.5991 0.41076
0.5996 0.41026
0.6001 0.40974
0.6006 0.40921
0.6011 0.40867
0.6016 0.40812
0.6021 0.40755
0.6026 0.40698
0.6031 0.40641
0.6036 0.40584
0.6041 0.40526
0.6046 0.4047
0.60511 0.40414
0.60561 0.40359
0.60611 0.40305
0.60661 0.40253
0.60711 0.40202
0.60761 0.40153
0.60811 0.40106
0.60861 0.4006
0.60911 0.40016
0.60961 0.39974
0.61011 0.39932
0.61061 0.39892
0.61111 0.39853
0.61161 0.39815
0.61211 0.39777
0.61261 0.39738
0.61311 0.397
0.61361 0.39661
0.61411 0.39621
0.61461 0.39581
0.61512 0.39539
0.61562 0.39496
0.61612 0.39451
0.61662 0.39406
0.61712 0.39358
0.61762 0.3931
0.61812 0.39261
0.61862 0.3921
0.61912 0.39159
0.61962 0.39108
0.62012 0.39056
0.62062 0.39005
0.62112 0.38954
0.62162 0.38904
0.62212 0.38854
0.62262 0.38806
0.62312 0.38759
0.62362 0.38714
0.62412 0.3867
0.62462 0.38628
0.62513 0.38588
0.62563 0.38549
0.62613 0.38511
0.62663 0.38475
0.62713 0.3844
0.62763 0.38406
0.62813 0.38372
0.62863 0.38339
0.62913 0.38305
0.62963 0.38272
0.63013 0.38237
0.63063 0.38202
0.63113 0.38166
0.63163 0.38129
0.63213 0.38091
0.63263 0.38051
0.63313 0.3801
0.63363 0.37967
0.63413 0.37924
0.63463 0.37879
0.63514 0.37834
0.63564 0.37788
0.63614 0.37742
0.63664 0.37696
0.63714 0.37651
0.63764 0.37606
0.63814 0.37562
0.63864 0.37519
0.63914 0.37477
0.63964 0.37437
0.64014 0.37399
0.64064 0.37362
0.64114 0.37328
0.64164 0.37295
0.64214 0.37263
0.64264 0.37233
0.64314 0.37204
0.64364 0.37176
0.64414 0.37149
0.64464 0.37122
0.64515 0.37095
0.64565 0.37068
0.64615 0.3704
0.64665 0.37012
0.64715 0.36982
0.64765 0.36952
0.64815 0.36919
0.64865 0.36886
0.64915 0.3685
0.64965 0.36814
0.65015 0.36776
0.65065 0.36736
0.65115 0.36696
0.65165 0.36656
0.65215 0.36614
0.65265 0.36573
0.65315 0.36532
0.65365 0.36492
0.65415 0.36452
0.65465 0.36414
0.65516 0.36378
0.65566 0.36343
0.65616 0.36311
0.65666 0.3628
0.65716 0.36251
0.65766 0.36225
0.65816 0.362
0.65866 0.36177
0.65916 0.36156
0.65966 0.36136
0.66016 0.36117
0.66066 0.36099
0.66116 0.3608
0.66166 0.36062
0.66216 0.36043
0.66266 0.36023
0.66316 0.36002
0.66366 0.35979
0.66416 0.35955
0.66466 0.35929
0.66517 0.35901
0.66567 0.35872
0.66617 0.3584
0.66667 0.35807
0.66717 0.35773
0.66767 0.35737
0.66817 0.35701
0.66867 0.35665
0.66917 0.35628
0.66967 0.35592
0.67017 0.35557
0.67067 0.35524
0.67117 0.35492
0.67167 0.35462
0.67217 0.35434
0.67267 0.35409
0.67317 0.35386
0.67367 0.35366
0.67417 0.35348
0.67467 0.35333
0.67518 0.35319
0.67568 0.35308
0.67618 0.35297
0.67668 0.35288
0.67718 0.35279
0.67768 0.3527
0.67818 0.35261
0.67868 0.35251
0.67918 0.3524
0.67968 0.35227
0.68018 0.35213
0.68068 0.35196
0.68118 0.35177
0.68168 0.35156
0.68218 0.35133
0.68268 0.35107
0.68318 0.3508
0.68368 0.35051
0.68418 0.35021
0.68468 0.34991
0.68519 0.3496
0.68569 0.34929
0.68619 0.349
0.68669 0.34871
0.68719 0.34844
0.68769 0.3482
0.68819 0.34797
0.68869 0.34778
0.68919 0.34761
0.68969 0.34748
0.69019 0.34737
0.69069 0.34729
0.69119 0.34723
0.69169 0.3472
0.69219 0.34719
0.69269 0.34719
0.69319 0.3472
0.69369 0.34721
0.69419 0.34722
0.69469 0.34723
0.6952 0.34722
0.6957 0.3472
0.6962 0.34716
0.6967 0.3471
0.6972 0.34701
0.6977 0.34689
0.6982 0.34675
0.6987 0.34659
0.6992 0.3464
0.6997 0.34619
0.7002 0.34597
0.7007 0.34574
0.7012 0.3455
0.7017 0.34526
0.7022 0.34503
0.7027 0.34481
0.7032 0.3446
0.7037 0.34442
0.7042 0.34426
0.7047 0.34414
0.70521 0.34404
0.70571 0.34397
0.70621 0.34394
0.70671 0.34394
0.70721 0.34397
0.70771 0.34403
0.70821 0.34411
0.70871 0.34421
0.70921 0.34432
0.70971 0.34443
0.71021 0.34455
0.71071 0.34466
0.71121 0.34476
0.71171 0.34484
0.71221 0.34491
0.71271 0.34495
0.71321 0.34496
0.71371 0.34494
0.71421 0.3449
0.71471 0.34483
0.71522 0.34473
0.71572 0.34461
0.71622 0.34447
0.71672 0.34432
0.71722 0.34416
0.71772 0.344
0.71822 0.34385
0.71872 0.34371
0.71922 0.34358
0.71972 0.34348
0.72022 0.34341
0.72072 0.34337
0.72122 0.34336
0.72172 0.34339
0.72222 0.34345
0.72272 0.34355
0.72322 0.34369
0.72372 0.34385
0.72422 0.34404
0.72472 0.34424
0.72523 0.34446
0.72573 0.34469
0.72623 0.34492
0.72673 0.34514
0.72723 0.34535
0.72773 0.34554
0.72823 0.3457
0.72873 0.34584
0.72923 0.34595
0.72973 0.34603
0.73023 0.34607
0.73073 0.34609
0.73123 0.34607
0.73173 0.34603
0.73223 0.34598
0.73273 0.34591
0.73323 0.34583
0.73373 0.34576
0.73423 0.34569
0.73473 0.34564
0.73524 0.34562
0.73574 0.34561
0.73624 0.34565
0.73674 0.34572
0.73724 0.34582
0.73774 0.34597
0.73824 0.34616
0.73874 0.34639
0.73924 0.34666
0.73974 0.34695
0.74024 0.34727
0.74074 0.34761
0.74124 0.34796
0.74174 0.34831
0.74224 0.34866
0.74274 0.349
0.74324 0.34932
0.74374 0.34961
0.74424 0.34987
0.74474 0.3501
0.74525 0.35029
0.74575 0.35044
0.74625 0.35055
0.74675 0.35063
0.74725 0.35068
0.74775 0.35071
0.74825 0.35072
0.74875 0.35071
0.74925 0.35071
0.74975 0.35071
0.75025 0.35073
0.75075 0.35077
0.75125 0.35084
0.75175 0.35096
0.75225 0.35111
0.75275 0.35132
0.75325 0.35157
0.75375 0.35188
0.75425 0.35223
0.75475 0.35263
0.75526 0.35307
0.75576 0.35354
0.75626 0.35404
0.75676 0.35455
0.75726 0.35506
0.75776 0.35557
0.75826 0.35607
0.75876 0.35654
0.75926 0.35698
0.75976 0.35737
0.76026 0.35772
0.76076 0.35802
0.76126 0.35827
0.76176 0.35847
0.76226 0.35863
0.76276 0.35874
0.76326 0.35881
0.76376 0.35886
0.76426 0.35889
0.76476 0.35892
0.76527 0.35896
0.76577 0.35901
0.76627 0.3591
0.76677 0.35923
0.76727 0.35942
0.76777 0.35966
0.76827 0.35998
0.76877 0.36036
0.76927 0.36081
0.76977 0.36133
0.77027 0.36191
0.77077 0.36255
0.77127 0.36324
0.77177 0.36395
0.77227 0.36469
0.77277 0.36544
0.77327 0.36617
0.77377 0.36688
0.77427 0.36755
0.77477 0.36816
0.77528 0.36871
0.77578 0.36918
0.77628 0.36957
0.77678 0.36988
0.77728 0.37011
0.77778 0.37026
0.77828 0.37033
0.77878 0.37035
0.77928 0.37033
0.77978 0.37028
0.78028 0.37023
0.78078 0.37019
0.78128 0.37019
0.78178 0.37024
0.78228 0.37037
0.78278 0.3706
0.78328 0.37093
0.78378 0.37138
0.78428 0.37195
0.78478 0.37263
0.78529 0.37344
0.78579 0.37434
0.78629 0.37532
0.78679 0.37636
0.78729 0.37742
0.78779 0.37846
0.78829 0.37944
0.78879 0.38032
0.78929 0.38104
0.78979 0.38155
0.79029 0.38181
0.79079 0.38176
0.79129 0.38136
0.79179 0.38059
0.79229 0.3794
0.79279 0.37778
0.79329 0.37573
0.79379 0.37325
0.79429 0.37037
0.79479 0.36712
0.7953 0.36354
0.7958 0.35969
0.7963 0.35564
0.7968 0.35145
0.7973 0.34719
0.7978 0.34294
0.7983 0.33876
0.7988 0.3347
0.7993 0.33081
0.7998 0.32714
0.8003 0.3237
0.8008 0.3205
0.8013 0.31757
0.8018 0.3149
0.8023 0.31247
0.8028 0.31029
0.8033 0.30833
0.8038 0.30657
0.8043 0.30502
0.8048 0.30363
0.80531 0.30241
0.80581 0.30133
0.80631 0.30039
0.80681 0.29956
0.80731 0.29884
0.80781 0.29821
0.80831 0.29768
0.80881 0.29722
0.80931 0.29684
0.80981 0.29652
0.81031 0.29627
0.81081 0.29607
0.81131 0.29593
0.81181 0.29584
0.81231 0.29579
0.81281 0.29579
0.81331 0.29583
0.81381 0.29591
0.81431 0.29602
0.81481 0.29616
0.81532 0.29634
0.81582 0.29655
0.81632 0.29678
0.81682 0.29704
0.81732 0.29732
0.81782 0.29762
0.81832 0.29795
0.81882 0.29828
0.81932 0.29864
0.81982 0.299
0.82032 0.29938
0.82082 0.29977
0.82132 0.30017
0.82182 0.30057
0.82232 0.30098
0.82282 0.30139
0.82332 0.3018
0.82382 0.30221
0.82432 0.30262
0.82482 0.30303
0.82533 0.30344
0.82583 0.30384
0.82633 0.30424
0.82683 0.30464
0.82733 0.30502
0.82783 0.3054
0.82833 0.30577
0.82883 0.30614
0.82933 0.30649
0.82983 0.30684
0.83033 0.30718
0.83083 0.30752
0.83133 0.30784
0.83183 0.30816
0.83233 0.30847
0.83283 0.30877
0.83333 0.30907
0.83383 0.30937
0.83433 0.30965
0.83483 0.30994
0.83534 0.31022
0.83584 0.3105
0.83634 0.31077
0.83684 0.31105
0.83734 0.31132
0.83784 0.3116
0.83834 0.31188
0.83884 0.31216
0.83934 0.31244
0.83984 0.31273
0.84034 0.31302
0.84084 0.31331
0.84134 0.31361
0.84184 0.31392
0.84234 0.31423
0.84284 0.31455
0.84334 0.31488
0.84384 0.31522
0.84434 0.31556
0.84484 0.31591
0.84535 0.31627
0.84585 0.31663
0.84635 0.31701
0.84685 0.31739
0.84735 0.31778
0.84785 0.31818
0.84835 0.31858
0.84885 0.319
0.84935 0.31941
0.84985 0.31984
0.85035 0.32027
0.85085 0.3207
0.85135 0.32114
0.85185 0.32158
0.85235 0.32203
0.85285 0.32248
0.85335 0.32293
0.85385 0.32338
0.85435 0.32383
0.85485 0.32428
0.85536 0.32474
0.85586 0.32519
0.85636 0.32564
0.85686 0.32609
0.85736 0.32654
0.85786 0.32698
0.85836 0.32742
0.85886 0.32786
0.85936 0.32829
0.85986 0.32872
0.86036 0.32915
0.86086 0.32957
0.86136 0.32999
0.86186 0.33041
0.86236 0.33082
0.86286 0.33122
0.86336 0.33163
0.86386 0.33203
0.86436 0.33242
0.86486 0.33282
0.86537 0.33321
0.86587 0.3336
0.86637 0.33399
0.86687 0.33437
0.86737 0.33476
0.86787 0.33514
0.86837 0.33553
0.86887 0.33591
0.86937 0.3363
0.86987 0.33669
0.87037 0.33707
0.87087 0.33747
0.87137 0.33786
0.87187 0.33826
0.87237 0.33866
0.87287 0.33907
0.87337 0.33947
0.87387 0.33989
0.87437 0.34031
0.87487 0.34073
0.87538 0.34116
0.87588 0.34159
0.87638 0.34203
0.87688 0.34247
0.87738 0.34292
0.87788 0.34338
0.87838 0.34383
0.87888 0.3443
0.87938 0.34477
0.87988 0.34524
0.88038 0.34572
0.88088 0.3462
0.88138 0.34668
0.88188 0.34717
0.88238 0.34766
0.88288 0.34815
0.88338 0.34864
0.88388 0.34914
0.88438 0.34964
0.88488 0.35014
0.88539 0.35063
0.88589 0.35113
0.88639 0.35163
0.88689 0.35213
0.88739 0.35262
0.88789 0.35312
0.88839 0.35361
0.88889 0.3541
0.88939 0.35459
0.88989 0.35507
0.89039 0.35556
0.89089 0.35604
0.89139 0.35651
0.89189 0.35699
0.89239 0.35746
0.89289 0.35793
0.89339 0.3584
0.89389 0.35886
0.89439 0.35932
0.89489 0.35978
0.8954 0.36024
0.8959 0.36069
0.8964 0.36115
0.8969 0.3616
0.8974 0.36205
0.8979 0.3625
0.8984 0.36295
0.8989 0.3634
0.8994 0.36385
0.8999 0.3643
0.9004 0.36475
0.9009 0.36521
0.9014 0.36566
0.9019 0.36612
0.9024 0.36658
0.9029 0.36704
0.9034 0.36751
0.9039 0.36797
0.9044 0.36844
0.9049 0.36892
0.90541 0.3694
0.90591 0.36988
0.90641 0.37036
0.90691 0.37085
0.90741 0.37134
0.90791 0.37184
0.90841 0.37234
0.90891 0.37284
0.90941 0.37334
0.90991 0.37385
0.91041 0.37436
0.91091 0.37487
0.91141 0.37539
0.91191 0.37591
0.91241 0.37642
0.91291 0.37694
0.91341 0.37746
0.91391 0.37799
0.91441 0.37851
0.91491 0.37903
0.91542 0.37955
0.91592 0.38007
0.91642 0.38059
0.91692 0.38111
0.91742 0.38163
0.91792 0.38214
0.91842 0.38265
0.91892 0.38317
0.91942 0.38367
0.91992 0.38418
0.92042 0.38468
0.92092 0.38519
0.92142 0.38568
0.92192 0.38618
0.92242 0.38667
0.92292 0.38716
0.92342 0.38765
0.92392 0.38814
0.92442 0.38862
0.92492 0.38911
0.92543 0.38959
0.92593 0.39007
0.92643 0.39054
0.92693 0.39102
0.92743 0.3915
0.92793 0.39197
0.92843 0.39245
0.92893 0.39292
0.92943 0.3934
0.92993 0.39388
0.93043 0.39435
0.93093 0.39483
0.93143 0.39531
0.93193 0.39579
0.93243 0.39628
0.93293 0.39676
0.93343 0.39725
0.93393 0.39774
0.93443 0.39823
0.93493 0.39873
0.93544 0.39922
0.93594 0.39972
0.93644 0.40022
0.93694 0.40073
0.93744 0.40123
0.93794 0.40174
0.93844 0.40225
0.93894 0.40276
0.93944 0.40328
0.93994 0.40379
0.94044 0.40431
0.94094 0.40482
0.94144 0.40534
0.94194 0.40586
0.94244 0.40637
0.94294 0.40689
0.94344 0.40741
0.94394 0.40792
0.94444 0.40844
0.94494 0.40895
0.94545 0.40946
0.94595 0.40997
0.94645 0.41048
0.94695 0.41098
0.94745 0.41148
0.94795 0.41198
0.94845 0.41248
0.94895 0.41298
0.94945 0.41347
0.94995 0.41396
0.95045 0.41445
0.95095 0.41493
0.95145 0.41541
0.95195 0.41589
0.95245 0.41637
0.95295 0.41685
0.95345 0.41732
0.95395 0.41779
0.95445 0.41826
0.95495 0.41873
0.95546 0.4192
0.95596 0.41967
0.95646 0.42013
0.95696 0.4206
0.95746 0.42107
0.95796 0.42153
0.95846 0.422
0.95896 0.42246
0.95946 0.42293
0.95996 0.4234
0.96046 0.42387
0.96096 0.42434
0.96146 0.42481
0.96196 0.42528
0.96246 0.42576
0.96296 0.42623
0.96346 0.42671
0.96396 0.42718
0.96446 0.42766
0.96496 0.42814
0.96547 0.42862
0.96597 0.4291
0.96647 0.42959
0.96697 0.43007
0.96747 0.43055
0.96797 0.43103
0.96847 0.43152
0.96897 0.432
0.96947 0.43248
0.96997 0.43296
0.97047 0.43344
0.97097 0.43392
0.97147 0.43439
0.97197 0.43487
0.97247 0.43534
0.97297 0.43581
0.97347 0.43628
0.97397 0.43675
0.97447 0.43721
0.97497 0.43767
0.97548 0.43813
0.97598 0.43859
0.97648 0.43904
0.97698 0.43949
0.97748 0.43994
0.97798 0.44038
0.97848 0.44083
0.97898 0.44127
0.97948 0.44171
0.97998 0.44215
0.98048 0.44258
0.98098 0.44302
0.98148 0.44345
0.98198 0.44388
0.98248 0.44431
0.98298 0.44474
0.98348 0.44517
0.98398 0.4456
0.98448 0.44603
0.98498 0.44645
0.98549 0.44688
0.98599 0.44731
0.98649 0.44774
0.98699 0.44817
0.98749 0.4486
0.98799 0.44903
0.98849 0.44946
0.98899 0.44989
0.98949 0.45032
0.98999 0.45075
0.99049 0.45118
0.99099 0.45161
0.99149 0.45204
0.99199 0.45247
0.99249 0.45291
0.99299 0.45334
0.99349 0.45376
0.99399 0.45419
0.99449 0.45462
0.99499 0.45504
0.9955 0.45547
0.996 0.45589
0.9965 0.45631
0.997 0.45673
0.9975 0.45714
0.998 0.45756
0.9985 0.45797
0.999 0.45838
0.9995 0.45878
1 0.45918
