time energy 
0 0.45493
0.0005005 0.45535
0.001001 0.45578
0.0015015 0.45621
0.002002 0.45665
0.0025025 0.45709
0.003003 0.45753
0.0035035 0.45797
0.004004 0.45842
0.0045045 0.45887
0.005005 0.45933
0.0055055 0.45978
0.006006 0.46025
0.0065065 0.46071
0.007007 0.46118
0.0075075 0.46165
0.008008 0.46212
0.0085085 0.4626
0.009009 0.46308
0.0095095 0.46357
0.01001 0.46405
0.010511 0.46454
0.011011 0.46504
0.011512 0.46553
0.012012 0.46603
0.012513 0.46654
0.013013 0.46704
0.013514 0.46755
0.014014 0.46806
0.014515 0.46858
0.015015 0.46909
0.015516 0.46961
0.016016 0.47014
0.016517 0.47066
0.017017 0.47119
0.017518 0.47171
0.018018 0.47225
0.018519 0.47278
0.019019 0.47331
0.01952 0.47385
0.02002 0.47438
0.020521 0.47492
0.021021 0.47546
0.021522 0.476
0.022022 0.47654
0.022523 0.47708
0.023023 0.47762
0.023524 0.47817
0.024024 0.47871
0.024525 0.47925
0.025025 0.47979
0.025526 0.48033
0.026026 0.48087
0.026527 0.48141
0.027027 0.48195
0.027528 0.48248
0.028028 0.48302
0.028529 0.48355
0.029029 0.48408
0.02953 0.4846
0.03003 0.48513
0.030531 0.48565
0.031031 0.48617
0.031532 0.48668
0.032032 0.48719
0.032533 0.4877
0.033033 0.4882
0.033534 0.4887
0.034034 0.48919
0.034535 0.48968
0.035035 0.49016
0.035536 0.49064
0.036036 0.49111
0.036537 0.49157
0.037037 0.49203
0.037538 0.49248
0.038038 0.49293
0.038539 0.49337
0.039039 0.4938
0.03954 0.49422
0.04004 0.49463
0.040541 0.49504
0.041041 0.49544
0.041542 0.49583
0.042042 0.49621
0.042543 0.49658
0.043043 0.49695
0.043544 0.4973
0.044044 0.49764
0.044545 0.49798
0.045045 0.4983
0.045546 0.49862
0.046046 0.49892
0.046547 0.49922
0.047047 0.4995
0.047548 0.49977
0.048048 0.50004
0.048549 0.50029
0.049049 0.50053
0.04955 0.50076
0.05005 0.50098
0.050551 0.50119
0.051051 0.50139
0.051552 0.50158
0.052052 0.50175
0.052553 0.50192
0.053053 0.50208
0.053554 0.50222
0.054054 0.50235
0.054555 0.50248
0.055055 0.50259
0.055556 0.50269
0.056056 0.50278
0.056557 0.50286
0.057057 0.50294
0.057558 0.503
0.058058 0.50305
0.058559 0.50309
0.059059 0.50312
0.05956 0.50315
0.06006 0.50316
0.060561 0.50317
0.061061 0.50316
0.061562 0.50315
0.062062 0.50313
0.062563 0.5031
0.063063 0.50307
0.063564 0.50303
0.064064 0.50298
0.064565 0.50292
0.065065 0.50286
0.065566 0.50279
0.066066 0.50271
0.066567 0.50263
0.067067 0.50254
0.067568 0.50245
0.068068 0.50235
0.068569 0.50225
0.069069 0.50215
0.06957 0.50204
0.07007 0.50193
0.070571 0.50181
0.071071 0.50169
0.071572 0.50157
0.072072 0.50145
0.072573 0.50132
0.073073 0.5012
0.073574 0.50107
0.074074 0.50094
0.074575 0.50082
0.075075 0.50069
0.075576 0.50056
0.076076 0.50043
0.076577 0.50031
0.077077 0.50018
0.077578 0.50006
0.078078 0.49994
0.078579 0.49982
0.079079 0.49971
0.07958 0.4996
0.08008 0.49949
0.080581 0.49939
0.081081 0.49929
0.081582 0.49919
0.082082 0.4991
0.082583 0.49902
0.083083 0.49894
0.083584 0.49887
0.084084 0.4988
0.084585 0.49874
0.085085 0.49869
0.085586 0.49864
0.086086 0.49861
0.086587 0.49858
0.087087 0.49855
0.087588 0.49854
0.088088 0.49854
0.088589 0.49854
0.089089 0.49856
0.08959 0.49858
0.09009 0.49861
0.090591 0.49866
0.091091 0.49871
0.091592 0.49877
0.092092 0.49885
0.092593 0.49893
0.093093 0.49903
0.093594 0.49914
0.094094 0.49926
0.094595 0.49939
0.095095 0.49953
0.095596 0.49968
0.096096 0.49985
0.096597 0.50002
0.097097 0.50021
0.097598 0.50041
0.098098 0.50062
0.098599 0.50085
0.099099 0.50108
0.0996 0.50133
0.1001 0.50159
0.1006 0.50186
0.1011 0.50214
0.1016 0.50243
0.1021 0.50274
0.1026 0.50306
0.1031 0.50339
0.1036 0.50373
0.1041 0.50408
0.1046 0.50444
0.10511 0.50481
0.10561 0.50519
0.10611 0.50559
0.10661 0.50599
0.10711 0.5064
0.10761 0.50683
0.10811 0.50726
0.10861 0.5077
0.10911 0.50815
0.10961 0.50861
0.11011 0.50907
0.11061 0.50955
0.11111 0.51003
0.11161 0.51052
0.11211 0.51101
0.11261 0.51151
0.11311 0.51202
0.11361 0.51253
0.11411 0.51305
0.11461 0.51357
0.11512 0.5141
0.11562 0.51463
0.11612 0.51516
0.11662 0.51569
0.11712 0.51623
0.11762 0.51677
0.11812 0.51731
0.11862 0.51785
0.11912 0.51839
0.11962 0.51892
0.12012 0.51946
0.12062 0.51999
0.12112 0.52053
0.12162 0.52105
0.12212 0.52158
0.12262 0.5221
0.12312 0.52261
0.12362 0.52312
0.12412 0.52363
0.12462 0.52412
0.12513 0.52461
0.12563 0.5251
0.12613 0.52557
0.12663 0.52603
0.12713 0.52649
0.12763 0.52693
0.12813 0.52736
0.12863 0.52779
0.12913 0.5282
0.12963 0.52859
0.13013 0.52898
0.13063 0.52935
0.13113 0.52971
0.13163 0.53005
0.13213 0.53038
0.13263 0.53069
0.13313 0.53099
0.13363 0.53127
0.13413 0.53153
0.13463 0.53178
0.13514 0.53201
0.13564 0.53223
0.13614 0.53242
0.13664 0.5326
0.13714 0.53276
0.13764 0.5329
0.13814 0.53302
0.13864 0.53312
0.13914 0.5332
0.13964 0.53326
0.14014 0.53331
0.14064 0.53333
0.14114 0.53333
0.14164 0.53332
0.14214 0.53328
0.14264 0.53322
0.14314 0.53315
0.14364 0.53305
0.14414 0.53293
0.14464 0.5328
0.14515 0.53264
0.14565 0.53247
0.14615 0.53228
0.14665 0.53207
0.14715 0.53184
0.14765 0.5316
0.14815 0.53133
0.14865 0.53105
0.14915 0.53076
0.14965 0.53045
0.15015 0.53012
0.15065 0.52978
0.15115 0.52943
0.15165 0.52906
0.15215 0.52868
0.15265 0.5283
0.15315 0.5279
0.15365 0.52749
0.15415 0.52707
0.15465 0.52664
0.15516 0.52621
0.15566 0.52577
0.15616 0.52533
0.15666 0.52488
0.15716 0.52443
0.15766 0.52397
0.15816 0.52352
0.15866 0.52306
0.15916 0.52261
0.15966 0.52215
0.16016 0.5217
0.16066 0.52125
0.16116 0.5208
0.16166 0.52036
0.16216 0.51993
0.16266 0.5195
0.16316 0.51908
0.16366 0.51867
0.16416 0.51827
0.16466 0.51788
0.16517 0.5175
0.16567 0.51714
0.16617 0.51679
0.16667 0.51645
0.16717 0.51613
0.16767 0.51583
0.16817 0.51554
0.16867 0.51528
0.16917 0.51503
0.16967 0.51481
0.17017 0.51461
0.17067 0.51443
0.17117 0.51428
0.17167 0.51416
0.17217 0.51407
0.17267 0.51401
0.17317 0.51397
0.17367 0.51397
0.17417 0.51401
0.17467 0.51408
0.17518 0.51419
0.17568 0.51433
0.17618 0.51452
0.17668 0.51474
0.17718 0.51501
0.17768 0.51532
0.17818 0.51567
0.17868 0.51607
0.17918 0.51652
0.17968 0.51701
0.18018 0.51756
0.18068 0.51815
0.18118 0.51878
0.18168 0.51947
0.18218 0.52021
0.18268 0.521
0.18318 0.52184
0.18368 0.52274
0.18418 0.52368
0.18468 0.52467
0.18519 0.52572
0.18569 0.52682
0.18619 0.52796
0.18669 0.52916
0.18719 0.53041
0.18769 0.53171
0.18819 0.53306
0.18869 0.53445
0.18919 0.5359
0.18969 0.5374
0.19019 0.53894
0.19069 0.54053
0.19119 0.54217
0.19169 0.54386
0.19219 0.5456
0.19269 0.54738
0.19319 0.54922
0.19369 0.5511
0.19419 0.55303
0.19469 0.555
0.1952 0.55703
0.1957 0.5591
0.1962 0.56122
0.1967 0.5634
0.1972 0.56561
0.1977 0.56788
0.1982 0.5702
0.1987 0.57257
0.1992 0.57498
0.1997 0.57744
0.2002 0.57995
0.2007 0.5825
0.2012 0.5851
0.2017 0.58775
0.2022 0.59044
0.2027 0.59317
0.2032 0.59594
0.2037 0.59875
0.2042 0.60159
0.2047 0.60447
0.20521 0.60738
0.20571 0.61032
0.20621 0.61328
0.20671 0.61626
0.20721 0.61927
0.20771 0.62229
0.20821 0.62533
0.20871 0.62837
0.20921 0.63142
0.20971 0.63448
0.21021 0.63754
0.21071 0.64059
0.21121 0.64364
0.21171 0.64668
0.21221 0.64971
0.21271 0.65274
0.21321 0.65574
0.21371 0.65873
0.21421 0.6617
0.21471 0.66465
0.21522 0.66758
0.21572 0.67049
0.21622 0.67337
0.21672 0.67622
0.21722 0.67905
0.21772 0.68186
0.21822 0.68463
0.21872 0.68738
0.21922 0.69009
0.21972 0.69278
0.22022 0.69543
0.22072 0.69805
0.22122 0.70064
0.22172 0.70319
0.22222 0.70571
0.22272 0.7082
0.22322 0.71065
0.22372 0.71307
0.22422 0.71545
0.22472 0.71779
0.22523 0.7201
0.22573 0.72237
0.22623 0.7246
0.22673 0.72679
0.22723 0.72894
0.22773 0.73106
0.22823 0.73313
0.22873 0.73516
0.22923 0.73715
0.22973 0.7391
0.23023 0.74101
0.23073 0.74287
0.23123 0.74469
0.23173 0.74647
0.23223 0.74821
0.23273 0.7499
0.23323 0.75154
0.23373 0.75315
0.23423 0.7547
0.23473 0.75622
0.23524 0.75768
0.23574 0.75911
0.23624 0.76048
0.23674 0.76182
0.23724 0.7631
0.23774 0.76435
0.23824 0.76554
0.23874 0.7667
0.23924 0.7678
0.23974 0.76886
0.24024 0.76988
0.24074 0.77086
0.24124 0.77178
0.24174 0.77267
0.24224 0.77351
0.24274 0.77431
0.24324 0.77507
0.24374 0.77578
0.24424 0.77645
0.24474 0.77708
0.24525 0.77767
0.24575 0.77822
0.24625 0.77873
0.24675 0.7792
0.24725 0.77963
0.24775 0.78002
0.24825 0.78037
0.24875 0.78069
0.24925 0.78098
0.24975 0.78122
0.25025 0.78144
0.25075 0.78162
0.25125 0.78177
0.25175 0.78188
0.25225 0.78196
0.25275 0.78202
0.25325 0.78204
0.25375 0.78204
0.25425 0.78201
0.25475 0.78195
0.25526 0.78186
0.25576 0.78176
0.25626 0.78162
0.25676 0.78147
0.25726 0.78129
0.25776 0.78109
0.25826 0.78087
0.25876 0.78063
0.25926 0.78037
0.25976 0.7801
0.26026 0.77981
0.26076 0.7795
0.26126 0.77918
0.26176 0.77885
0.26226 0.7785
0.26276 0.77814
0.26326 0.77777
0.26376 0.77739
0.26426 0.777
0.26476 0.77661
0.26527 0.7762
0.26577 0.77579
0.26627 0.77538
0.26677 0.77495
0.26727 0.77453
0.26777 0.7741
0.26827 0.77367
0.26877 0.77324
0.26927 0.77281
0.26977 0.77237
0.27027 0.77194
0.27077 0.77151
0.27127 0.77108
0.27177 0.77065
0.27227 0.77023
0.27277 0.76981
0.27327 0.76939
0.27377 0.76898
0.27427 0.76857
0.27477 0.76817
0.27528 0.76778
0.27578 0.76739
0.27628 0.76701
0.27678 0.76664
0.27728 0.76628
0.27778 0.76592
0.27828 0.76558
0.27878 0.76524
0.27928 0.76491
0.27978 0.76459
0.28028 0.76428
0.28078 0.76398
0.28128 0.76369
0.28178 0.76342
0.28228 0.76315
0.28278 0.76289
0.28328 0.76264
0.28378 0.76241
0.28428 0.76218
0.28478 0.76197
0.28529 0.76176
0.28579 0.76157
0.28629 0.76139
0.28679 0.76121
0.28729 0.76105
0.28779 0.7609
0.28829 0.76076
0.28879 0.76063
0.28929 0.76051
0.28979 0.76039
0.29029 0.76029
0.29079 0.7602
0.29129 0.76011
0.29179 0.76004
0.29229 0.75997
0.29279 0.75991
0.29329 0.75986
0.29379 0.75981
0.29429 0.75978
0.29479 0.75975
0.2953 0.75972
0.2958 0.7597
0.2963 0.75969
0.2968 0.75968
0.2973 0.75968
0.2978 0.75968
0.2983 0.75968
0.2988 0.75969
0.2993 0.7597
0.2998 0.75971
0.3003 0.75973
0.3008 0.75974
0.3013 0.75976
0.3018 0.75978
0.3023 0.7598
0.3028 0.75981
0.3033 0.75983
0.3038 0.75985
0.3043 0.75986
0.3048 0.75987
0.30531 0.75988
0.30581 0.75988
0.30631 0.75988
0.30681 0.75988
0.30731 0.75987
0.30781 0.75986
0.30831 0.75984
0.30881 0.75981
0.30931 0.75978
0.30981 0.75974
0.31031 0.7597
0.31081 0.75964
0.31131 0.75958
0.31181 0.75951
0.31231 0.75943
0.31281 0.75934
0.31331 0.75924
0.31381 0.75914
0.31431 0.75902
0.31481 0.75889
0.31532 0.75875
0.31582 0.7586
0.31632 0.75843
0.31682 0.75826
0.31732 0.75807
0.31782 0.75787
0.31832 0.75766
0.31882 0.75743
0.31932 0.7572
0.31982 0.75695
0.32032 0.75668
0.32082 0.7564
0.32132 0.75611
0.32182 0.75581
0.32232 0.75549
0.32282 0.75516
0.32332 0.75481
0.32382 0.75445
0.32432 0.75408
0.32482 0.75369
0.32533 0.75329
0.32583 0.75288
0.32633 0.75245
0.32683 0.75201
0.32733 0.75155
0.32783 0.75108
0.32833 0.7506
0.32883 0.7501
0.32933 0.74959
0.32983 0.74907
0.33033 0.74853
0.33083 0.74799
0.33133 0.74743
0.33183 0.74685
0.33233 0.74627
0.33283 0.74567
0.33333 0.74506
0.33383 0.74444
0.33433 0.74381
0.33483 0.74317
0.33534 0.74252
0.33584 0.74186
0.33634 0.74119
0.33684 0.74051
0.33734 0.73982
0.33784 0.73912
0.33834 0.73842
0.33884 0.7377
0.33934 0.73698
0.33984 0.73625
0.34034 0.73551
0.34084 0.73477
0.34134 0.73402
0.34184 0.73327
0.34234 0.73251
0.34284 0.73174
0.34334 0.73097
0.34384 0.7302
0.34434 0.72942
0.34484 0.72864
0.34535 0.72786
0.34585 0.72708
0.34635 0.72629
0.34685 0.7255
0.34735 0.72471
0.34785 0.72392
0.34835 0.72313
0.34885 0.72234
0.34935 0.72155
0.34985 0.72076
0.35035 0.71997
0.35085 0.71918
0.35135 0.7184
0.35185 0.71762
0.35235 0.71684
0.35285 0.71606
0.35335 0.71529
0.35385 0.71452
0.35435 0.71376
0.35485 0.713
0.35536 0.71224
0.35586 0.71149
0.35636 0.71074
0.35686 0.71
0.35736 0.70927
0.35786 0.70854
0.35836 0.70782
0.35886 0.70711
0.35936 0.7064
0.35986 0.7057
0.36036 0.70501
0.36086 0.70433
0.36136 0.70365
0.36186 0.70298
0.36236 0.70232
0.36286 0.70166
0.36336 0.70102
0.36386 0.70038
0.36436 0.69975
0.36486 0.69913
0.36537 0.69852
0.36587 0.69792
0.36637 0.69733
0.36687 0.69674
0.36737 0.69617
0.36787 0.6956
0.36837 0.69504
0.36887 0.69449
0.36937 0.69395
0.36987 0.69342
0.37037 0.6929
0.37087 0.69238
0.37137 0.69187
0.37187 0.69138
0.37237 0.69089
0.37287 0.6904
0.37337 0.68993
0.37387 0.68946
0.37437 0.689
0.37487 0.68855
0.37538 0.68811
0.37588 0.68767
0.37638 0.68724
0.37688 0.68681
0.37738 0.68639
0.37788 0.68598
0.37838 0.68558
0.37888 0.68517
0.37938 0.68478
0.37988 0.68439
0.38038 0.684
0.38088 0.68362
0.38138 0.68324
0.38188 0.68287
0.38238 0.6825
0.38288 0.68213
0.38338 0.68177
0.38388 0.68141
0.38438 0.68105
0.38488 0.68069
0.38539 0.68033
0.38589 0.67998
0.38639 0.67962
0.38689 0.67927
0.38739 0.67892
0.38789 0.67856
0.38839 0.67821
0.38889 0.67786
0.38939 0.6775
0.38989 0.67714
0.39039 0.67678
0.39089 0.67642
0.39139 0.67606
0.39189 0.67569
0.39239 0.67532
0.39289 0.67495
0.39339 0.67457
0.39389 0.67419
0.39439 0.67381
0.39489 0.67342
0.3954 0.67303
0.3959 0.67263
0.3964 0.67222
0.3969 0.67181
0.3974 0.6714
0.3979 0.67098
0.3984 0.67055
0.3989 0.67011
0.3994 0.66967
0.3999 0.66922
0.4004 0.66877
0.4009 0.6683
0.4014 0.66783
0.4019 0.66736
0.4024 0.66687
0.4029 0.66638
0.4034 0.66587
0.4039 0.66536
0.4044 0.66484
0.4049 0.66432
0.40541 0.66378
0.40591 0.66324
0.40641 0.66268
0.40691 0.66212
0.40741 0.66155
0.40791 0.66097
0.40841 0.66039
0.40891 0.65979
0.40941 0.65918
0.40991 0.65857
0.41041 0.65795
0.41091 0.65731
0.41141 0.65667
0.41191 0.65602
0.41241 0.65537
0.41291 0.6547
0.41341 0.65402
0.41391 0.65334
0.41441 0.65265
0.41491 0.65195
0.41542 0.65124
0.41592 0.65053
0.41642 0.6498
0.41692 0.64907
0.41742 0.64834
0.41792 0.64759
0.41842 0.64684
0.41892 0.64608
0.41942 0.64532
0.41992 0.64454
0.42042 0.64377
0.42092 0.64298
0.42142 0.64219
0.42192 0.6414
0.42242 0.6406
0.42292 0.63979
0.42342 0.63898
0.42392 0.63816
0.42442 0.63734
0.42492 0.63652
0.42543 0.63569
0.42593 0.63486
0.42643 0.63403
0.42693 0.63319
0.42743 0.63235
0.42793 0.63151
0.42843 0.63066
0.42893 0.62981
0.42943 0.62896
0.42993 0.62811
0.43043 0.62726
0.43093 0.62641
0.43143 0.62556
0.43193 0.6247
0.43243 0.62385
0.43293 0.623
0.43343 0.62214
0.43393 0.62129
0.43443 0.62044
0.43493 0.61959
0.43544 0.61874
0.43594 0.6179
0.43644 0.61705
0.43694 0.61621
0.43744 0.61537
0.43794 0.61454
0.43844 0.6137
0.43894 0.61287
0.43944 0.61204
0.43994 0.61122
0.44044 0.6104
0.44094 0.60959
0.44144 0.60878
0.44194 0.60797
0.44244 0.60717
0.44294 0.60637
0.44344 0.60558
0.44394 0.60479
0.44444 0.60401
0.44494 0.60324
0.44545 0.60247
0.44595 0.6017
0.44645 0.60094
0.44695 0.60019
0.44745 0.59944
0.44795 0.5987
0.44845 0.59797
0.44895 0.59724
0.44945 0.59652
0.44995 0.5958
0.45045 0.5951
0.45095 0.59439
0.45145 0.5937
0.45195 0.59301
0.45245 0.59233
0.45295 0.59165
0.45345 0.59098
0.45395 0.59032
0.45445 0.58966
0.45495 0.58901
0.45546 0.58837
0.45596 0.58773
0.45646 0.5871
0.45696 0.58647
0.45746 0.58585
0.45796 0.58524
0.45846 0.58463
0.45896 0.58403
0.45946 0.58343
0.45996 0.58284
0.46046 0.58226
0.46096 0.58168
0.46146 0.5811
0.46196 0.58053
0.46246 0.57996
0.46296 0.5794
0.46346 0.57884
0.46396 0.57829
0.46446 0.57774
0.46496 0.57719
0.46547 0.57665
0.46597 0.57611
0.46647 0.57557
0.46697 0.57504
0.46747 0.5745
0.46797 0.57397
0.46847 0.57345
0.46897 0.57292
0.46947 0.57239
0.46997 0.57187
0.47047 0.57135
0.47097 0.57082
0.47147 0.5703
0.47197 0.56978
0.47247 0.56926
0.47297 0.56874
0.47347 0.56821
0.47397 0.56769
0.47447 0.56716
0.47497 0.56664
0.47548 0.56611
0.47598 0.56558
0.47648 0.56504
0.47698 0.56451
0.47748 0.56397
0.47798 0.56343
0.47848 0.56289
0.47898 0.56234
0.47948 0.56179
0.47998 0.56123
0.48048 0.56068
0.48098 0.56011
0.48148 0.55954
0.48198 0.55897
0.48248 0.55839
0.48298 0.55781
0.48348 0.55722
0.48398 0.55663
0.48448 0.55603
0.48498 0.55543
0.48549 0.55481
0.48599 0.5542
0.48649 0.55357
0.48699 0.55294
0.48749 0.55231
0.48799 0.55167
0.48849 0.55102
0.48899 0.55036
0.48949 0.5497
0.48999 0.54903
0.49049 0.54835
0.49099 0.54767
0.49149 0.54697
0.49199 0.54628
0.49249 0.54557
0.49299 0.54486
0.49349 0.54414
0.49399 0.54341
0.49449 0.54268
0.49499 0.54194
0.4955 0.54119
0.496 0.54043
0.4965 0.53967
0.497 0.5389
0.4975 0.53813
0.498 0.53735
0.4985 0.53656
0.499 0.53576
0.4995 0.53496
0.5 0.53416
0.5005 0.53334
0.501 0.53253
0.5015 0.5317
0.502 0.53087
0.5025 0.53004
0.503 0.5292
0.5035 0.52835
0.504 0.5275
0.5045 0.52665
0.50501 0.52579
0.50551 0.52493
0.50601 0.52406
0.50651 0.52319
0.50701 0.52232
0.50751 0.52145
0.50801 0.52057
0.50851 0.51969
0.50901 0.51881
0.50951 0.51792
0.51001 0.51704
0.51051 0.51615
0.51101 0.51526
0.51151 0.51437
0.51201 0.51348
0.51251 0.5126
0.51301 0.51171
0.51351 0.51082
0.51401 0.50993
0.51451 0.50905
0.51502 0.50816
0.51552 0.50728
0.51602 0.5064
0.51652 0.50552
0.51702 0.50465
0.51752 0.50378
0.51802 0.50291
0.51852 0.50204
0.51902 0.50118
0.51952 0.50033
0.52002 0.49948
0.52052 0.49863
0.52102 0.49779
0.52152 0.49695
0.52202 0.49612
0.52252 0.4953
0.52302 0.49448
0.52352 0.49367
0.52402 0.49286
0.52452 0.49207
0.52503 0.49128
0.52553 0.49049
0.52603 0.48972
0.52653 0.48895
0.52703 0.48819
0.52753 0.48744
0.52803 0.4867
0.52853 0.48597
0.52903 0.48525
0.52953 0.48453
0.53003 0.48383
0.53053 0.48313
0.53103 0.48245
0.53153 0.48177
0.53203 0.4811
0.53253 0.48045
0.53303 0.4798
0.53353 0.47916
0.53403 0.47854
0.53453 0.47792
0.53504 0.47731
0.53554 0.47672
0.53604 0.47613
0.53654 0.47556
0.53704 0.47499
0.53754 0.47444
0.53804 0.4739
0.53854 0.47336
0.53904 0.47284
0.53954 0.47232
0.54004 0.47182
0.54054 0.47133
0.54104 0.47084
0.54154 0.47037
0.54204 0.46991
0.54254 0.46945
0.54304 0.46901
0.54354 0.46857
0.54404 0.46814
0.54454 0.46773
0.54505 0.46732
0.54555 0.46691
0.54605 0.46652
0.54655 0.46614
0.54705 0.46576
0.54755 0.46539
0.54805 0.46503
0.54855 0.46467
0.54905 0.46432
0.54955 0.46398
0.55005 0.46365
0.55055 0.46332
0.55105 0.46299
0.55155 0.46267
0.55205 0.46236
0.55255 0.46205
0.55305 0.46174
0.55355 0.46144
0.55405 0.46114
0.55455 0.46084
0.55506 0.46055
0.55556 0.46026
0.55606 0.45997
0.55656 0.45969
0.55706 0.4594
0.55756 0.45912
0.55806 0.45883
0.55856 0.45855
0.55906 0.45826
0.55956 0.45798
0.56006 0.45769
0.56056 0.4574
0.56106 0.45711
0.56156 0.45682
0.56206 0.45653
0.56256 0.45623
0.56306 0.45593
0.56356 0.45562
0.56406 0.45531
0.56456 0.455
0.56507 0.45468
0.56557 0.45435
0.56607 0.45402
0.56657 0.45369
0.56707 0.45334
0.56757 0.45299
0.56807 0.45263
0.56857 0.45227
0.56907 0.4519
0.56957 0.45151
0.57007 0.45112
0.57057 0.45072
0.57107 0.45032
0.57157 0.4499
0.57207 0.44947
0.57257 0.44903
0.57307 0.44859
0.57357 0.44813
0.57407 0.44766
0.57457 0.44718
0.57508 0.44669
0.57558 0.44619
0.57608 0.44567
0.57658 0.44515
0.57708 0.44461
0.57758 0.44406
0.57808 0.4435
0.57858 0.44293
0.57908 0.44235
0.57958 0.44175
0.58008 0.44114
0.58058 0.44052
0.58108 0.43988
0.58158 0.43924
0.58208 0.43858
0.58258 0.43791
0.58308 0.43722
0.58358 0.43653
0.58408 0.43582
0.58458 0.4351
0.58509 0.43437
0.58559 0.43363
0.58609 0.43287
0.58659 0.43211
0.58709 0.43133
0.58759 0.43054
0.58809 0.42974
0.58859 0.42893
0.58909 0.42811
0.58959 0.42728
0.59009 0.42645
0.59059 0.4256
0.59109 0.42474
0.59159 0.42387
0.59209 0.423
0.59259 0.42211
0.59309 0.42122
0.59359 0.42032
0.59409 0.41942
0.59459 0.4185
0.5951 0.41759
0.5956 0.41666
0.5961 0.41573
0.5966 0.4148
0.5971 0.41386
0.5976 0.41291
0.5981 0.41197
0.5986 0.41102
0.5991 0.41007
0.5996 0.40911
0.6001 0.40816
0.6006 0.4072
0.6011 0.40624
0.6016 0.40529
0.6021 0.40433
0.6026 0.40337
0.6031 0.40242
0.6036 0.40147
0.6041 0.40052
0.6046 0.39957
0.60511 0.39863
0.60561 0.39769
0.60611 0.39676
0.60661 0.39583
0.60711 0.3949
0.60761 0.39399
0.60811 0.39308
0.60861 0.39218
0.60911 0.39128
0.60961 0.3904
0.61011 0.38952
0.61061 0.38865
0.61111 0.38779
0.61161 0.38695
0.61211 0.38611
0.61261 0.38528
0.61311 0.38447
0.61361 0.38367
0.61411 0.38288
0.61461 0.3821
0.61512 0.38134
0.61562 0.38059
0.61612 0.37986
0.61662 0.37914
0.61712 0.37844
0.61762 0.37775
0.61812 0.37707
0.61862 0.37642
0.61912 0.37578
0.61962 0.37515
0.62012 0.37454
0.62062 0.37395
0.62112 0.37338
0.62162 0.37283
0.62212 0.37229
0.62262 0.37177
0.62312 0.37127
0.62362 0.37079
0.62412 0.37033
0.62462 0.36989
0.62513 0.36946
0.62563 0.36906
0.62613 0.36867
0.62663 0.3683
0.62713 0.36795
0.62763 0.36763
0.62813 0.36732
0.62863 0.36703
0.62913 0.36676
0.62963 0.36651
0.63013 0.36627
0.63063 0.36606
0.63113 0.36587
0.63163 0.36569
0.63213 0.36554
0.63263 0.3654
0.63313 0.36528
0.63363 0.36518
0.63413 0.3651
0.63463 0.36504
0.63514 0.36499
0.63564 0.36496
0.63614 0.36495
0.63664 0.36496
0.63714 0.36498
0.63764 0.36501
0.63814 0.36507
0.63864 0.36514
0.63914 0.36522
0.63964 0.36532
0.64014 0.36543
0.64064 0.36556
0.64114 0.3657
0.64164 0.36585
0.64214 0.36602
0.64264 0.36619
0.64314 0.36638
0.64364 0.36658
0.64414 0.36679
0.64464 0.36701
0.64515 0.36723
0.64565 0.36747
0.64615 0.36772
0.64665 0.36797
0.64715 0.36823
0.64765 0.36849
0.64815 0.36876
0.64865 0.36904
0.64915 0.36932
0.64965 0.3696
0.65015 0.36988
0.65065 0.37017
0.65115 0.37046
0.65165 0.37075
0.65215 0.37104
0.65265 0.37133
0.65315 0.37162
0.65365 0.37191
0.65415 0.37219
0.65465 0.37247
0.65516 0.37275
0.65566 0.37302
0.65616 0.37328
0.65666 0.37354
0.65716 0.3738
0.65766 0.37404
0.65816 0.37428
0.65866 0.37451
0.65916 0.37473
0.65966 0.37494
0.66016 0.37514
0.66066 0.37533
0.66116 0.37551
0.66166 0.37567
0.66216 0.37582
0.66266 0.37596
0.66316 0.37608
0.66366 0.37619
0.66416 0.37628
0.66466 0.37636
0.66517 0.37642
0.66567 0.37647
0.66617 0.37649
0.66667 0.3765
0.66717 0.37649
0.66767 0.37647
0.66817 0.37642
0.66867 0.37636
0.66917 0.37628
0.66967 0.37617
0.67017 0.37605
0.67067 0.37591
0.67117 0.37574
0.67167 0.37556
0.67217 0.37535
0.67267 0.37513
0.67317 0.37488
0.67367 0.37462
0.67417 0.37433
0.67467 0.37402
0.67518 0.37369
0.67568 0.37334
0.67618 0.37297
0.67668 0.37257
0.67718 0.37216
0.67768 0.37173
0.67818 0.37127
0.67868 0.3708
0.67918 0.37031
0.67968 0.36979
0.68018 0.36926
0.68068 0.36871
0.68118 0.36814
0.68168 0.36755
0.68218 0.36694
0.68268 0.36632
0.68318 0.36568
0.68368 0.36502
0.68418 0.36435
0.68468 0.36366
0.68519 0.36296
0.68569 0.36224
0.68619 0.36151
0.68669 0.36077
0.68719 0.36001
0.68769 0.35925
0.68819 0.35847
0.68869 0.35768
0.68919 0.35688
0.68969 0.35607
0.69019 0.35526
0.69069 0.35443
0.69119 0.3536
0.69169 0.35277
0.69219 0.35193
0.69269 0.35108
0.69319 0.35023
0.69369 0.34938
0.69419 0.34853
0.69469 0.34768
0.6952 0.34682
0.6957 0.34597
0.6962 0.34512
0.6967 0.34427
0.6972 0.34342
0.6977 0.34258
0.6982 0.34174
0.6987 0.34091
0.6992 0.34009
0.6997 0.33927
0.7002 0.33846
0.7007 0.33766
0.7012 0.33687
0.7017 0.33609
0.7022 0.33533
0.7027 0.33457
0.7032 0.33383
0.7037 0.3331
0.7042 0.33239
0.7047 0.3317
0.70521 0.33101
0.70571 0.33035
0.70621 0.3297
0.70671 0.32908
0.70721 0.32847
0.70771 0.32788
0.70821 0.32731
0.70871 0.32676
0.70921 0.32624
0.70971 0.32574
0.71021 0.32526
0.71071 0.3248
0.71121 0.32437
0.71171 0.32396
0.71221 0.32357
0.71271 0.32322
0.71321 0.32288
0.71371 0.32258
0.71421 0.3223
0.71471 0.32205
0.71522 0.32182
0.71572 0.32163
0.71622 0.32146
0.71672 0.32132
0.71722 0.32121
0.71772 0.32113
0.71822 0.32107
0.71872 0.32105
0.71922 0.32106
0.71972 0.32109
0.72022 0.32116
0.72072 0.32125
0.72122 0.32137
0.72172 0.32153
0.72222 0.32171
0.72272 0.32193
0.72322 0.32217
0.72372 0.32244
0.72422 0.32275
0.72472 0.32308
0.72523 0.32344
0.72573 0.32383
0.72623 0.32425
0.72673 0.3247
0.72723 0.32517
0.72773 0.32567
0.72823 0.3262
0.72873 0.32676
0.72923 0.32735
0.72973 0.32796
0.73023 0.32859
0.73073 0.32925
0.73123 0.32994
0.73173 0.33065
0.73223 0.33138
0.73273 0.33214
0.73323 0.33291
0.73373 0.33371
0.73423 0.33453
0.73473 0.33537
0.73524 0.33623
0.73574 0.33711
0.73624 0.33801
0.73674 0.33892
0.73724 0.33985
0.73774 0.34079
0.73824 0.34175
0.73874 0.34272
0.73924 0.34371
0.73974 0.3447
0.74024 0.34571
0.74074 0.34672
0.74124 0.34775
0.74174 0.34878
0.74224 0.34981
0.74274 0.35085
0.74324 0.3519
0.74374 0.35295
0.74424 0.354
0.74474 0.35505
0.74525 0.3561
0.74575 0.35715
0.74625 0.35819
0.74675 0.35924
0.74725 0.36027
0.74775 0.3613
0.74825 0.36232
0.74875 0.36334
0.74925 0.36434
0.74975 0.36533
0.75025 0.36631
0.75075 0.36728
0.75125 0.36823
0.75175 0.36916
0.75225 0.37008
0.75275 0.37098
0.75325 0.37186
0.75375 0.37272
0.75425 0.37356
0.75475 0.37438
0.75526 0.37517
0.75576 0.37594
0.75626 0.37668
0.75676 0.37739
0.75726 0.37808
0.75776 0.37874
0.75826 0.37937
0.75876 0.37996
0.75926 0.38053
0.75976 0.38106
0.76026 0.38156
0.76076 0.38203
0.76126 0.38246
0.76176 0.38286
0.76226 0.38322
0.76276 0.38354
0.76326 0.38383
0.76376 0.38408
0.76426 0.38429
0.76476 0.38446
0.76527 0.3846
0.76577 0.38469
0.76627 0.38474
0.76677 0.38476
0.76727 0.38473
0.76777 0.38466
0.76827 0.38456
0.76877 0.38441
0.76927 0.38422
0.76977 0.38399
0.77027 0.38372
0.77077 0.38341
0.77127 0.38305
0.77177 0.38266
0.77227 0.38223
0.77277 0.38176
0.77327 0.38125
0.77377 0.38069
0.77427 0.3801
0.77477 0.37948
0.77528 0.37881
0.77578 0.37811
0.77628 0.37737
0.77678 0.37659
0.77728 0.37578
0.77778 0.37493
0.77828 0.37405
0.77878 0.37314
0.77928 0.37219
0.77978 0.37122
0.78028 0.37021
0.78078 0.36917
0.78128 0.3681
0.78178 0.36701
0.78228 0.36588
0.78278 0.36474
0.78328 0.36356
0.78378 0.36237
0.78428 0.36115
0.78478 0.3599
0.78529 0.35864
0.78579 0.35736
0.78629 0.35606
0.78679 0.35474
0.78729 0.35341
0.78779 0.35206
0.78829 0.3507
0.78879 0.34933
0.78929 0.34795
0.78979 0.34656
0.79029 0.34516
0.79079 0.34376
0.79129 0.34235
0.79179 0.34095
0.79229 0.33954
0.79279 0.33814
0.79329 0.33675
0.79379 0.33537
0.79429 0.33401
0.79479 0.33267
0.7953 0.33135
0.7958 0.33007
0.7963 0.32882
0.7968 0.3276
0.7973 0.32643
0.7978 0.32531
0.7983 0.32424
0.7988 0.32322
0.7993 0.32225
0.7998 0.32134
0.8003 0.32048
0.8008 0.31967
0.8013 0.31891
0.8018 0.3182
0.8023 0.31753
0.8028 0.3169
0.8033 0.31631
0.8038 0.31576
0.8043 0.31523
0.8048 0.31474
0.80531 0.31426
0.80581 0.31381
0.80631 0.31338
0.80681 0.31297
0.80731 0.31258
0.80781 0.3122
0.80831 0.31183
0.80881 0.31148
0.80931 0.31114
0.80981 0.31082
0.81031 0.3105
0.81081 0.31019
0.81131 0.3099
0.81181 0.30961
0.81231 0.30933
0.81281 0.30906
0.81331 0.3088
0.81381 0.30856
0.81431 0.30831
0.81481 0.30808
0.81532 0.30786
0.81582 0.30765
0.81632 0.30744
0.81682 0.30724
0.81732 0.30706
0.81782 0.30688
0.81832 0.30671
0.81882 0.30655
0.81932 0.3064
0.81982 0.30626
0.82032 0.30613
0.82082 0.30601
0.82132 0.30589
0.82182 0.30579
0.82232 0.3057
0.82282 0.30561
0.82332 0.30554
0.82382 0.30547
0.82432 0.30542
0.82482 0.30537
0.82533 0.30533
0.82583 0.30531
0.82633 0.30529
0.82683 0.30528
0.82733 0.30529
0.82783 0.3053
0.82833 0.30532
0.82883 0.30536
0.82933 0.3054
0.82983 0.30545
0.83033 0.30551
0.83083 0.30558
0.83133 0.30567
0.83183 0.30576
0.83233 0.30586
0.83283 0.30597
0.83333 0.30609
0.83383 0.30622
0.83433 0.30635
0.83483 0.3065
0.83534 0.30666
0.83584 0.30683
0.83634 0.307
0.83684 0.30719
0.83734 0.30738
0.83784 0.30758
0.83834 0.3078
0.83884 0.30802
0.83934 0.30825
0.83984 0.30849
0.84034 0.30873
0.84084 0.30899
0.84134 0.30925
0.84184 0.30952
0.84234 0.3098
0.84284 0.31009
0.84334 0.31039
0.84384 0.31069
0.84434 0.31101
0.84484 0.31133
0.84535 0.31166
0.84585 0.31199
0.84635 0.31233
0.84685 0.31268
0.84735 0.31304
0.84785 0.3134
0.84835 0.31378
0.84885 0.31415
0.84935 0.31454
0.84985 0.31493
0.85035 0.31533
0.85085 0.31573
0.85135 0.31614
0.85185 0.31656
0.85235 0.31698
0.85285 0.31741
0.85335 0.31784
0.85385 0.31828
0.85435 0.31872
0.85485 0.31917
0.85536 0.31963
0.85586 0.32009
0.85636 0.32055
0.85686 0.32102
0.85736 0.32149
0.85786 0.32197
0.85836 0.32245
0.85886 0.32294
0.85936 0.32343
0.85986 0.32392
0.86036 0.32442
0.86086 0.32492
0.86136 0.32543
0.86186 0.32594
0.86236 0.32645
0.86286 0.32697
0.86336 0.32748
0.86386 0.32801
0.86436 0.32853
0.86486 0.32906
0.86537 0.32958
0.86587 0.33012
0.86637 0.33065
0.86687 0.33118
0.86737 0.33172
0.86787 0.33226
0.86837 0.3328
0.86887 0.33335
0.86937 0.33389
0.86987 0.33444
0.87037 0.33498
0.87087 0.33553
0.87137 0.33608
0.87187 0.33663
0.87237 0.33719
0.87287 0.33774
0.87337 0.33829
0.87387 0.33885
0.87437 0.3394
0.87487 0.33995
0.87538 0.34051
0.87588 0.34106
0.87638 0.34162
0.87688 0.34218
0.87738 0.34273
0.87788 0.34329
0.87838 0.34384
0.87888 0.3444
0.87938 0.34495
0.87988 0.34551
0.88038 0.34606
0.88088 0.34662
0.88138 0.34717
0.88188 0.34772
0.88238 0.34827
0.88288 0.34883
0.88338 0.34938
0.88388 0.34993
0.88438 0.35047
0.88488 0.35102
0.88539 0.35157
0.88589 0.35212
0.88639 0.35266
0.88689 0.3532
0.88739 0.35375
0.88789 0.35429
0.88839 0.35483
0.88889 0.35537
0.88939 0.35591
0.88989 0.35644
0.89039 0.35698
0.89089 0.35751
0.89139 0.35805
0.89189 0.35858
0.89239 0.35911
0.89289 0.35964
0.89339 0.36017
0.89389 0.36069
0.89439 0.36122
0.89489 0.36174
0.8954 0.36226
0.8959 0.36278
0.8964 0.3633
0.8969 0.36382
0.8974 0.36434
0.8979 0.36486
0.8984 0.36537
0.8989 0.36588
0.8994 0.3664
0.8999 0.36691
0.9004 0.36742
0.9009 0.36792
0.9014 0.36843
0.9019 0.36894
0.9024 0.36944
0.9029 0.36994
0.9034 0.37045
0.9039 0.37095
0.9044 0.37145
0.9049 0.37195
0.90541 0.37245
0.90591 0.37294
0.90641 0.37344
0.90691 0.37393
0.90741 0.37443
0.90791 0.37492
0.90841 0.37541
0.90891 0.3759
0.90941 0.37639
0.90991 0.37688
0.91041 0.37737
0.91091 0.37786
0.91141 0.37835
0.91191 0.37883
0.91241 0.37932
0.91291 0.37981
0.91341 0.38029
0.91391 0.38077
0.91441 0.38126
0.91491 0.38174
0.91542 0.38222
0.91592 0.3827
0.91642 0.38319
0.91692 0.38367
0.91742 0.38415
0.91792 0.38463
0.91842 0.38511
0.91892 0.38559
0.91942 0.38607
0.91992 0.38654
0.92042 0.38702
0.92092 0.3875
0.92142 0.38798
0.92192 0.38846
0.92242 0.38893
0.92292 0.38941
0.92342 0.38989
0.92392 0.39036
0.92442 0.39084
0.92492 0.39132
0.92543 0.39179
0.92593 0.39227
0.92643 0.39274
0.92693 0.39322
0.92743 0.39369
0.92793 0.39417
0.92843 0.39464
0.92893 0.39512
0.92943 0.39559
0.92993 0.39607
0.93043 0.39654
0.93093 0.39701
0.93143 0.39749
0.93193 0.39796
0.93243 0.39843
0.93293 0.39891
0.93343 0.39938
0.93393 0.39985
0.93443 0.40032
0.93493 0.4008
0.93544 0.40127
0.93594 0.40174
0.93644 0.40221
0.93694 0.40268
0.93744 0.40315
0.93794 0.40362
0.93844 0.40409
0.93894 0.40456
0.93944 0.40502
0.93994 0.40549
0.94044 0.40596
0.94094 0.40643
0.94144 0.40689
0.94194 0.40736
0.94244 0.40782
0.94294 0.40829
0.94344 0.40875
0.94394 0.40921
0.94444 0.40967
0.94494 0.41014
0.94545 0.4106
0.94595 0.41106
0.94645 0.41151
0.94695 0.41197
0.94745 0.41243
0.94795 0.41288
0.94845 0.41334
0.94895 0.41379
0.94945 0.41424
0.94995 0.41469
0.95045 0.41514
0.95095 0.41559
0.95145 0.41604
0.95195 0.41649
0.95245 0.41693
0.95295 0.41738
0.95345 0.41782
0.95395 0.41826
0.95445 0.4187
0.95495 0.41914
0.95546 0.41957
0.95596 0.42001
0.95646 0.42044
0.95696 0.42088
0.95746 0.42131
0.95796 0.42174
0.95846 0.42216
0.95896 0.42259
0.95946 0.42302
0.95996 0.42344
0.96046 0.42386
0.96096 0.42428
0.96146 0.4247
0.96196 0.42511
0.96246 0.42553
0.96296 0.42594
0.96346 0.42635
0.96396 0.42676
0.96446 0.42717
0.96496 0.42758
0.96547 0.42798
0.96597 0.42839
0.96647 0.42879
0.96697 0.42919
0.96747 0.42959
0.96797 0.42998
0.96847 0.43038
0.96897 0.43077
0.96947 0.43117
0.96997 0.43156
0.97047 0.43195
0.97097 0.43233
0.97147 0.43272
0.97197 0.43311
0.97247 0.43349
0.97297 0.43387
0.97347 0.43425
0.97397 0.43463
0.97447 0.43501
0.97497 0.43539
0.97548 0.43577
0.97598 0.43614
0.97648 0.43652
0.97698 0.43689
0.97748 0.43727
0.97798 0.43764
0.97848 0.43801
0.97898 0.43838
0.97948 0.43875
0.97998 0.43912
0.98048 0.43949
0.98098 0.43986
0.98148 0.44023
0.98198 0.4406
0.98248 0.44097
0.98298 0.44134
0.98348 0.44171
0.98398 0.44208
0.98448 0.44245
0.98498 0.44282
0.98549 0.44319
0.98599 0.44356
0.98649 0.44393
0.98699 0.4443
0.98749 0.44468
0.98799 0.44505
0.98849 0.44542
0.98899 0.4458
0.98949 0.44618
0.98999 0.44655
0.99049 0.44693
0.99099 0.44731
0.99149 0.4477
0.99199 0.44808
0.99249 0.44847
0.99299 0.44885
0.99349 0.44924
0.99399 0.44963
0.99449 0.45003
0.99499 0.45042
0.9955 0.45082
0.996 0.45122
0.9965 0.45162
0.997 0.45202
0.9975 0.45243
0.998 0.45284
0.9985 0.45325
0.999 0.45367
0.9995 0.45408
1 0.4545
