time energy 
0 0.31812
0.0005005 0.31847
0.001001 0.31883
0.0015015 0.31919
0.002002 0.31956
0.0025025 0.31992
0.003003 0.3203
0.0035035 0.32067
0.004004 0.32105
0.0045045 0.32143
0.005005 0.32181
0.0055055 0.3222
0.006006 0.32259
0.0065065 0.32299
0.007007 0.32339
0.0075075 0.32379
0.008008 0.32419
0.0085085 0.3246
0.009009 0.32501
0.0095095 0.32543
0.01001 0.32585
0.010511 0.32627
0.011011 0.3267
0.011512 0.32712
0.012012 0.32756
0.012513 0.32799
0.013013 0.32843
0.013514 0.32888
0.014014 0.32932
0.014515 0.32977
0.015015 0.33023
0.015516 0.33068
0.016016 0.33114
0.016517 0.33161
0.017017 0.33207
0.017518 0.33255
0.018018 0.33302
0.018519 0.3335
0.019019 0.33398
0.01952 0.33446
0.02002 0.33495
0.020521 0.33544
0.021021 0.33593
0.021522 0.33643
0.022022 0.33694
0.022523 0.33744
0.023023 0.33795
0.023524 0.33846
0.024024 0.33898
0.024525 0.3395
0.025025 0.34003
0.025526 0.34056
0.026026 0.34109
0.026527 0.34163
0.027027 0.34217
0.027528 0.34271
0.028028 0.34326
0.028529 0.34382
0.029029 0.34438
0.02953 0.34494
0.03003 0.34551
0.030531 0.34608
0.031031 0.34666
0.031532 0.34724
0.032032 0.34782
0.032533 0.34841
0.033033 0.34901
0.033534 0.34961
0.034034 0.35021
0.034535 0.35082
0.035035 0.35143
0.035536 0.35205
0.036036 0.35267
0.036537 0.35329
0.037037 0.35393
0.037538 0.35456
0.038038 0.3552
0.038539 0.35584
0.039039 0.35649
0.03954 0.35715
0.04004 0.3578
0.040541 0.35847
0.041041 0.35913
0.041542 0.3598
0.042042 0.36048
0.042543 0.36116
0.043043 0.36184
0.043544 0.36253
0.044044 0.36322
0.044545 0.36392
0.045045 0.36463
0.045546 0.36533
0.046046 0.36605
0.046547 0.36676
0.047047 0.36748
0.047548 0.36821
0.048048 0.36894
0.048549 0.36968
0.049049 0.37042
0.04955 0.37117
0.05005 0.37192
0.050551 0.37268
0.051051 0.37344
0.051552 0.37421
0.052052 0.37498
0.052553 0.37576
0.053053 0.37655
0.053554 0.37734
0.054054 0.37813
0.054555 0.37893
0.055055 0.37974
0.055556 0.38055
0.056056 0.38137
0.056557 0.3822
0.057057 0.38303
0.057558 0.38386
0.058058 0.3847
0.058559 0.38555
0.059059 0.3864
0.05956 0.38726
0.06006 0.38812
0.060561 0.38899
0.061061 0.38987
0.061562 0.39075
0.062062 0.39163
0.062563 0.39252
0.063063 0.39342
0.063564 0.39432
0.064064 0.39523
0.064565 0.39615
0.065065 0.39707
0.065566 0.39799
0.066066 0.39892
0.066567 0.39986
0.067067 0.4008
0.067568 0.40175
0.068068 0.4027
0.068569 0.40366
0.069069 0.40462
0.06957 0.40559
0.07007 0.40657
0.070571 0.40755
0.071071 0.40854
0.071572 0.40954
0.072072 0.41054
0.072573 0.41155
0.073073 0.41256
0.073574 0.41358
0.074074 0.41461
0.074575 0.41564
0.075075 0.41668
0.075576 0.41773
0.076076 0.41878
0.076577 0.41984
0.077077 0.42091
0.077578 0.42198
0.078078 0.42306
0.078579 0.42415
0.079079 0.42524
0.07958 0.42634
0.08008 0.42745
0.080581 0.42856
0.081081 0.42968
0.081582 0.43081
0.082082 0.43194
0.082583 0.43308
0.083083 0.43423
0.083584 0.43538
0.084084 0.43654
0.084585 0.43771
0.085085 0.43889
0.085586 0.44007
0.086086 0.44125
0.086587 0.44245
0.087087 0.44364
0.087588 0.44485
0.088088 0.44606
0.088589 0.44728
0.089089 0.44851
0.08959 0.44974
0.09009 0.45098
0.090591 0.45223
0.091091 0.45348
0.091592 0.45474
0.092092 0.45601
0.092593 0.45728
0.093093 0.45856
0.093594 0.45985
0.094094 0.46114
0.094595 0.46244
0.095095 0.46375
0.095596 0.46507
0.096096 0.46639
0.096597 0.46772
0.097097 0.46906
0.097598 0.47041
0.098098 0.47176
0.098599 0.47312
0.099099 0.47449
0.0996 0.47587
0.1001 0.47725
0.1006 0.47864
0.1011 0.48004
0.1016 0.48145
0.1021 0.48286
0.1026 0.48428
0.1031 0.48571
0.1036 0.48714
0.1041 0.48859
0.1046 0.49004
0.10511 0.4915
0.10561 0.49296
0.10611 0.49443
0.10661 0.49591
0.10711 0.4974
0.10761 0.49889
0.10811 0.50039
0.10861 0.5019
0.10911 0.50342
0.10961 0.50494
0.11011 0.50647
0.11061 0.50801
0.11111 0.50955
0.11161 0.5111
0.11211 0.51266
0.11261 0.51422
0.11311 0.51579
0.11361 0.51737
0.11411 0.51896
0.11461 0.52055
0.11512 0.52216
0.11562 0.52376
0.11612 0.52538
0.11662 0.527
0.11712 0.52864
0.11762 0.53027
0.11812 0.53192
0.11862 0.53357
0.11912 0.53524
0.11962 0.53691
0.12012 0.53858
0.12062 0.54027
0.12112 0.54196
0.12162 0.54366
0.12212 0.54537
0.12262 0.54708
0.12312 0.54881
0.12362 0.55054
0.12412 0.55228
0.12462 0.55402
0.12513 0.55577
0.12563 0.55753
0.12613 0.5593
0.12663 0.56107
0.12713 0.56286
0.12763 0.56464
0.12813 0.56644
0.12863 0.56824
0.12913 0.57005
0.12963 0.57186
0.13013 0.57369
0.13063 0.57551
0.13113 0.57735
0.13163 0.57919
0.13213 0.58104
0.13263 0.58289
0.13313 0.58475
0.13363 0.58662
0.13413 0.5885
0.13463 0.59038
0.13514 0.59226
0.13564 0.59416
0.13614 0.59606
0.13664 0.59797
0.13714 0.59988
0.13764 0.6018
0.13814 0.60373
0.13864 0.60566
0.13914 0.6076
0.13964 0.60955
0.14014 0.6115
0.14064 0.61346
0.14114 0.61543
0.14164 0.6174
0.14214 0.61939
0.14264 0.62137
0.14314 0.62337
0.14364 0.62536
0.14414 0.62737
0.14464 0.62938
0.14515 0.6314
0.14565 0.63342
0.14615 0.63545
0.14665 0.63749
0.14715 0.63953
0.14765 0.64158
0.14815 0.64363
0.14865 0.64568
0.14915 0.64775
0.14965 0.64981
0.15015 0.65188
0.15065 0.65396
0.15115 0.65604
0.15165 0.65813
0.15215 0.66022
0.15265 0.66231
0.15315 0.66441
0.15365 0.66651
0.15415 0.66862
0.15465 0.67073
0.15516 0.67285
0.15566 0.67497
0.15616 0.67709
0.15666 0.67922
0.15716 0.68135
0.15766 0.68349
0.15816 0.68563
0.15866 0.68778
0.15916 0.68993
0.15966 0.69208
0.16016 0.69424
0.16066 0.6964
0.16116 0.69856
0.16166 0.70073
0.16216 0.70291
0.16266 0.70508
0.16316 0.70726
0.16366 0.70945
0.16416 0.71163
0.16466 0.71382
0.16517 0.71601
0.16567 0.71821
0.16617 0.72041
0.16667 0.72261
0.16717 0.72481
0.16767 0.72702
0.16817 0.72922
0.16867 0.73143
0.16917 0.73364
0.16967 0.73586
0.17017 0.73807
0.17067 0.74028
0.17117 0.7425
0.17167 0.74471
0.17217 0.74693
0.17267 0.74915
0.17317 0.75137
0.17367 0.75358
0.17417 0.7558
0.17467 0.75802
0.17518 0.76024
0.17568 0.76246
0.17618 0.76468
0.17668 0.7669
0.17718 0.76912
0.17768 0.77133
0.17818 0.77355
0.17868 0.77577
0.17918 0.77799
0.17968 0.78021
0.18018 0.78242
0.18068 0.78464
0.18118 0.78686
0.18168 0.78907
0.18218 0.79129
0.18268 0.7935
0.18318 0.79571
0.18368 0.79792
0.18418 0.80013
0.18468 0.80234
0.18519 0.80455
0.18569 0.80675
0.18619 0.80896
0.18669 0.81116
0.18719 0.81335
0.18769 0.81555
0.18819 0.81774
0.18869 0.81993
0.18919 0.82212
0.18969 0.8243
0.19019 0.82648
0.19069 0.82865
0.19119 0.83082
0.19169 0.83298
0.19219 0.83514
0.19269 0.8373
0.19319 0.83945
0.19369 0.8416
0.19419 0.84374
0.19469 0.84587
0.1952 0.848
0.1957 0.85013
0.1962 0.85225
0.1967 0.85436
0.1972 0.85647
0.1977 0.85857
0.1982 0.86067
0.1987 0.86276
0.1992 0.86484
0.1997 0.86692
0.2002 0.869
0.2007 0.87106
0.2012 0.87313
0.2017 0.87518
0.2022 0.87723
0.2027 0.87928
0.2032 0.88131
0.2037 0.88334
0.2042 0.88537
0.2047 0.88738
0.20521 0.88939
0.20571 0.89139
0.20621 0.89338
0.20671 0.89537
0.20721 0.89735
0.20771 0.89932
0.20821 0.90128
0.20871 0.90323
0.20921 0.90517
0.20971 0.9071
0.21021 0.90902
0.21071 0.91094
0.21121 0.91284
0.21171 0.91473
0.21221 0.91661
0.21271 0.91848
0.21321 0.92035
0.21371 0.9222
0.21421 0.92404
0.21471 0.92586
0.21522 0.92768
0.21572 0.92949
0.21622 0.93129
0.21672 0.93307
0.21722 0.93485
0.21772 0.93661
0.21822 0.93836
0.21872 0.94011
0.21922 0.94184
0.21972 0.94356
0.22022 0.94527
0.22072 0.94696
0.22122 0.94865
0.22172 0.95032
0.22222 0.95199
0.22272 0.95364
0.22322 0.95528
0.22372 0.9569
0.22422 0.95852
0.22472 0.96012
0.22523 0.96171
0.22573 0.96329
0.22623 0.96485
0.22673 0.9664
0.22723 0.96793
0.22773 0.96946
0.22823 0.97097
0.22873 0.97246
0.22923 0.97394
0.22973 0.97541
0.23023 0.97686
0.23073 0.97829
0.23123 0.97971
0.23173 0.98112
0.23223 0.98251
0.23273 0.98388
0.23323 0.98524
0.23373 0.98659
0.23423 0.98792
0.23473 0.98923
0.23524 0.99053
0.23574 0.99181
0.23624 0.99307
0.23674 0.99432
0.23724 0.99556
0.23774 0.99678
0.23824 0.99798
0.23874 0.99917
0.23924 1.0003
0.23974 1.0015
0.24024 1.0026
0.24074 1.0038
0.24124 1.0049
0.24174 1.006
0.24224 1.007
0.24274 1.0081
0.24324 1.0091
0.24374 1.0102
0.24424 1.0112
0.24474 1.0122
0.24525 1.0131
0.24575 1.0141
0.24625 1.015
0.24675 1.016
0.24725 1.0169
0.24775 1.0177
0.24825 1.0186
0.24875 1.0195
0.24925 1.0203
0.24975 1.0211
0.25025 1.0219
0.25075 1.0227
0.25125 1.0234
0.25175 1.0241
0.25225 1.0249
0.25275 1.0255
0.25325 1.0262
0.25375 1.0269
0.25425 1.0275
0.25475 1.0281
0.25526 1.0287
0.25576 1.0293
0.25626 1.0298
0.25676 1.0304
0.25726 1.0309
0.25776 1.0314
0.25826 1.0318
0.25876 1.0323
0.25926 1.0327
0.25976 1.0331
0.26026 1.0335
0.26076 1.0339
0.26126 1.0342
0.26176 1.0346
0.26226 1.0349
0.26276 1.0352
0.26326 1.0354
0.26376 1.0357
0.26426 1.0359
0.26476 1.0361
0.26527 1.0362
0.26577 1.0364
0.26627 1.0365
0.26677 1.0366
0.26727 1.0367
0.26777 1.0368
0.26827 1.0368
0.26877 1.0368
0.26927 1.0368
0.26977 1.0368
0.27027 1.0367
0.27077 1.0366
0.27127 1.0365
0.27177 1.0363
0.27227 1.0362
0.27277 1.036
0.27327 1.0358
0.27377 1.0355
0.27427 1.0353
0.27477 1.035
0.27528 1.0346
0.27578 1.0343
0.27628 1.0339
0.27678 1.0335
0.27728 1.0331
0.27778 1.0326
0.27828 1.0321
0.27878 1.0316
0.27928 1.0311
0.27978 1.0305
0.28028 1.0299
0.28078 1.0293
0.28128 1.0287
0.28178 1.028
0.28228 1.0273
0.28278 1.0265
0.28328 1.0258
0.28378 1.025
0.28428 1.0241
0.28478 1.0233
0.28529 1.0224
0.28579 1.0215
0.28629 1.0205
0.28679 1.0195
0.28729 1.0185
0.28779 1.0175
0.28829 1.0164
0.28879 1.0153
0.28929 1.0141
0.28979 1.0129
0.29029 1.0117
0.29079 1.0105
0.29129 1.0092
0.29179 1.0079
0.29229 1.0065
0.29279 1.0051
0.29329 1.0037
0.29379 1.0023
0.29429 1.0008
0.29479 0.99923
0.2953 0.99767
0.2958 0.99607
0.2963 0.99444
0.2968 0.99278
0.2973 0.99107
0.2978 0.98934
0.2983 0.98757
0.2988 0.98576
0.2993 0.98392
0.2998 0.98205
0.3003 0.98014
0.3008 0.97819
0.3013 0.97621
0.3018 0.9742
0.3023 0.97216
0.3028 0.97008
0.3033 0.96796
0.3038 0.96582
0.3043 0.96364
0.3048 0.96143
0.30531 0.95918
0.30581 0.95691
0.30631 0.9546
0.30681 0.95226
0.30731 0.94989
0.30781 0.94749
0.30831 0.94507
0.30881 0.94261
0.30931 0.94013
0.30981 0.93762
0.31031 0.93509
0.31081 0.93253
0.31131 0.92995
0.31181 0.92734
0.31231 0.92472
0.31281 0.92208
0.31331 0.91941
0.31381 0.91673
0.31431 0.91404
0.31481 0.91133
0.31532 0.9086
0.31582 0.90587
0.31632 0.90312
0.31682 0.90036
0.31732 0.8976
0.31782 0.89483
0.31832 0.89205
0.31882 0.88927
0.31932 0.88649
0.31982 0.88371
0.32032 0.88092
0.32082 0.87814
0.32132 0.87536
0.32182 0.87258
0.32232 0.8698
0.32282 0.86704
0.32332 0.86427
0.32382 0.86152
0.32432 0.85877
0.32482 0.85603
0.32533 0.85331
0.32583 0.85059
0.32633 0.84789
0.32683 0.8452
0.32733 0.84252
0.32783 0.83986
0.32833 0.83721
0.32883 0.83458
0.32933 0.83196
0.32983 0.82937
0.33033 0.82679
0.33083 0.82423
0.33133 0.82168
0.33183 0.81916
0.33233 0.81666
0.33283 0.81418
0.33333 0.81172
0.33383 0.80928
0.33433 0.80687
0.33483 0.80447
0.33534 0.8021
0.33584 0.79975
0.33634 0.79742
0.33684 0.79512
0.33734 0.79284
0.33784 0.79058
0.33834 0.78834
0.33884 0.78613
0.33934 0.78394
0.33984 0.78177
0.34034 0.77962
0.34084 0.77749
0.34134 0.77539
0.34184 0.7733
0.34234 0.77124
0.34284 0.7692
0.34334 0.76718
0.34384 0.76518
0.34434 0.7632
0.34484 0.76123
0.34535 0.75929
0.34585 0.75737
0.34635 0.75546
0.34685 0.75358
0.34735 0.75171
0.34785 0.74986
0.34835 0.74802
0.34885 0.74621
0.34935 0.74441
0.34985 0.74263
0.35035 0.74087
0.35085 0.73913
0.35135 0.7374
0.35185 0.73569
0.35235 0.73399
0.35285 0.73231
0.35335 0.73065
0.35385 0.72901
0.35435 0.72738
0.35485 0.72576
0.35536 0.72416
0.35586 0.72258
0.35636 0.72101
0.35686 0.71945
0.35736 0.71791
0.35786 0.71638
0.35836 0.71487
0.35886 0.71337
0.35936 0.71188
0.35986 0.71041
0.36036 0.70894
0.36086 0.70749
0.36136 0.70605
0.36186 0.70463
0.36236 0.70321
0.36286 0.7018
0.36336 0.70041
0.36386 0.69902
0.36436 0.69765
0.36486 0.69628
0.36537 0.69493
0.36587 0.69358
0.36637 0.69225
0.36687 0.69092
0.36737 0.68961
0.36787 0.6883
0.36837 0.687
0.36887 0.68571
0.36937 0.68444
0.36987 0.68317
0.37037 0.6819
0.37087 0.68065
0.37137 0.67941
0.37187 0.67817
0.37237 0.67695
0.37287 0.67573
0.37337 0.67452
0.37387 0.67332
0.37437 0.67213
0.37487 0.67095
0.37538 0.66977
0.37588 0.66861
0.37638 0.66745
0.37688 0.66629
0.37738 0.66515
0.37788 0.66401
0.37838 0.66288
0.37888 0.66175
0.37938 0.66063
0.37988 0.65952
0.38038 0.65841
0.38088 0.65731
0.38138 0.65622
0.38188 0.65513
0.38238 0.65404
0.38288 0.65296
0.38338 0.65189
0.38388 0.65082
0.38438 0.64976
0.38488 0.6487
0.38539 0.64764
0.38589 0.6466
0.38639 0.64555
0.38689 0.64452
0.38739 0.64348
0.38789 0.64246
0.38839 0.64144
0.38889 0.64042
0.38939 0.63941
0.38989 0.6384
0.39039 0.6374
0.39089 0.63641
0.39139 0.63542
0.39189 0.63443
0.39239 0.63345
0.39289 0.63248
0.39339 0.63151
0.39389 0.63055
0.39439 0.62959
0.39489 0.62863
0.3954 0.62768
0.3959 0.62673
0.3964 0.62579
0.3969 0.62485
0.3974 0.62392
0.3979 0.62298
0.3984 0.62206
0.3989 0.62113
0.3994 0.62021
0.3999 0.61929
0.4004 0.61838
0.4009 0.61746
0.4014 0.61655
0.4019 0.61565
0.4024 0.61474
0.4029 0.61384
0.4034 0.61295
0.4039 0.61205
0.4044 0.61116
0.4049 0.61028
0.40541 0.60939
0.40591 0.60851
0.40641 0.60763
0.40691 0.60676
0.40741 0.60589
0.40791 0.60502
0.40841 0.60416
0.40891 0.6033
0.40941 0.60245
0.40991 0.60159
0.41041 0.60075
0.41091 0.5999
0.41141 0.59906
0.41191 0.59822
0.41241 0.59738
0.41291 0.59655
0.41341 0.59572
0.41391 0.5949
0.41441 0.59407
0.41491 0.59325
0.41542 0.59243
0.41592 0.59161
0.41642 0.5908
0.41692 0.58999
0.41742 0.58918
0.41792 0.58837
0.41842 0.58756
0.41892 0.58676
0.41942 0.58595
0.41992 0.58515
0.42042 0.58435
0.42092 0.58356
0.42142 0.58276
0.42192 0.58197
0.42242 0.58118
0.42292 0.58039
0.42342 0.5796
0.42392 0.57882
0.42442 0.57804
0.42492 0.57726
0.42543 0.57648
0.42593 0.57571
0.42643 0.57494
0.42693 0.57417
0.42743 0.5734
0.42793 0.57264
0.42843 0.57188
0.42893 0.57112
0.42943 0.57037
0.42993 0.56962
0.43043 0.56887
0.43093 0.56812
0.43143 0.56737
0.43193 0.56663
0.43243 0.56589
0.43293 0.56515
0.43343 0.56441
0.43393 0.56367
0.43443 0.56293
0.43493 0.5622
0.43544 0.56146
0.43594 0.56073
0.43644 0.56
0.43694 0.55927
0.43744 0.55854
0.43794 0.55781
0.43844 0.55709
0.43894 0.55636
0.43944 0.55564
0.43994 0.55492
0.44044 0.5542
0.44094 0.55348
0.44144 0.55277
0.44194 0.55205
0.44244 0.55134
0.44294 0.55063
0.44344 0.54992
0.44394 0.54921
0.44444 0.54851
0.44494 0.54781
0.44545 0.54711
0.44595 0.54641
0.44645 0.54572
0.44695 0.54502
0.44745 0.54433
0.44795 0.54364
0.44845 0.54296
0.44895 0.54227
0.44945 0.54158
0.44995 0.5409
0.45045 0.54022
0.45095 0.53954
0.45145 0.53886
0.45195 0.53818
0.45245 0.5375
0.45295 0.53683
0.45345 0.53615
0.45395 0.53548
0.45445 0.5348
0.45495 0.53413
0.45546 0.53346
0.45596 0.53278
0.45646 0.53211
0.45696 0.53145
0.45746 0.53078
0.45796 0.53011
0.45846 0.52944
0.45896 0.52878
0.45946 0.52812
0.45996 0.52746
0.46046 0.5268
0.46096 0.52614
0.46146 0.52549
0.46196 0.52483
0.46246 0.52418
0.46296 0.52353
0.46346 0.52288
0.46396 0.52224
0.46446 0.52159
0.46496 0.52095
0.46547 0.52031
0.46597 0.51967
0.46647 0.51903
0.46697 0.51839
0.46747 0.51776
0.46797 0.51712
0.46847 0.51649
0.46897 0.51586
0.46947 0.51522
0.46997 0.51459
0.47047 0.51396
0.47097 0.51333
0.47147 0.5127
0.47197 0.51207
0.47247 0.51144
0.47297 0.51082
0.47347 0.51019
0.47397 0.50956
0.47447 0.50894
0.47497 0.50831
0.47548 0.50769
0.47598 0.50707
0.47648 0.50645
0.47698 0.50583
0.47748 0.50521
0.47798 0.50459
0.47848 0.50398
0.47898 0.50336
0.47948 0.50275
0.47998 0.50214
0.48048 0.50153
0.48098 0.50093
0.48148 0.50032
0.48198 0.49972
0.48248 0.49912
0.48298 0.49852
0.48348 0.49792
0.48398 0.49732
0.48448 0.49672
0.48498 0.49613
0.48549 0.49553
0.48599 0.49494
0.48649 0.49434
0.48699 0.49375
0.48749 0.49316
0.48799 0.49256
0.48849 0.49197
0.48899 0.49138
0.48949 0.49079
0.48999 0.4902
0.49049 0.48961
0.49099 0.48902
0.49149 0.48843
0.49199 0.48784
0.49249 0.48726
0.49299 0.48667
0.49349 0.48608
0.49399 0.4855
0.49449 0.48492
0.49499 0.48434
0.4955 0.48376
0.496 0.48318
0.4965 0.4826
0.497 0.48203
0.4975 0.48146
0.498 0.48088
0.4985 0.48031
0.499 0.47974
0.4995 0.47918
0.5 0.47861
0.5005 0.47805
0.501 0.47748
0.5015 0.47692
0.502 0.47636
0.5025 0.4758
0.503 0.47524
0.5035 0.47468
0.504 0.47412
0.5045 0.47356
0.50501 0.473
0.50551 0.47244
0.50601 0.47188
0.50651 0.47133
0.50701 0.47077
0.50751 0.47021
0.50801 0.46966
0.50851 0.4691
0.50901 0.46854
0.50951 0.46799
0.51001 0.46744
0.51051 0.46689
0.51101 0.46633
0.51151 0.46578
0.51201 0.46524
0.51251 0.46469
0.51301 0.46414
0.51351 0.4636
0.51401 0.46305
0.51451 0.46251
0.51502 0.46197
0.51552 0.46144
0.51602 0.4609
0.51652 0.46036
0.51702 0.45983
0.51752 0.45929
0.51802 0.45876
0.51852 0.45823
0.51902 0.4577
0.51952 0.45717
0.52002 0.45664
0.52052 0.45611
0.52102 0.45558
0.52152 0.45506
0.52202 0.45453
0.52252 0.454
0.52302 0.45347
0.52352 0.45295
0.52402 0.45242
0.52452 0.45189
0.52503 0.45137
0.52553 0.45084
0.52603 0.45032
0.52653 0.4498
0.52703 0.44927
0.52753 0.44875
0.52803 0.44823
0.52853 0.44771
0.52903 0.44719
0.52953 0.44667
0.53003 0.44616
0.53053 0.44564
0.53103 0.44513
0.53153 0.44462
0.53203 0.44411
0.53253 0.4436
0.53303 0.44309
0.53353 0.44259
0.53403 0.44208
0.53453 0.44158
0.53504 0.44108
0.53554 0.44058
0.53604 0.44007
0.53654 0.43957
0.53704 0.43907
0.53754 0.43857
0.53804 0.43808
0.53854 0.43758
0.53904 0.43708
0.53954 0.43658
0.54004 0.43608
0.54054 0.43558
0.54104 0.43509
0.54154 0.43459
0.54204 0.43409
0.54254 0.4336
0.54304 0.4331
0.54354 0.43261
0.54404 0.43211
0.54454 0.43162
0.54505 0.43113
0.54555 0.43064
0.54605 0.43015
0.54655 0.42966
0.54705 0.42917
0.54755 0.42869
0.54805 0.4282
0.54855 0.42772
0.54905 0.42724
0.54955 0.42676
0.55005 0.42628
0.55055 0.42581
0.55105 0.42533
0.55155 0.42485
0.55205 0.42438
0.55255 0.42391
0.55305 0.42343
0.55355 0.42296
0.55405 0.42249
0.55455 0.42202
0.55506 0.42155
0.55556 0.42108
0.55606 0.42061
0.55656 0.42014
0.55706 0.41967
0.55756 0.4192
0.55806 0.41873
0.55856 0.41826
0.55906 0.41779
0.55956 0.41732
0.56006 0.41686
0.56056 0.41639
0.56106 0.41592
0.56156 0.41546
0.56206 0.41499
0.56256 0.41453
0.56306 0.41407
0.56356 0.41361
0.56406 0.41315
0.56456 0.4127
0.56507 0.41224
0.56557 0.41179
0.56607 0.41133
0.56657 0.41088
0.56707 0.41043
0.56757 0.40998
0.56807 0.40954
0.56857 0.40909
0.56907 0.40864
0.56957 0.4082
0.57007 0.40775
0.57057 0.40731
0.57107 0.40686
0.57157 0.40642
0.57207 0.40598
0.57257 0.40553
0.57307 0.40509
0.57357 0.40465
0.57407 0.4042
0.57457 0.40376
0.57508 0.40332
0.57558 0.40288
0.57608 0.40244
0.57658 0.402
0.57708 0.40156
0.57758 0.40112
0.57808 0.40068
0.57858 0.40024
0.57908 0.39981
0.57958 0.39937
0.58008 0.39894
0.58058 0.39851
0.58108 0.39808
0.58158 0.39765
0.58208 0.39722
0.58258 0.3968
0.58308 0.39637
0.58358 0.39595
0.58408 0.39553
0.58458 0.3951
0.58509 0.39468
0.58559 0.39426
0.58609 0.39385
0.58659 0.39343
0.58709 0.39301
0.58759 0.39259
0.58809 0.39218
0.58859 0.39176
0.58909 0.39134
0.58959 0.39093
0.59009 0.39051
0.59059 0.3901
0.59109 0.38968
0.59159 0.38926
0.59209 0.38885
0.59259 0.38844
0.59309 0.38802
0.59359 0.38761
0.59409 0.3872
0.59459 0.38679
0.5951 0.38638
0.5956 0.38597
0.5961 0.38556
0.5966 0.38515
0.5971 0.38475
0.5976 0.38435
0.5981 0.38394
0.5986 0.38354
0.5991 0.38314
0.5996 0.38275
0.6001 0.38235
0.6006 0.38195
0.6011 0.38156
0.6016 0.38117
0.6021 0.38077
0.6026 0.38038
0.6031 0.37999
0.6036 0.3796
0.6041 0.37921
0.6046 0.37882
0.60511 0.37843
0.60561 0.37804
0.60611 0.37765
0.60661 0.37726
0.60711 0.37687
0.60761 0.37648
0.60811 0.37609
0.60861 0.37571
0.60911 0.37532
0.60961 0.37493
0.61011 0.37454
0.61061 0.37416
0.61111 0.37378
0.61161 0.37339
0.61211 0.37301
0.61261 0.37263
0.61311 0.37225
0.61361 0.37187
0.61411 0.3715
0.61461 0.37112
0.61512 0.37075
0.61562 0.37038
0.61612 0.37001
0.61662 0.36964
0.61712 0.36927
0.61762 0.3689
0.61812 0.36853
0.61862 0.36817
0.61912 0.3678
0.61962 0.36744
0.62012 0.36708
0.62062 0.36671
0.62112 0.36635
0.62162 0.36599
0.62212 0.36562
0.62262 0.36526
0.62312 0.3649
0.62362 0.36453
0.62412 0.36417
0.62462 0.36381
0.62513 0.36345
0.62563 0.36309
0.62613 0.36273
0.62663 0.36237
0.62713 0.36201
0.62763 0.36166
0.62813 0.3613
0.62863 0.36095
0.62913 0.36059
0.62963 0.36024
0.63013 0.35989
0.63063 0.35954
0.63113 0.3592
0.63163 0.35885
0.63213 0.35851
0.63263 0.35816
0.63313 0.35782
0.63363 0.35748
0.63413 0.35714
0.63463 0.3568
0.63514 0.35646
0.63564 0.35612
0.63614 0.35579
0.63664 0.35545
0.63714 0.35511
0.63764 0.35478
0.63814 0.35444
0.63864 0.35411
0.63914 0.35377
0.63964 0.35343
0.64014 0.3531
0.64064 0.35276
0.64114 0.35243
0.64164 0.3521
0.64214 0.35176
0.64264 0.35143
0.64314 0.3511
0.64364 0.35077
0.64414 0.35044
0.64464 0.35011
0.64515 0.34979
0.64565 0.34946
0.64615 0.34914
0.64665 0.34882
0.64715 0.3485
0.64765 0.34818
0.64815 0.34786
0.64865 0.34754
0.64915 0.34723
0.64965 0.34691
0.65015 0.3466
0.65065 0.34629
0.65115 0.34598
0.65165 0.34567
0.65215 0.34536
0.65265 0.34505
0.65315 0.34474
0.65365 0.34443
0.65415 0.34412
0.65465 0.34381
0.65516 0.3435
0.65566 0.34319
0.65616 0.34288
0.65666 0.34258
0.65716 0.34227
0.65766 0.34196
0.65816 0.34166
0.65866 0.34135
0.65916 0.34105
0.65966 0.34074
0.66016 0.34044
0.66066 0.34014
0.66116 0.33984
0.66166 0.33955
0.66216 0.33925
0.66266 0.33896
0.66316 0.33866
0.66366 0.33837
0.66416 0.33808
0.66466 0.33779
0.66517 0.3375
0.66567 0.33722
0.66617 0.33693
0.66667 0.33665
0.66717 0.33636
0.66767 0.33608
0.66817 0.3358
0.66867 0.33552
0.66917 0.33523
0.66967 0.33495
0.67017 0.33467
0.67067 0.33439
0.67117 0.33411
0.67167 0.33383
0.67217 0.33354
0.67267 0.33326
0.67317 0.33298
0.67367 0.33271
0.67417 0.33243
0.67467 0.33215
0.67518 0.33187
0.67568 0.3316
0.67618 0.33132
0.67668 0.33105
0.67718 0.33078
0.67768 0.33051
0.67818 0.33024
0.67868 0.32998
0.67918 0.32971
0.67968 0.32945
0.68018 0.32919
0.68068 0.32893
0.68118 0.32867
0.68168 0.32841
0.68218 0.32815
0.68268 0.3279
0.68318 0.32764
0.68368 0.32738
0.68418 0.32713
0.68468 0.32687
0.68519 0.32662
0.68569 0.32637
0.68619 0.32611
0.68669 0.32586
0.68719 0.32561
0.68769 0.32535
0.68819 0.3251
0.68869 0.32485
0.68919 0.3246
0.68969 0.32434
0.69019 0.32409
0.69069 0.32385
0.69119 0.3236
0.69169 0.32335
0.69219 0.32311
0.69269 0.32286
0.69319 0.32262
0.69369 0.32238
0.69419 0.32214
0.69469 0.3219
0.6952 0.32167
0.6957 0.32143
0.6962 0.3212
0.6967 0.32097
0.6972 0.32073
0.6977 0.3205
0.6982 0.32028
0.6987 0.32005
0.6992 0.31982
0.6997 0.31959
0.7002 0.31937
0.7007 0.31914
0.7012 0.31891
0.7017 0.31869
0.7022 0.31846
0.7027 0.31824
0.7032 0.31801
0.7037 0.31779
0.7042 0.31756
0.7047 0.31734
0.70521 0.31711
0.70571 0.31689
0.70621 0.31667
0.70671 0.31645
0.70721 0.31623
0.70771 0.31601
0.70821 0.3158
0.70871 0.31558
0.70921 0.31537
0.70971 0.31516
0.71021 0.31495
0.71071 0.31474
0.71121 0.31453
0.71171 0.31432
0.71221 0.31412
0.71271 0.31392
0.71321 0.31372
0.71371 0.31351
0.71421 0.31331
0.71471 0.31312
0.71522 0.31292
0.71572 0.31272
0.71622 0.31252
0.71672 0.31232
0.71722 0.31212
0.71772 0.31192
0.71822 0.31173
0.71872 0.31153
0.71922 0.31133
0.71972 0.31114
0.72022 0.31094
0.72072 0.31074
0.72122 0.31055
0.72172 0.31035
0.72222 0.31016
0.72272 0.30997
0.72322 0.30978
0.72372 0.30959
0.72422 0.3094
0.72472 0.30922
0.72523 0.30903
0.72573 0.30885
0.72623 0.30867
0.72673 0.30849
0.72723 0.30831
0.72773 0.30814
0.72823 0.30796
0.72873 0.30779
0.72923 0.30761
0.72973 0.30744
0.73023 0.30727
0.73073 0.3071
0.73123 0.30693
0.73173 0.30676
0.73223 0.30659
0.73273 0.30641
0.73323 0.30624
0.73373 0.30607
0.73423 0.3059
0.73473 0.30573
0.73524 0.30556
0.73574 0.3054
0.73624 0.30523
0.73674 0.30506
0.73724 0.30489
0.73774 0.30473
0.73824 0.30456
0.73874 0.3044
0.73924 0.30424
0.73974 0.30408
0.74024 0.30392
0.74074 0.30376
0.74124 0.30361
0.74174 0.30345
0.74224 0.3033
0.74274 0.30315
0.74324 0.303
0.74374 0.30285
0.74424 0.30271
0.74474 0.30256
0.74525 0.30241
0.74575 0.30227
0.74625 0.30212
0.74675 0.30198
0.74725 0.30184
0.74775 0.30169
0.74825 0.30155
0.74875 0.3014
0.74925 0.30126
0.74975 0.30112
0.75025 0.30097
0.75075 0.30083
0.75125 0.30069
0.75175 0.30054
0.75225 0.3004
0.75275 0.30026
0.75325 0.30012
0.75375 0.29998
0.75425 0.29985
0.75475 0.29971
0.75526 0.29958
0.75576 0.29944
0.75626 0.29931
0.75676 0.29918
0.75726 0.29906
0.75776 0.29893
0.75826 0.29881
0.75876 0.29868
0.75926 0.29856
0.75976 0.29844
0.76026 0.29832
0.76076 0.2982
0.76126 0.29808
0.76176 0.29796
0.76226 0.29784
0.76276 0.29772
0.76326 0.29761
0.76376 0.29749
0.76426 0.29737
0.76476 0.29725
0.76527 0.29713
0.76577 0.29701
0.76627 0.29689
0.76677 0.29677
0.76727 0.29665
0.76777 0.29654
0.76827 0.29642
0.76877 0.2963
0.76927 0.29619
0.76977 0.29608
0.77027 0.29596
0.77077 0.29586
0.77127 0.29575
0.77177 0.29564
0.77227 0.29554
0.77277 0.29543
0.77327 0.29533
0.77377 0.29523
0.77427 0.29513
0.77477 0.29504
0.77528 0.29494
0.77578 0.29484
0.77628 0.29475
0.77678 0.29465
0.77728 0.29456
0.77778 0.29446
0.77828 0.29437
0.77878 0.29427
0.77928 0.29417
0.77978 0.29408
0.78028 0.29398
0.78078 0.29388
0.78128 0.29378
0.78178 0.29369
0.78228 0.29359
0.78278 0.29349
0.78328 0.2934
0.78378 0.2933
0.78428 0.29321
0.78478 0.29311
0.78529 0.29302
0.78579 0.29293
0.78629 0.29285
0.78679 0.29276
0.78729 0.29268
0.78779 0.2926
0.78829 0.29252
0.78879 0.29244
0.78929 0.29236
0.78979 0.29229
0.79029 0.29221
0.79079 0.29214
0.79129 0.29207
0.79179 0.292
0.79229 0.29192
0.79279 0.29185
0.79329 0.29177
0.79379 0.2917
0.79429 0.29162
0.79479 0.29154
0.7953 0.29146
0.7958 0.29138
0.7963 0.2913
0.7968 0.29122
0.7973 0.29114
0.7978 0.29106
0.7983 0.29098
0.7988 0.2909
0.7993 0.29082
0.7998 0.29074
0.8003 0.29067
0.8008 0.2906
0.8013 0.29053
0.8018 0.29046
0.8023 0.29039
0.8028 0.29033
0.8033 0.29027
0.8038 0.29021
0.8043 0.29015
0.8048 0.29009
0.80531 0.29003
0.80581 0.28998
0.80631 0.28992
0.80681 0.28986
0.80731 0.28981
0.80781 0.28975
0.80831 0.2897
0.80881 0.28964
0.80931 0.28959
0.80981 0.28954
0.81031 0.28948
0.81081 0.28943
0.81131 0.28937
0.81181 0.28932
0.81231 0.28926
0.81281 0.28921
0.81331 0.28916
0.81381 0.2891
0.81431 0.28905
0.81481 0.289
0.81532 0.28894
0.81582 0.28889
0.81632 0.28884
0.81682 0.28878
0.81732 0.28873
0.81782 0.28868
0.81832 0.28863
0.81882 0.28857
0.81932 0.28852
0.81982 0.28847
0.82032 0.28842
0.82082 0.28837
0.82132 0.28832
0.82182 0.28827
0.82232 0.28822
0.82282 0.28818
0.82332 0.28813
0.82382 0.28808
0.82432 0.28804
0.82482 0.28799
0.82533 0.28795
0.82583 0.2879
0.82633 0.28786
0.82683 0.28782
0.82733 0.28777
0.82783 0.28773
0.82833 0.28769
0.82883 0.28765
0.82933 0.28761
0.82983 0.28757
0.83033 0.28754
0.83083 0.2875
0.83133 0.28746
0.83183 0.28743
0.83233 0.28739
0.83283 0.28736
0.83333 0.28732
0.83383 0.28729
0.83433 0.28726
0.83483 0.28722
0.83534 0.28719
0.83584 0.28716
0.83634 0.28713
0.83684 0.2871
0.83734 0.28707
0.83784 0.28704
0.83834 0.28701
0.83884 0.28698
0.83934 0.28696
0.83984 0.28693
0.84034 0.2869
0.84084 0.28687
0.84134 0.28685
0.84184 0.28682
0.84234 0.2868
0.84284 0.28677
0.84334 0.28675
0.84384 0.28672
0.84434 0.2867
0.84484 0.28667
0.84535 0.28665
0.84585 0.28662
0.84635 0.2866
0.84685 0.28658
0.84735 0.28656
0.84785 0.28653
0.84835 0.28651
0.84885 0.28649
0.84935 0.28647
0.84985 0.28644
0.85035 0.28642
0.85085 0.2864
0.85135 0.28638
0.85185 0.28636
0.85235 0.28634
0.85285 0.28632
0.85335 0.2863
0.85385 0.28628
0.85435 0.28626
0.85485 0.28625
0.85536 0.28623
0.85586 0.28621
0.85636 0.28619
0.85686 0.28618
0.85736 0.28616
0.85786 0.28615
0.85836 0.28613
0.85886 0.28612
0.85936 0.2861
0.85986 0.28609
0.86036 0.28608
0.86086 0.28607
0.86136 0.28606
0.86186 0.28604
0.86236 0.28603
0.86286 0.28602
0.86336 0.28602
0.86386 0.28601
0.86436 0.286
0.86486 0.28599
0.86537 0.28599
0.86587 0.28598
0.86637 0.28598
0.86687 0.28597
0.86737 0.28597
0.86787 0.28596
0.86837 0.28596
0.86887 0.28596
0.86937 0.28596
0.86987 0.28596
0.87037 0.28596
0.87087 0.28596
0.87137 0.28596
0.87187 0.28596
0.87237 0.28596
0.87287 0.28596
0.87337 0.28596
0.87387 0.28597
0.87437 0.28597
0.87487 0.28597
0.87538 0.28598
0.87588 0.28598
0.87638 0.28599
0.87688 0.28599
0.87738 0.286
0.87788 0.286
0.87838 0.28601
0.87888 0.28602
0.87938 0.28602
0.87988 0.28603
0.88038 0.28604
0.88088 0.28605
0.88138 0.28605
0.88188 0.28606
0.88238 0.28607
0.88288 0.28608
0.88338 0.28609
0.88388 0.2861
0.88438 0.28611
0.88488 0.28612
0.88539 0.28614
0.88589 0.28615
0.88639 0.28616
0.88689 0.28618
0.88739 0.28619
0.88789 0.2862
0.88839 0.28622
0.88889 0.28624
0.88939 0.28625
0.88989 0.28627
0.89039 0.28629
0.89089 0.28631
0.89139 0.28632
0.89189 0.28635
0.89239 0.28637
0.89289 0.28639
0.89339 0.28641
0.89389 0.28643
0.89439 0.28646
0.89489 0.28648
0.8954 0.28651
0.8959 0.28653
0.8964 0.28656
0.8969 0.28659
0.8974 0.28662
0.8979 0.28665
0.8984 0.28668
0.8989 0.28671
0.8994 0.28674
0.8999 0.28677
0.9004 0.28681
0.9009 0.28684
0.9014 0.28688
0.9019 0.28691
0.9024 0.28695
0.9029 0.28699
0.9034 0.28703
0.9039 0.28706
0.9044 0.2871
0.9049 0.28714
0.90541 0.28719
0.90591 0.28723
0.90641 0.28727
0.90691 0.28731
0.90741 0.28736
0.90791 0.2874
0.90841 0.28744
0.90891 0.28749
0.90941 0.28754
0.90991 0.28758
0.91041 0.28763
0.91091 0.28768
0.91141 0.28773
0.91191 0.28778
0.91241 0.28783
0.91291 0.28788
0.91341 0.28793
0.91391 0.28798
0.91441 0.28803
0.91491 0.28809
0.91542 0.28814
0.91592 0.28819
0.91642 0.28825
0.91692 0.28831
0.91742 0.28836
0.91792 0.28842
0.91842 0.28848
0.91892 0.28854
0.91942 0.2886
0.91992 0.28867
0.92042 0.28873
0.92092 0.28879
0.92142 0.28886
0.92192 0.28893
0.92242 0.28899
0.92292 0.28906
0.92342 0.28913
0.92392 0.2892
0.92442 0.28928
0.92492 0.28935
0.92543 0.28942
0.92593 0.2895
0.92643 0.28958
0.92693 0.28966
0.92743 0.28973
0.92793 0.28982
0.92843 0.2899
0.92893 0.28998
0.92943 0.29007
0.92993 0.29015
0.93043 0.29024
0.93093 0.29033
0.93143 0.29041
0.93193 0.2905
0.93243 0.2906
0.93293 0.29069
0.93343 0.29078
0.93393 0.29088
0.93443 0.29097
0.93493 0.29107
0.93544 0.29117
0.93594 0.29127
0.93644 0.29137
0.93694 0.29147
0.93744 0.29157
0.93794 0.29167
0.93844 0.29178
0.93894 0.29189
0.93944 0.29199
0.93994 0.2921
0.94044 0.29221
0.94094 0.29232
0.94144 0.29243
0.94194 0.29254
0.94244 0.29266
0.94294 0.29277
0.94344 0.29289
0.94394 0.293
0.94444 0.29312
0.94494 0.29324
0.94545 0.29336
0.94595 0.29348
0.94645 0.29361
0.94695 0.29373
0.94745 0.29386
0.94795 0.29399
0.94845 0.29412
0.94895 0.29425
0.94945 0.29438
0.94995 0.29451
0.95045 0.29465
0.95095 0.29479
0.95145 0.29493
0.95195 0.29507
0.95245 0.29521
0.95295 0.29535
0.95345 0.2955
0.95395 0.29565
0.95445 0.2958
0.95495 0.29595
0.95546 0.2961
0.95596 0.29626
0.95646 0.29641
0.95696 0.29657
0.95746 0.29673
0.95796 0.2969
0.95846 0.29706
0.95896 0.29723
0.95946 0.29739
0.95996 0.29756
0.96046 0.29773
0.96096 0.29791
0.96146 0.29808
0.96196 0.29826
0.96246 0.29844
0.96296 0.29862
0.96346 0.2988
0.96396 0.29898
0.96446 0.29916
0.96496 0.29935
0.96547 0.29954
0.96597 0.29973
0.96647 0.29992
0.96697 0.30011
0.96747 0.30031
0.96797 0.30051
0.96847 0.3007
0.96897 0.3009
0.96947 0.30111
0.96997 0.30131
0.97047 0.30151
0.97097 0.30172
0.97147 0.30193
0.97197 0.30214
0.97247 0.30236
0.97297 0.30257
0.97347 0.30279
0.97397 0.30301
0.97447 0.30323
0.97497 0.30345
0.97548 0.30368
0.97598 0.30391
0.97648 0.30414
0.97698 0.30437
0.97748 0.3046
0.97798 0.30484
0.97848 0.30508
0.97898 0.30532
0.97948 0.30557
0.97998 0.30581
0.98048 0.30606
0.98098 0.30631
0.98148 0.30657
0.98198 0.30683
0.98248 0.30708
0.98298 0.30735
0.98348 0.30761
0.98398 0.30788
0.98448 0.30815
0.98498 0.30842
0.98549 0.3087
0.98599 0.30897
0.98649 0.30925
0.98699 0.30954
0.98749 0.30982
0.98799 0.31011
0.98849 0.3104
0.98899 0.31069
0.98949 0.31099
0.98999 0.31128
0.99049 0.31158
0.99099 0.31189
0.99149 0.31219
0.99199 0.3125
0.99249 0.31281
0.99299 0.31312
0.99349 0.31344
0.99399 0.31375
0.99449 0.31407
0.99499 0.31439
0.9955 0.31472
0.996 0.31505
0.9965 0.31538
0.997 0.31571
0.9975 0.31605
0.998 0.31638
0.9985 0.31672
0.999 0.31707
0.9995 0.31741
1 0.31776
