time energy 
0 0.70695
0.0005005 0.7071
0.001001 0.70724
0.0015015 0.70739
0.002002 0.70753
0.0025025 0.70767
0.003003 0.70781
0.0035035 0.70794
0.004004 0.70808
0.0045045 0.70821
0.005005 0.70834
0.0055055 0.70846
0.006006 0.70859
0.0065065 0.70871
0.007007 0.70883
0.0075075 0.70895
0.008008 0.70907
0.0085085 0.70919
0.009009 0.7093
0.0095095 0.70941
0.01001 0.70952
0.010511 0.70963
0.011011 0.70973
0.011512 0.70984
0.012012 0.70994
0.012513 0.71004
0.013013 0.71014
0.013514 0.71024
0.014014 0.71033
0.014515 0.71043
0.015015 0.71052
0.015516 0.71061
0.016016 0.7107
0.016517 0.71078
0.017017 0.71087
0.017518 0.71095
0.018018 0.71103
0.018519 0.71111
0.019019 0.71119
0.01952 0.71127
0.02002 0.71135
0.020521 0.71142
0.021021 0.71149
0.021522 0.71156
0.022022 0.71163
0.022523 0.7117
0.023023 0.71176
0.023524 0.71183
0.024024 0.71189
0.024525 0.71195
0.025025 0.71201
0.025526 0.71206
0.026026 0.71212
0.026527 0.71217
0.027027 0.71222
0.027528 0.71227
0.028028 0.71231
0.028529 0.71236
0.029029 0.7124
0.02953 0.71244
0.03003 0.71248
0.030531 0.71251
0.031031 0.71255
0.031532 0.71258
0.032032 0.71261
0.032533 0.71263
0.033033 0.71266
0.033534 0.71268
0.034034 0.7127
0.034535 0.71272
0.035035 0.71274
0.035536 0.71276
0.036036 0.71277
0.036537 0.71278
0.037037 0.71279
0.037538 0.7128
0.038038 0.71281
0.038539 0.71282
0.039039 0.71282
0.03954 0.71282
0.04004 0.71282
0.040541 0.71282
0.041041 0.71282
0.041542 0.71281
0.042042 0.71281
0.042543 0.7128
0.043043 0.71279
0.043544 0.71278
0.044044 0.71277
0.044545 0.71276
0.045045 0.71274
0.045546 0.71272
0.046046 0.7127
0.046547 0.71268
0.047047 0.71266
0.047548 0.71264
0.048048 0.71261
0.048549 0.71258
0.049049 0.71255
0.04955 0.71252
0.05005 0.71249
0.050551 0.71245
0.051051 0.71241
0.051552 0.71237
0.052052 0.71233
0.052553 0.71229
0.053053 0.71224
0.053554 0.71219
0.054054 0.71214
0.054555 0.71209
0.055055 0.71203
0.055556 0.71198
0.056056 0.71192
0.056557 0.71186
0.057057 0.7118
0.057558 0.71173
0.058058 0.71167
0.058559 0.7116
0.059059 0.71153
0.05956 0.71146
0.06006 0.71138
0.060561 0.71131
0.061061 0.71123
0.061562 0.71115
0.062062 0.71107
0.062563 0.71099
0.063063 0.71091
0.063564 0.71082
0.064064 0.71074
0.064565 0.71065
0.065065 0.71056
0.065566 0.71047
0.066066 0.71037
0.066567 0.71028
0.067067 0.71018
0.067568 0.71009
0.068068 0.70999
0.068569 0.70989
0.069069 0.70979
0.06957 0.70968
0.07007 0.70958
0.070571 0.70947
0.071071 0.70936
0.071572 0.70925
0.072072 0.70913
0.072573 0.70902
0.073073 0.7089
0.073574 0.70878
0.074074 0.70866
0.074575 0.70854
0.075075 0.70841
0.075576 0.70829
0.076076 0.70816
0.076577 0.70803
0.077077 0.70789
0.077578 0.70776
0.078078 0.70762
0.078579 0.70748
0.079079 0.70734
0.07958 0.7072
0.08008 0.70705
0.080581 0.70691
0.081081 0.70676
0.081582 0.70661
0.082082 0.70646
0.082583 0.7063
0.083083 0.70615
0.083584 0.70599
0.084084 0.70583
0.084585 0.70567
0.085085 0.70551
0.085586 0.70535
0.086086 0.70518
0.086587 0.70502
0.087087 0.70485
0.087588 0.70468
0.088088 0.70451
0.088589 0.70434
0.089089 0.70416
0.08959 0.70399
0.09009 0.70381
0.090591 0.70363
0.091091 0.70345
0.091592 0.70327
0.092092 0.70309
0.092593 0.7029
0.093093 0.70272
0.093594 0.70253
0.094094 0.70234
0.094595 0.70214
0.095095 0.70195
0.095596 0.70176
0.096096 0.70156
0.096597 0.70136
0.097097 0.70116
0.097598 0.70095
0.098098 0.70075
0.098599 0.70054
0.099099 0.70033
0.0996 0.70012
0.1001 0.69991
0.1006 0.69969
0.1011 0.69947
0.1016 0.69926
0.1021 0.69903
0.1026 0.69881
0.1031 0.69859
0.1036 0.69836
0.1041 0.69813
0.1046 0.69791
0.10511 0.69767
0.10561 0.69744
0.10611 0.69721
0.10661 0.69697
0.10711 0.69674
0.10761 0.6965
0.10811 0.69626
0.10861 0.69602
0.10911 0.69577
0.10961 0.69553
0.11011 0.69529
0.11061 0.69504
0.11111 0.69479
0.11161 0.69454
0.11211 0.69429
0.11261 0.69404
0.11311 0.69378
0.11361 0.69353
0.11411 0.69327
0.11461 0.69301
0.11512 0.69275
0.11562 0.69249
0.11612 0.69223
0.11662 0.69196
0.11712 0.6917
0.11762 0.69143
0.11812 0.69116
0.11862 0.69088
0.11912 0.69061
0.11962 0.69033
0.12012 0.69005
0.12062 0.68977
0.12112 0.68949
0.12162 0.68921
0.12212 0.68892
0.12262 0.68864
0.12312 0.68835
0.12362 0.68806
0.12412 0.68776
0.12462 0.68747
0.12513 0.68717
0.12563 0.68688
0.12613 0.68658
0.12663 0.68628
0.12713 0.68598
0.12763 0.68567
0.12813 0.68537
0.12863 0.68506
0.12913 0.68476
0.12963 0.68445
0.13013 0.68414
0.13063 0.68383
0.13113 0.68351
0.13163 0.6832
0.13213 0.68289
0.13263 0.68257
0.13313 0.68225
0.13363 0.68193
0.13413 0.68161
0.13463 0.68129
0.13514 0.68097
0.13564 0.68065
0.13614 0.68032
0.13664 0.67999
0.13714 0.67966
0.13764 0.67933
0.13814 0.679
0.13864 0.67867
0.13914 0.67833
0.13964 0.678
0.14014 0.67766
0.14064 0.67732
0.14114 0.67697
0.14164 0.67663
0.14214 0.67628
0.14264 0.67594
0.14314 0.67559
0.14364 0.67524
0.14414 0.67488
0.14464 0.67453
0.14515 0.67417
0.14565 0.67382
0.14615 0.67346
0.14665 0.6731
0.14715 0.67274
0.14765 0.67237
0.14815 0.67201
0.14865 0.67164
0.14915 0.67128
0.14965 0.67091
0.15015 0.67054
0.15065 0.67017
0.15115 0.6698
0.15165 0.66943
0.15215 0.66905
0.15265 0.66868
0.15315 0.6683
0.15365 0.66793
0.15415 0.66755
0.15465 0.66717
0.15516 0.66679
0.15566 0.66641
0.15616 0.66602
0.15666 0.66564
0.15716 0.66525
0.15766 0.66487
0.15816 0.66448
0.15866 0.66409
0.15916 0.6637
0.15966 0.6633
0.16016 0.66291
0.16066 0.66251
0.16116 0.66211
0.16166 0.66172
0.16216 0.66131
0.16266 0.66091
0.16316 0.66051
0.16366 0.6601
0.16416 0.6597
0.16466 0.65929
0.16517 0.65888
0.16567 0.65846
0.16617 0.65805
0.16667 0.65764
0.16717 0.65722
0.16767 0.6568
0.16817 0.65639
0.16867 0.65597
0.16917 0.65555
0.16967 0.65513
0.17017 0.6547
0.17067 0.65428
0.17117 0.65386
0.17167 0.65343
0.17217 0.653
0.17267 0.65258
0.17317 0.65215
0.17367 0.65172
0.17417 0.65129
0.17467 0.65086
0.17518 0.65042
0.17568 0.64999
0.17618 0.64956
0.17668 0.64912
0.17718 0.64868
0.17768 0.64825
0.17818 0.64781
0.17868 0.64737
0.17918 0.64693
0.17968 0.64648
0.18018 0.64604
0.18068 0.64559
0.18118 0.64515
0.18168 0.6447
0.18218 0.64425
0.18268 0.6438
0.18318 0.64334
0.18368 0.64289
0.18418 0.64243
0.18468 0.64197
0.18519 0.64152
0.18569 0.64106
0.18619 0.6406
0.18669 0.64013
0.18719 0.63967
0.18769 0.63921
0.18819 0.63874
0.18869 0.63827
0.18919 0.63781
0.18969 0.63734
0.19019 0.63687
0.19069 0.6364
0.19119 0.63593
0.19169 0.63545
0.19219 0.63498
0.19269 0.63451
0.19319 0.63403
0.19369 0.63356
0.19419 0.63308
0.19469 0.63261
0.1952 0.63213
0.1957 0.63165
0.1962 0.63117
0.1967 0.63069
0.1972 0.63021
0.1977 0.62973
0.1982 0.62925
0.1987 0.62876
0.1992 0.62828
0.1997 0.62779
0.2002 0.6273
0.2007 0.62681
0.2012 0.62632
0.2017 0.62583
0.2022 0.62534
0.2027 0.62485
0.2032 0.62435
0.2037 0.62385
0.2042 0.62336
0.2047 0.62286
0.20521 0.62236
0.20571 0.62185
0.20621 0.62135
0.20671 0.62085
0.20721 0.62034
0.20771 0.61984
0.20821 0.61933
0.20871 0.61883
0.20921 0.61832
0.20971 0.61781
0.21021 0.6173
0.21071 0.61679
0.21121 0.61628
0.21171 0.61577
0.21221 0.61526
0.21271 0.61475
0.21321 0.61423
0.21371 0.61372
0.21421 0.61321
0.21471 0.61269
0.21522 0.61218
0.21572 0.61166
0.21622 0.61114
0.21672 0.61063
0.21722 0.61011
0.21772 0.60959
0.21822 0.60907
0.21872 0.60855
0.21922 0.60803
0.21972 0.6075
0.22022 0.60698
0.22072 0.60645
0.22122 0.60593
0.22172 0.6054
0.22222 0.60487
0.22272 0.60434
0.22322 0.60381
0.22372 0.60328
0.22422 0.60275
0.22472 0.60221
0.22523 0.60168
0.22573 0.60114
0.22623 0.60061
0.22673 0.60007
0.22723 0.59953
0.22773 0.59899
0.22823 0.59845
0.22873 0.59792
0.22923 0.59737
0.22973 0.59683
0.23023 0.59629
0.23073 0.59575
0.23123 0.59521
0.23173 0.59467
0.23223 0.59412
0.23273 0.59358
0.23323 0.59304
0.23373 0.59249
0.23423 0.59195
0.23473 0.5914
0.23524 0.59086
0.23574 0.59031
0.23624 0.58976
0.23674 0.58921
0.23724 0.58867
0.23774 0.58812
0.23824 0.58757
0.23874 0.58702
0.23924 0.58647
0.23974 0.58591
0.24024 0.58536
0.24074 0.58481
0.24124 0.58425
0.24174 0.5837
0.24224 0.58314
0.24274 0.58258
0.24324 0.58202
0.24374 0.58147
0.24424 0.58091
0.24474 0.58035
0.24525 0.57978
0.24575 0.57922
0.24625 0.57866
0.24675 0.5781
0.24725 0.57753
0.24775 0.57697
0.24825 0.57641
0.24875 0.57584
0.24925 0.57528
0.24975 0.57471
0.25025 0.57414
0.25075 0.57358
0.25125 0.57301
0.25175 0.57244
0.25225 0.57188
0.25275 0.57131
0.25325 0.57074
0.25375 0.57017
0.25425 0.56961
0.25475 0.56904
0.25526 0.56847
0.25576 0.5679
0.25626 0.56733
0.25676 0.56676
0.25726 0.56619
0.25776 0.56562
0.25826 0.56505
0.25876 0.56448
0.25926 0.5639
0.25976 0.56333
0.26026 0.56276
0.26076 0.56218
0.26126 0.56161
0.26176 0.56103
0.26226 0.56045
0.26276 0.55988
0.26326 0.5593
0.26376 0.55872
0.26426 0.55814
0.26476 0.55756
0.26527 0.55698
0.26577 0.5564
0.26627 0.55582
0.26677 0.55524
0.26727 0.55466
0.26777 0.55407
0.26827 0.55349
0.26877 0.55291
0.26927 0.55233
0.26977 0.55174
0.27027 0.55116
0.27077 0.55058
0.27127 0.55
0.27177 0.54941
0.27227 0.54883
0.27277 0.54825
0.27327 0.54766
0.27377 0.54708
0.27427 0.5465
0.27477 0.54591
0.27528 0.54533
0.27578 0.54475
0.27628 0.54416
0.27678 0.54358
0.27728 0.54299
0.27778 0.54241
0.27828 0.54182
0.27878 0.54124
0.27928 0.54065
0.27978 0.54006
0.28028 0.53947
0.28078 0.53889
0.28128 0.5383
0.28178 0.53771
0.28228 0.53712
0.28278 0.53653
0.28328 0.53594
0.28378 0.53535
0.28428 0.53476
0.28478 0.53417
0.28529 0.53357
0.28579 0.53298
0.28629 0.53239
0.28679 0.5318
0.28729 0.53121
0.28779 0.53062
0.28829 0.53002
0.28879 0.52943
0.28929 0.52884
0.28979 0.52825
0.29029 0.52766
0.29079 0.52707
0.29129 0.52648
0.29179 0.52588
0.29229 0.52529
0.29279 0.5247
0.29329 0.52411
0.29379 0.52352
0.29429 0.52293
0.29479 0.52234
0.2953 0.52175
0.2958 0.52116
0.2963 0.52056
0.2968 0.51997
0.2973 0.51938
0.2978 0.51879
0.2983 0.5182
0.2988 0.5176
0.2993 0.51701
0.2998 0.51642
0.3003 0.51582
0.3008 0.51523
0.3013 0.51464
0.3018 0.51404
0.3023 0.51345
0.3028 0.51285
0.3033 0.51226
0.3038 0.51166
0.3043 0.51107
0.3048 0.51047
0.30531 0.50988
0.30581 0.50928
0.30631 0.50869
0.30681 0.50809
0.30731 0.5075
0.30781 0.50691
0.30831 0.50631
0.30881 0.50572
0.30931 0.50513
0.30981 0.50453
0.31031 0.50394
0.31081 0.50335
0.31131 0.50276
0.31181 0.50216
0.31231 0.50157
0.31281 0.50098
0.31331 0.50039
0.31381 0.4998
0.31431 0.49921
0.31481 0.49862
0.31532 0.49802
0.31582 0.49743
0.31632 0.49684
0.31682 0.49625
0.31732 0.49566
0.31782 0.49507
0.31832 0.49448
0.31882 0.49388
0.31932 0.49329
0.31982 0.4927
0.32032 0.49211
0.32082 0.49151
0.32132 0.49092
0.32182 0.49033
0.32232 0.48974
0.32282 0.48915
0.32332 0.48855
0.32382 0.48796
0.32432 0.48737
0.32482 0.48678
0.32533 0.48619
0.32583 0.4856
0.32633 0.48501
0.32683 0.48442
0.32733 0.48383
0.32783 0.48324
0.32833 0.48265
0.32883 0.48207
0.32933 0.48148
0.32983 0.48089
0.33033 0.48031
0.33083 0.47972
0.33133 0.47913
0.33183 0.47855
0.33233 0.47796
0.33283 0.47738
0.33333 0.47679
0.33383 0.47621
0.33433 0.47562
0.33483 0.47504
0.33534 0.47445
0.33584 0.47387
0.33634 0.47329
0.33684 0.4727
0.33734 0.47212
0.33784 0.47153
0.33834 0.47095
0.33884 0.47037
0.33934 0.46978
0.33984 0.4692
0.34034 0.46861
0.34084 0.46803
0.34134 0.46745
0.34184 0.46687
0.34234 0.46628
0.34284 0.4657
0.34334 0.46512
0.34384 0.46454
0.34434 0.46396
0.34484 0.46338
0.34535 0.4628
0.34585 0.46222
0.34635 0.46164
0.34685 0.46106
0.34735 0.46049
0.34785 0.45991
0.34835 0.45933
0.34885 0.45876
0.34935 0.45818
0.34985 0.45761
0.35035 0.45704
0.35085 0.45646
0.35135 0.45589
0.35185 0.45532
0.35235 0.45474
0.35285 0.45417
0.35335 0.4536
0.35385 0.45303
0.35435 0.45246
0.35485 0.45189
0.35536 0.45132
0.35586 0.45074
0.35636 0.45017
0.35686 0.4496
0.35736 0.44903
0.35786 0.44846
0.35836 0.44789
0.35886 0.44733
0.35936 0.44676
0.35986 0.44619
0.36036 0.44562
0.36086 0.44505
0.36136 0.44449
0.36186 0.44392
0.36236 0.44335
0.36286 0.44279
0.36336 0.44222
0.36386 0.44166
0.36436 0.4411
0.36486 0.44054
0.36537 0.43998
0.36587 0.43941
0.36637 0.43885
0.36687 0.4383
0.36737 0.43774
0.36787 0.43718
0.36837 0.43662
0.36887 0.43607
0.36937 0.43551
0.36987 0.43495
0.37037 0.4344
0.37087 0.43384
0.37137 0.43329
0.37187 0.43274
0.37237 0.43218
0.37287 0.43163
0.37337 0.43108
0.37387 0.43052
0.37437 0.42997
0.37487 0.42942
0.37538 0.42887
0.37588 0.42832
0.37638 0.42777
0.37688 0.42722
0.37738 0.42667
0.37788 0.42612
0.37838 0.42557
0.37888 0.42502
0.37938 0.42448
0.37988 0.42393
0.38038 0.42338
0.38088 0.42284
0.38138 0.42229
0.38188 0.42175
0.38238 0.42121
0.38288 0.42067
0.38338 0.42013
0.38388 0.41959
0.38438 0.41905
0.38488 0.41851
0.38539 0.41797
0.38589 0.41744
0.38639 0.4169
0.38689 0.41636
0.38739 0.41583
0.38789 0.4153
0.38839 0.41476
0.38889 0.41423
0.38939 0.4137
0.38989 0.41317
0.39039 0.41264
0.39089 0.41211
0.39139 0.41158
0.39189 0.41105
0.39239 0.41052
0.39289 0.40999
0.39339 0.40946
0.39389 0.40893
0.39439 0.40841
0.39489 0.40788
0.3954 0.40735
0.3959 0.40683
0.3964 0.4063
0.3969 0.40578
0.3974 0.40526
0.3979 0.40474
0.3984 0.40421
0.3989 0.40369
0.3994 0.40317
0.3999 0.40266
0.4004 0.40214
0.4009 0.40162
0.4014 0.40111
0.4019 0.40059
0.4024 0.40008
0.4029 0.39957
0.4034 0.39905
0.4039 0.39854
0.4044 0.39803
0.4049 0.39752
0.40541 0.39702
0.40591 0.39651
0.40641 0.396
0.40691 0.3955
0.40741 0.39499
0.40791 0.39449
0.40841 0.39398
0.40891 0.39348
0.40941 0.39297
0.40991 0.39247
0.41041 0.39197
0.41091 0.39147
0.41141 0.39097
0.41191 0.39047
0.41241 0.38997
0.41291 0.38947
0.41341 0.38897
0.41391 0.38848
0.41441 0.38798
0.41491 0.38748
0.41542 0.38699
0.41592 0.3865
0.41642 0.386
0.41692 0.38551
0.41742 0.38502
0.41792 0.38453
0.41842 0.38404
0.41892 0.38356
0.41942 0.38307
0.41992 0.38259
0.42042 0.3821
0.42092 0.38162
0.42142 0.38114
0.42192 0.38066
0.42242 0.38018
0.42292 0.3797
0.42342 0.37922
0.42392 0.37874
0.42442 0.37827
0.42492 0.37779
0.42543 0.37731
0.42593 0.37684
0.42643 0.37637
0.42693 0.37589
0.42743 0.37542
0.42793 0.37495
0.42843 0.37448
0.42893 0.37401
0.42943 0.37354
0.42993 0.37307
0.43043 0.3726
0.43093 0.37214
0.43143 0.37167
0.43193 0.37121
0.43243 0.37074
0.43293 0.37028
0.43343 0.36982
0.43393 0.36935
0.43443 0.36889
0.43493 0.36844
0.43544 0.36798
0.43594 0.36752
0.43644 0.36707
0.43694 0.36661
0.43744 0.36616
0.43794 0.36571
0.43844 0.36526
0.43894 0.36481
0.43944 0.36436
0.43994 0.36391
0.44044 0.36346
0.44094 0.36302
0.44144 0.36257
0.44194 0.36213
0.44244 0.36169
0.44294 0.36125
0.44344 0.36081
0.44394 0.36036
0.44444 0.35993
0.44494 0.35949
0.44545 0.35905
0.44595 0.35861
0.44645 0.35818
0.44695 0.35774
0.44745 0.35731
0.44795 0.35687
0.44845 0.35644
0.44895 0.35601
0.44945 0.35558
0.44995 0.35515
0.45045 0.35472
0.45095 0.35429
0.45145 0.35386
0.45195 0.35344
0.45245 0.35301
0.45295 0.35259
0.45345 0.35217
0.45395 0.35175
0.45445 0.35133
0.45495 0.35091
0.45546 0.3505
0.45596 0.35008
0.45646 0.34967
0.45696 0.34925
0.45746 0.34884
0.45796 0.34843
0.45846 0.34802
0.45896 0.34761
0.45946 0.3472
0.45996 0.3468
0.46046 0.34639
0.46096 0.34599
0.46146 0.34558
0.46196 0.34518
0.46246 0.34478
0.46296 0.34438
0.46346 0.34398
0.46396 0.34358
0.46446 0.34318
0.46496 0.34278
0.46547 0.34238
0.46597 0.34199
0.46647 0.34159
0.46697 0.3412
0.46747 0.34081
0.46797 0.34042
0.46847 0.34003
0.46897 0.33964
0.46947 0.33925
0.46997 0.33886
0.47047 0.33848
0.47097 0.3381
0.47147 0.33771
0.47197 0.33733
0.47247 0.33695
0.47297 0.33657
0.47347 0.3362
0.47397 0.33582
0.47447 0.33545
0.47497 0.33507
0.47548 0.3347
0.47598 0.33433
0.47648 0.33396
0.47698 0.33359
0.47748 0.33322
0.47798 0.33286
0.47848 0.33249
0.47898 0.33213
0.47948 0.33176
0.47998 0.3314
0.48048 0.33104
0.48098 0.33068
0.48148 0.33032
0.48198 0.32996
0.48248 0.3296
0.48298 0.32924
0.48348 0.32889
0.48398 0.32853
0.48448 0.32818
0.48498 0.32782
0.48549 0.32747
0.48599 0.32712
0.48649 0.32678
0.48699 0.32643
0.48749 0.32608
0.48799 0.32574
0.48849 0.32539
0.48899 0.32505
0.48949 0.32471
0.48999 0.32437
0.49049 0.32404
0.49099 0.3237
0.49149 0.32337
0.49199 0.32303
0.49249 0.3227
0.49299 0.32237
0.49349 0.32204
0.49399 0.32171
0.49449 0.32138
0.49499 0.32106
0.4955 0.32073
0.496 0.32041
0.4965 0.32008
0.497 0.31976
0.4975 0.31944
0.498 0.31912
0.4985 0.3188
0.499 0.31848
0.4995 0.31817
0.5 0.31785
0.5005 0.31754
0.501 0.31722
0.5015 0.31691
0.502 0.3166
0.5025 0.31629
0.503 0.31598
0.5035 0.31567
0.504 0.31537
0.5045 0.31506
0.50501 0.31476
0.50551 0.31446
0.50601 0.31416
0.50651 0.31386
0.50701 0.31357
0.50751 0.31327
0.50801 0.31298
0.50851 0.31268
0.50901 0.31239
0.50951 0.3121
0.51001 0.31181
0.51051 0.31153
0.51101 0.31124
0.51151 0.31096
0.51201 0.31067
0.51251 0.31039
0.51301 0.31011
0.51351 0.30983
0.51401 0.30955
0.51451 0.30927
0.51502 0.309
0.51552 0.30872
0.51602 0.30845
0.51652 0.30817
0.51702 0.3079
0.51752 0.30763
0.51802 0.30736
0.51852 0.30709
0.51902 0.30682
0.51952 0.30656
0.52002 0.30629
0.52052 0.30603
0.52102 0.30577
0.52152 0.30551
0.52202 0.30525
0.52252 0.30499
0.52302 0.30474
0.52352 0.30448
0.52402 0.30423
0.52452 0.30398
0.52503 0.30373
0.52553 0.30348
0.52603 0.30324
0.52653 0.30299
0.52703 0.30275
0.52753 0.30251
0.52803 0.30227
0.52853 0.30203
0.52903 0.30179
0.52953 0.30155
0.53003 0.30131
0.53053 0.30108
0.53103 0.30085
0.53153 0.30061
0.53203 0.30038
0.53253 0.30015
0.53303 0.29992
0.53353 0.2997
0.53403 0.29947
0.53453 0.29924
0.53504 0.29902
0.53554 0.2988
0.53604 0.29858
0.53654 0.29836
0.53704 0.29814
0.53754 0.29792
0.53804 0.29771
0.53854 0.2975
0.53904 0.29728
0.53954 0.29707
0.54004 0.29687
0.54054 0.29666
0.54104 0.29645
0.54154 0.29625
0.54204 0.29605
0.54254 0.29585
0.54304 0.29565
0.54354 0.29545
0.54404 0.29525
0.54454 0.29506
0.54505 0.29487
0.54555 0.29468
0.54605 0.29448
0.54655 0.2943
0.54705 0.29411
0.54755 0.29392
0.54805 0.29374
0.54855 0.29355
0.54905 0.29337
0.54955 0.29319
0.55005 0.29301
0.55055 0.29283
0.55105 0.29265
0.55155 0.29247
0.55205 0.2923
0.55255 0.29212
0.55305 0.29195
0.55355 0.29178
0.55405 0.29161
0.55455 0.29145
0.55506 0.29128
0.55556 0.29112
0.55606 0.29095
0.55656 0.29079
0.55706 0.29064
0.55756 0.29048
0.55806 0.29032
0.55856 0.29017
0.55906 0.29002
0.55956 0.28987
0.56006 0.28972
0.56056 0.28957
0.56106 0.28943
0.56156 0.28928
0.56206 0.28914
0.56256 0.289
0.56306 0.28886
0.56356 0.28872
0.56406 0.28858
0.56456 0.28845
0.56507 0.28831
0.56557 0.28818
0.56607 0.28805
0.56657 0.28792
0.56707 0.28779
0.56757 0.28766
0.56807 0.28753
0.56857 0.28741
0.56907 0.28729
0.56957 0.28716
0.57007 0.28704
0.57057 0.28693
0.57107 0.28681
0.57157 0.2867
0.57207 0.28658
0.57257 0.28647
0.57307 0.28636
0.57357 0.28625
0.57407 0.28615
0.57457 0.28605
0.57508 0.28594
0.57558 0.28584
0.57608 0.28574
0.57658 0.28565
0.57708 0.28555
0.57758 0.28546
0.57808 0.28537
0.57858 0.28528
0.57908 0.28519
0.57958 0.2851
0.58008 0.28501
0.58058 0.28493
0.58108 0.28485
0.58158 0.28477
0.58208 0.28469
0.58258 0.28461
0.58308 0.28453
0.58358 0.28445
0.58408 0.28438
0.58458 0.28431
0.58509 0.28424
0.58559 0.28417
0.58609 0.2841
0.58659 0.28403
0.58709 0.28397
0.58759 0.28391
0.58809 0.28385
0.58859 0.28379
0.58909 0.28373
0.58959 0.28368
0.59009 0.28363
0.59059 0.28358
0.59109 0.28353
0.59159 0.28348
0.59209 0.28343
0.59259 0.28339
0.59309 0.28335
0.59359 0.28331
0.59409 0.28327
0.59459 0.28324
0.5951 0.2832
0.5956 0.28317
0.5961 0.28314
0.5966 0.28311
0.5971 0.28308
0.5976 0.28306
0.5981 0.28303
0.5986 0.28301
0.5991 0.28299
0.5996 0.28297
0.6001 0.28295
0.6006 0.28293
0.6011 0.28292
0.6016 0.2829
0.6021 0.28289
0.6026 0.28288
0.6031 0.28288
0.6036 0.28287
0.6041 0.28287
0.6046 0.28287
0.60511 0.28287
0.60561 0.28287
0.60611 0.28287
0.60661 0.28288
0.60711 0.28289
0.60761 0.2829
0.60811 0.28291
0.60861 0.28293
0.60911 0.28295
0.60961 0.28297
0.61011 0.28299
0.61061 0.28301
0.61111 0.28303
0.61161 0.28306
0.61211 0.28309
0.61261 0.28312
0.61311 0.28315
0.61361 0.28318
0.61411 0.28322
0.61461 0.28326
0.61512 0.2833
0.61562 0.28334
0.61612 0.28338
0.61662 0.28342
0.61712 0.28347
0.61762 0.28352
0.61812 0.28357
0.61862 0.28362
0.61912 0.28367
0.61962 0.28373
0.62012 0.28379
0.62062 0.28385
0.62112 0.28391
0.62162 0.28397
0.62212 0.28404
0.62262 0.28411
0.62312 0.28418
0.62362 0.28426
0.62412 0.28433
0.62462 0.28441
0.62513 0.28449
0.62563 0.28457
0.62613 0.28466
0.62663 0.28475
0.62713 0.28483
0.62763 0.28493
0.62813 0.28502
0.62863 0.28511
0.62913 0.28521
0.62963 0.28531
0.63013 0.28541
0.63063 0.28551
0.63113 0.28562
0.63163 0.28572
0.63213 0.28583
0.63263 0.28594
0.63313 0.28606
0.63363 0.28617
0.63413 0.28629
0.63463 0.28641
0.63514 0.28653
0.63564 0.28665
0.63614 0.28678
0.63664 0.2869
0.63714 0.28703
0.63764 0.28717
0.63814 0.2873
0.63864 0.28744
0.63914 0.28758
0.63964 0.28773
0.64014 0.28787
0.64064 0.28802
0.64114 0.28817
0.64164 0.28832
0.64214 0.28848
0.64264 0.28864
0.64314 0.2888
0.64364 0.28896
0.64414 0.28912
0.64464 0.28929
0.64515 0.28946
0.64565 0.28963
0.64615 0.2898
0.64665 0.28998
0.64715 0.29015
0.64765 0.29033
0.64815 0.29051
0.64865 0.2907
0.64915 0.29088
0.64965 0.29107
0.65015 0.29126
0.65065 0.29145
0.65115 0.29165
0.65165 0.29185
0.65215 0.29205
0.65265 0.29225
0.65315 0.29246
0.65365 0.29267
0.65415 0.29288
0.65465 0.29309
0.65516 0.29331
0.65566 0.29353
0.65616 0.29375
0.65666 0.29397
0.65716 0.2942
0.65766 0.29443
0.65816 0.29467
0.65866 0.2949
0.65916 0.29514
0.65966 0.29538
0.66016 0.29562
0.66066 0.29587
0.66116 0.29612
0.66166 0.29637
0.66216 0.29662
0.66266 0.29687
0.66316 0.29713
0.66366 0.29739
0.66416 0.29765
0.66466 0.29792
0.66517 0.29818
0.66567 0.29845
0.66617 0.29873
0.66667 0.299
0.66717 0.29928
0.66767 0.29956
0.66817 0.29984
0.66867 0.30013
0.66917 0.30042
0.66967 0.30071
0.67017 0.30101
0.67067 0.3013
0.67117 0.30161
0.67167 0.30191
0.67217 0.30222
0.67267 0.30253
0.67317 0.30284
0.67367 0.30316
0.67417 0.30348
0.67467 0.3038
0.67518 0.30412
0.67568 0.30445
0.67618 0.30478
0.67668 0.30511
0.67718 0.30545
0.67768 0.30579
0.67818 0.30613
0.67868 0.30647
0.67918 0.30682
0.67968 0.30717
0.68018 0.30752
0.68068 0.30787
0.68118 0.30823
0.68168 0.30859
0.68218 0.30895
0.68268 0.30932
0.68318 0.30969
0.68368 0.31006
0.68418 0.31043
0.68468 0.31081
0.68519 0.31119
0.68569 0.31158
0.68619 0.31197
0.68669 0.31236
0.68719 0.31275
0.68769 0.31315
0.68819 0.31355
0.68869 0.31396
0.68919 0.31436
0.68969 0.31477
0.69019 0.31519
0.69069 0.31561
0.69119 0.31603
0.69169 0.31645
0.69219 0.31688
0.69269 0.31731
0.69319 0.31774
0.69369 0.31817
0.69419 0.31861
0.69469 0.31905
0.6952 0.31949
0.6957 0.31994
0.6962 0.32039
0.6967 0.32084
0.6972 0.3213
0.6977 0.32176
0.6982 0.32222
0.6987 0.32268
0.6992 0.32315
0.6997 0.32362
0.7002 0.3241
0.7007 0.32458
0.7012 0.32506
0.7017 0.32554
0.7022 0.32603
0.7027 0.32653
0.7032 0.32702
0.7037 0.32752
0.7042 0.32803
0.7047 0.32854
0.70521 0.32905
0.70571 0.32956
0.70621 0.33008
0.70671 0.3306
0.70721 0.33112
0.70771 0.33165
0.70821 0.33218
0.70871 0.33271
0.70921 0.33325
0.70971 0.33379
0.71021 0.33433
0.71071 0.33488
0.71121 0.33542
0.71171 0.33598
0.71221 0.33653
0.71271 0.33709
0.71321 0.33765
0.71371 0.33822
0.71421 0.33878
0.71471 0.33936
0.71522 0.33993
0.71572 0.34051
0.71622 0.34109
0.71672 0.34168
0.71722 0.34227
0.71772 0.34286
0.71822 0.34346
0.71872 0.34406
0.71922 0.34467
0.71972 0.34528
0.72022 0.34589
0.72072 0.34651
0.72122 0.34713
0.72172 0.34775
0.72222 0.34838
0.72272 0.34901
0.72322 0.34964
0.72372 0.35028
0.72422 0.35092
0.72472 0.35156
0.72523 0.3522
0.72573 0.35285
0.72623 0.3535
0.72673 0.35416
0.72723 0.35482
0.72773 0.35548
0.72823 0.35614
0.72873 0.35681
0.72923 0.35748
0.72973 0.35816
0.73023 0.35884
0.73073 0.35952
0.73123 0.36021
0.73173 0.3609
0.73223 0.36159
0.73273 0.36229
0.73323 0.36299
0.73373 0.36369
0.73423 0.3644
0.73473 0.36511
0.73524 0.36583
0.73574 0.36655
0.73624 0.36727
0.73674 0.368
0.73724 0.36873
0.73774 0.36947
0.73824 0.3702
0.73874 0.37094
0.73924 0.37169
0.73974 0.37243
0.74024 0.37318
0.74074 0.37393
0.74124 0.37469
0.74174 0.37545
0.74224 0.37621
0.74274 0.37697
0.74324 0.37774
0.74374 0.37851
0.74424 0.37928
0.74474 0.38006
0.74525 0.38084
0.74575 0.38162
0.74625 0.38241
0.74675 0.3832
0.74725 0.38399
0.74775 0.38479
0.74825 0.38559
0.74875 0.38639
0.74925 0.3872
0.74975 0.38801
0.75025 0.38883
0.75075 0.38965
0.75125 0.39047
0.75175 0.3913
0.75225 0.39212
0.75275 0.39296
0.75325 0.39379
0.75375 0.39463
0.75425 0.39547
0.75475 0.39631
0.75526 0.39716
0.75576 0.398
0.75626 0.39885
0.75676 0.39971
0.75726 0.40056
0.75776 0.40142
0.75826 0.40228
0.75876 0.40314
0.75926 0.40401
0.75976 0.40488
0.76026 0.40575
0.76076 0.40662
0.76126 0.4075
0.76176 0.40838
0.76226 0.40926
0.76276 0.41014
0.76326 0.41103
0.76376 0.41192
0.76426 0.41282
0.76476 0.41372
0.76527 0.41462
0.76577 0.41552
0.76627 0.41643
0.76677 0.41734
0.76727 0.41825
0.76777 0.41917
0.76827 0.42008
0.76877 0.421
0.76927 0.42192
0.76977 0.42285
0.77027 0.42377
0.77077 0.4247
0.77127 0.42562
0.77177 0.42655
0.77227 0.42749
0.77277 0.42842
0.77327 0.42935
0.77377 0.43029
0.77427 0.43123
0.77477 0.43216
0.77528 0.43311
0.77578 0.43405
0.77628 0.43499
0.77678 0.43594
0.77728 0.43689
0.77778 0.43784
0.77828 0.43879
0.77878 0.43975
0.77928 0.44071
0.77978 0.44167
0.78028 0.44263
0.78078 0.4436
0.78128 0.44456
0.78178 0.44553
0.78228 0.4465
0.78278 0.44748
0.78328 0.44845
0.78378 0.44943
0.78428 0.4504
0.78478 0.45138
0.78529 0.45236
0.78579 0.45333
0.78629 0.45431
0.78679 0.45529
0.78729 0.45627
0.78779 0.45725
0.78829 0.45822
0.78879 0.4592
0.78929 0.46018
0.78979 0.46116
0.79029 0.46214
0.79079 0.46312
0.79129 0.4641
0.79179 0.46508
0.79229 0.46606
0.79279 0.46705
0.79329 0.46803
0.79379 0.46902
0.79429 0.47001
0.79479 0.471
0.7953 0.472
0.7958 0.47299
0.7963 0.47399
0.7968 0.47498
0.7973 0.47598
0.7978 0.47698
0.7983 0.47797
0.7988 0.47897
0.7993 0.47997
0.7998 0.48096
0.8003 0.48196
0.8008 0.48295
0.8013 0.48394
0.8018 0.48493
0.8023 0.48592
0.8028 0.4869
0.8033 0.48789
0.8038 0.48887
0.8043 0.48986
0.8048 0.49084
0.80531 0.49182
0.80581 0.4928
0.80631 0.49379
0.80681 0.49477
0.80731 0.49575
0.80781 0.49672
0.80831 0.4977
0.80881 0.49868
0.80931 0.49966
0.80981 0.50064
0.81031 0.50161
0.81081 0.50259
0.81131 0.50357
0.81181 0.50454
0.81231 0.50552
0.81281 0.50649
0.81331 0.50746
0.81381 0.50843
0.81431 0.50941
0.81481 0.51038
0.81532 0.51135
0.81582 0.51231
0.81632 0.51328
0.81682 0.51425
0.81732 0.51521
0.81782 0.51617
0.81832 0.51713
0.81882 0.51809
0.81932 0.51905
0.81982 0.52001
0.82032 0.52096
0.82082 0.52191
0.82132 0.52286
0.82182 0.52381
0.82232 0.52476
0.82282 0.52571
0.82332 0.52665
0.82382 0.52759
0.82432 0.52853
0.82482 0.52946
0.82533 0.5304
0.82583 0.53133
0.82633 0.53226
0.82683 0.53319
0.82733 0.53411
0.82783 0.53504
0.82833 0.53596
0.82883 0.53687
0.82933 0.53779
0.82983 0.5387
0.83033 0.53961
0.83083 0.54052
0.83133 0.54142
0.83183 0.54233
0.83233 0.54323
0.83283 0.54413
0.83333 0.54502
0.83383 0.54591
0.83433 0.5468
0.83483 0.54769
0.83534 0.54858
0.83584 0.54946
0.83634 0.55034
0.83684 0.55122
0.83734 0.55209
0.83784 0.55296
0.83834 0.55383
0.83884 0.5547
0.83934 0.55557
0.83984 0.55643
0.84034 0.55729
0.84084 0.55814
0.84134 0.559
0.84184 0.55985
0.84234 0.5607
0.84284 0.56155
0.84334 0.56239
0.84384 0.56323
0.84434 0.56407
0.84484 0.56491
0.84535 0.56574
0.84585 0.56657
0.84635 0.5674
0.84685 0.56822
0.84735 0.56905
0.84785 0.56987
0.84835 0.57069
0.84885 0.5715
0.84935 0.57231
0.84985 0.57312
0.85035 0.57393
0.85085 0.57473
0.85135 0.57553
0.85185 0.57633
0.85235 0.57713
0.85285 0.57792
0.85335 0.57871
0.85385 0.57949
0.85435 0.58028
0.85485 0.58106
0.85536 0.58183
0.85586 0.58261
0.85636 0.58338
0.85686 0.58415
0.85736 0.58492
0.85786 0.58568
0.85836 0.58644
0.85886 0.58719
0.85936 0.58795
0.85986 0.5887
0.86036 0.58945
0.86086 0.59019
0.86136 0.59093
0.86186 0.59167
0.86236 0.5924
0.86286 0.59314
0.86336 0.59387
0.86386 0.59459
0.86436 0.59532
0.86486 0.59604
0.86537 0.59675
0.86587 0.59747
0.86637 0.59818
0.86687 0.59889
0.86737 0.59959
0.86787 0.6003
0.86837 0.601
0.86887 0.60169
0.86937 0.60239
0.86987 0.60308
0.87037 0.60377
0.87087 0.60445
0.87137 0.60514
0.87187 0.60582
0.87237 0.6065
0.87287 0.60717
0.87337 0.60784
0.87387 0.60851
0.87437 0.60918
0.87487 0.60984
0.87538 0.61051
0.87588 0.61116
0.87638 0.61182
0.87688 0.61247
0.87738 0.61313
0.87788 0.61378
0.87838 0.61442
0.87888 0.61507
0.87938 0.61571
0.87988 0.61634
0.88038 0.61698
0.88088 0.61761
0.88138 0.61825
0.88188 0.61887
0.88238 0.6195
0.88288 0.62012
0.88338 0.62074
0.88388 0.62136
0.88438 0.62198
0.88488 0.62259
0.88539 0.6232
0.88589 0.62381
0.88639 0.62442
0.88689 0.62502
0.88739 0.62562
0.88789 0.62622
0.88839 0.62681
0.88889 0.6274
0.88939 0.62799
0.88989 0.62858
0.89039 0.62916
0.89089 0.62975
0.89139 0.63033
0.89189 0.6309
0.89239 0.63148
0.89289 0.63205
0.89339 0.63262
0.89389 0.63318
0.89439 0.63375
0.89489 0.63431
0.8954 0.63487
0.8959 0.63542
0.8964 0.63598
0.8969 0.63653
0.8974 0.63708
0.8979 0.63762
0.8984 0.63816
0.8989 0.63871
0.8994 0.63924
0.8999 0.63978
0.9004 0.64032
0.9009 0.64085
0.9014 0.64138
0.9019 0.6419
0.9024 0.64243
0.9029 0.64295
0.9034 0.64347
0.9039 0.64399
0.9044 0.64451
0.9049 0.64502
0.90541 0.64553
0.90591 0.64604
0.90641 0.64655
0.90691 0.64705
0.90741 0.64756
0.90791 0.64806
0.90841 0.64856
0.90891 0.64905
0.90941 0.64955
0.90991 0.65004
0.91041 0.65053
0.91091 0.65102
0.91141 0.65151
0.91191 0.65199
0.91241 0.65248
0.91291 0.65296
0.91341 0.65344
0.91391 0.65391
0.91441 0.65439
0.91491 0.65486
0.91542 0.65533
0.91592 0.6558
0.91642 0.65626
0.91692 0.65673
0.91742 0.65719
0.91792 0.65765
0.91842 0.65811
0.91892 0.65856
0.91942 0.65901
0.91992 0.65947
0.92042 0.65991
0.92092 0.66036
0.92142 0.6608
0.92192 0.66125
0.92242 0.66169
0.92292 0.66212
0.92342 0.66256
0.92392 0.66299
0.92442 0.66342
0.92492 0.66385
0.92543 0.66428
0.92593 0.6647
0.92643 0.66513
0.92693 0.66555
0.92743 0.66597
0.92793 0.66638
0.92843 0.6668
0.92893 0.66721
0.92943 0.66762
0.92993 0.66803
0.93043 0.66843
0.93093 0.66884
0.93143 0.66924
0.93193 0.66964
0.93243 0.67004
0.93293 0.67043
0.93343 0.67083
0.93393 0.67122
0.93443 0.67161
0.93493 0.672
0.93544 0.67239
0.93594 0.67277
0.93644 0.67315
0.93694 0.67354
0.93744 0.67392
0.93794 0.67429
0.93844 0.67467
0.93894 0.67504
0.93944 0.67542
0.93994 0.67579
0.94044 0.67616
0.94094 0.67653
0.94144 0.67689
0.94194 0.67725
0.94244 0.67762
0.94294 0.67798
0.94344 0.67834
0.94394 0.67869
0.94444 0.67905
0.94494 0.6794
0.94545 0.67975
0.94595 0.6801
0.94645 0.68045
0.94695 0.68079
0.94745 0.68114
0.94795 0.68148
0.94845 0.68182
0.94895 0.68215
0.94945 0.68249
0.94995 0.68282
0.95045 0.68315
0.95095 0.68348
0.95145 0.68381
0.95195 0.68414
0.95245 0.68446
0.95295 0.68478
0.95345 0.6851
0.95395 0.68542
0.95445 0.68573
0.95495 0.68604
0.95546 0.68636
0.95596 0.68667
0.95646 0.68697
0.95696 0.68728
0.95746 0.68758
0.95796 0.68788
0.95846 0.68818
0.95896 0.68848
0.95946 0.68878
0.95996 0.68907
0.96046 0.68936
0.96096 0.68965
0.96146 0.68994
0.96196 0.69023
0.96246 0.69051
0.96296 0.6908
0.96346 0.69108
0.96396 0.69136
0.96446 0.69164
0.96496 0.69191
0.96547 0.69219
0.96597 0.69246
0.96647 0.69273
0.96697 0.693
0.96747 0.69327
0.96797 0.69354
0.96847 0.69381
0.96897 0.69407
0.96947 0.69433
0.96997 0.69459
0.97047 0.69485
0.97097 0.69511
0.97147 0.69536
0.97197 0.69561
0.97247 0.69586
0.97297 0.69611
0.97347 0.69636
0.97397 0.69661
0.97447 0.69685
0.97497 0.69709
0.97548 0.69733
0.97598 0.69757
0.97648 0.69781
0.97698 0.69804
0.97748 0.69828
0.97798 0.69851
0.97848 0.69873
0.97898 0.69896
0.97948 0.69918
0.97998 0.69941
0.98048 0.69963
0.98098 0.69985
0.98148 0.70006
0.98198 0.70028
0.98248 0.70049
0.98298 0.7007
0.98348 0.70091
0.98398 0.70111
0.98448 0.70132
0.98498 0.70152
0.98549 0.70172
0.98599 0.70192
0.98649 0.70212
0.98699 0.70231
0.98749 0.70251
0.98799 0.7027
0.98849 0.70289
0.98899 0.70308
0.98949 0.70326
0.98999 0.70345
0.99049 0.70363
0.99099 0.70381
0.99149 0.70399
0.99199 0.70417
0.99249 0.70435
0.99299 0.70452
0.99349 0.7047
0.99399 0.70487
0.99449 0.70504
0.99499 0.70521
0.9955 0.70538
0.996 0.70554
0.9965 0.70571
0.997 0.70587
0.9975 0.70603
0.998 0.70619
0.9985 0.70634
0.999 0.7065
0.9995 0.70665
1 0.7068
