time energy 
0 0.3175
0.0005005 0.31785
0.001001 0.3182
0.0015015 0.31855
0.002002 0.31891
0.0025025 0.31927
0.003003 0.31964
0.0035035 0.32001
0.004004 0.32038
0.0045045 0.32076
0.005005 0.32114
0.0055055 0.32153
0.006006 0.32192
0.0065065 0.32231
0.007007 0.32271
0.0075075 0.32311
0.008008 0.32352
0.0085085 0.32393
0.009009 0.32435
0.0095095 0.32477
0.01001 0.32519
0.010511 0.32562
0.011011 0.32605
0.011512 0.32649
0.012012 0.32693
0.012513 0.32737
0.013013 0.32782
0.013514 0.32828
0.014014 0.32874
0.014515 0.3292
0.015015 0.32967
0.015516 0.33014
0.016016 0.33062
0.016517 0.3311
0.017017 0.33158
0.017518 0.33207
0.018018 0.33257
0.018519 0.33306
0.019019 0.33357
0.01952 0.33407
0.02002 0.33459
0.020521 0.3351
0.021021 0.33562
0.021522 0.33615
0.022022 0.33668
0.022523 0.33721
0.023023 0.33775
0.023524 0.33829
0.024024 0.33884
0.024525 0.33939
0.025025 0.33995
0.025526 0.34051
0.026026 0.34107
0.026527 0.34164
0.027027 0.34221
0.027528 0.34279
0.028028 0.34337
0.028529 0.34396
0.029029 0.34455
0.02953 0.34514
0.03003 0.34574
0.030531 0.34634
0.031031 0.34694
0.031532 0.34755
0.032032 0.34817
0.032533 0.34879
0.033033 0.34941
0.033534 0.35003
0.034034 0.35066
0.034535 0.3513
0.035035 0.35193
0.035536 0.35258
0.036036 0.35322
0.036537 0.35387
0.037037 0.35452
0.037538 0.35518
0.038038 0.35584
0.038539 0.3565
0.039039 0.35717
0.03954 0.35784
0.04004 0.35852
0.040541 0.3592
0.041041 0.35988
0.041542 0.36056
0.042042 0.36125
0.042543 0.36195
0.043043 0.36264
0.043544 0.36334
0.044044 0.36405
0.044545 0.36476
0.045045 0.36547
0.045546 0.36618
0.046046 0.3669
0.046547 0.36762
0.047047 0.36835
0.047548 0.36908
0.048048 0.36981
0.048549 0.37054
0.049049 0.37128
0.04955 0.37203
0.05005 0.37277
0.050551 0.37352
0.051051 0.37428
0.051552 0.37504
0.052052 0.3758
0.052553 0.37656
0.053053 0.37733
0.053554 0.37811
0.054054 0.37888
0.054555 0.37966
0.055055 0.38045
0.055556 0.38124
0.056056 0.38203
0.056557 0.38283
0.057057 0.38363
0.057558 0.38443
0.058058 0.38524
0.058559 0.38606
0.059059 0.38687
0.05956 0.3877
0.06006 0.38853
0.060561 0.38936
0.061061 0.39019
0.061562 0.39104
0.062062 0.39188
0.062563 0.39274
0.063063 0.39359
0.063564 0.39445
0.064064 0.39532
0.064565 0.39619
0.065065 0.39707
0.065566 0.39796
0.066066 0.39885
0.066567 0.39974
0.067067 0.40064
0.067568 0.40155
0.068068 0.40246
0.068569 0.40338
0.069069 0.40431
0.06957 0.40524
0.07007 0.40618
0.070571 0.40713
0.071071 0.40808
0.071572 0.40904
0.072072 0.41001
0.072573 0.41098
0.073073 0.41196
0.073574 0.41295
0.074074 0.41395
0.074575 0.41495
0.075075 0.41596
0.075576 0.41698
0.076076 0.41801
0.076577 0.41904
0.077077 0.42008
0.077578 0.42114
0.078078 0.42219
0.078579 0.42326
0.079079 0.42434
0.07958 0.42542
0.08008 0.42651
0.080581 0.42761
0.081081 0.42872
0.081582 0.42984
0.082082 0.43097
0.082583 0.4321
0.083083 0.43324
0.083584 0.4344
0.084084 0.43556
0.084585 0.43673
0.085085 0.4379
0.085586 0.43909
0.086086 0.44029
0.086587 0.44149
0.087087 0.4427
0.087588 0.44392
0.088088 0.44515
0.088589 0.44639
0.089089 0.44763
0.08959 0.44889
0.09009 0.45015
0.090591 0.45142
0.091091 0.4527
0.091592 0.45399
0.092092 0.45528
0.092593 0.45659
0.093093 0.4579
0.093594 0.45922
0.094094 0.46055
0.094595 0.46188
0.095095 0.46322
0.095596 0.46457
0.096096 0.46593
0.096597 0.4673
0.097097 0.46867
0.097598 0.47005
0.098098 0.47144
0.098599 0.47283
0.099099 0.47424
0.0996 0.47565
0.1001 0.47706
0.1006 0.47849
0.1011 0.47992
0.1016 0.48136
0.1021 0.4828
0.1026 0.48425
0.1031 0.48571
0.1036 0.48718
0.1041 0.48865
0.1046 0.49013
0.10511 0.49162
0.10561 0.49311
0.10611 0.49461
0.10661 0.49612
0.10711 0.49764
0.10761 0.49916
0.10811 0.50069
0.10861 0.50222
0.10911 0.50376
0.10961 0.50531
0.11011 0.50686
0.11061 0.50843
0.11111 0.51
0.11161 0.51157
0.11211 0.51315
0.11261 0.51474
0.11311 0.51634
0.11361 0.51794
0.11411 0.51955
0.11461 0.52117
0.11512 0.52279
0.11562 0.52442
0.11612 0.52605
0.11662 0.5277
0.11712 0.52935
0.11762 0.531
0.11812 0.53266
0.11862 0.53433
0.11912 0.53601
0.11962 0.53769
0.12012 0.53938
0.12062 0.54108
0.12112 0.54278
0.12162 0.54449
0.12212 0.5462
0.12262 0.54793
0.12312 0.54965
0.12362 0.55139
0.12412 0.55313
0.12462 0.55488
0.12513 0.55663
0.12563 0.55839
0.12613 0.56016
0.12663 0.56193
0.12713 0.56371
0.12763 0.56549
0.12813 0.56728
0.12863 0.56908
0.12913 0.57088
0.12963 0.57269
0.13013 0.57451
0.13063 0.57633
0.13113 0.57815
0.13163 0.57999
0.13213 0.58183
0.13263 0.58367
0.13313 0.58552
0.13363 0.58738
0.13413 0.58924
0.13463 0.5911
0.13514 0.59298
0.13564 0.59485
0.13614 0.59674
0.13664 0.59863
0.13714 0.60052
0.13764 0.60242
0.13814 0.60433
0.13864 0.60624
0.13914 0.60815
0.13964 0.61007
0.14014 0.612
0.14064 0.61393
0.14114 0.61587
0.14164 0.61781
0.14214 0.61976
0.14264 0.62171
0.14314 0.62367
0.14364 0.62563
0.14414 0.6276
0.14464 0.62957
0.14515 0.63155
0.14565 0.63353
0.14615 0.63551
0.14665 0.63751
0.14715 0.6395
0.14765 0.64151
0.14815 0.64351
0.14865 0.64553
0.14915 0.64754
0.14965 0.64956
0.15015 0.65159
0.15065 0.65362
0.15115 0.65566
0.15165 0.6577
0.15215 0.65975
0.15265 0.6618
0.15315 0.66386
0.15365 0.66592
0.15415 0.66798
0.15465 0.67006
0.15516 0.67213
0.15566 0.67421
0.15616 0.6763
0.15666 0.67839
0.15716 0.68049
0.15766 0.68259
0.15816 0.68469
0.15866 0.6868
0.15916 0.68892
0.15966 0.69104
0.16016 0.69316
0.16066 0.69529
0.16116 0.69742
0.16166 0.69956
0.16216 0.7017
0.16266 0.70385
0.16316 0.706
0.16366 0.70816
0.16416 0.71032
0.16466 0.71249
0.16517 0.71466
0.16567 0.71683
0.16617 0.71901
0.16667 0.72119
0.16717 0.72338
0.16767 0.72557
0.16817 0.72777
0.16867 0.72997
0.16917 0.73217
0.16967 0.73438
0.17017 0.73659
0.17067 0.73881
0.17117 0.74102
0.17167 0.74325
0.17217 0.74547
0.17267 0.7477
0.17317 0.74994
0.17367 0.75217
0.17417 0.75441
0.17467 0.75666
0.17518 0.7589
0.17568 0.76115
0.17618 0.7634
0.17668 0.76566
0.17718 0.76791
0.17768 0.77017
0.17818 0.77243
0.17868 0.7747
0.17918 0.77696
0.17968 0.77923
0.18018 0.7815
0.18068 0.78377
0.18118 0.78604
0.18168 0.78831
0.18218 0.79058
0.18268 0.79286
0.18318 0.79513
0.18368 0.7974
0.18418 0.79968
0.18468 0.80195
0.18519 0.80422
0.18569 0.8065
0.18619 0.80877
0.18669 0.81104
0.18719 0.81331
0.18769 0.81557
0.18819 0.81784
0.18869 0.8201
0.18919 0.82236
0.18969 0.82462
0.19019 0.82688
0.19069 0.82913
0.19119 0.83138
0.19169 0.83362
0.19219 0.83586
0.19269 0.8381
0.19319 0.84033
0.19369 0.84256
0.19419 0.84478
0.19469 0.84699
0.1952 0.8492
0.1957 0.85141
0.1962 0.85361
0.1967 0.8558
0.1972 0.85799
0.1977 0.86016
0.1982 0.86233
0.1987 0.8645
0.1992 0.86665
0.1997 0.8688
0.2002 0.87094
0.2007 0.87307
0.2012 0.87519
0.2017 0.8773
0.2022 0.8794
0.2027 0.88149
0.2032 0.88357
0.2037 0.88564
0.2042 0.8877
0.2047 0.88975
0.20521 0.89178
0.20571 0.8938
0.20621 0.89581
0.20671 0.89781
0.20721 0.89979
0.20771 0.90176
0.20821 0.90371
0.20871 0.90565
0.20921 0.90758
0.20971 0.90949
0.21021 0.91138
0.21071 0.91326
0.21121 0.91512
0.21171 0.91697
0.21221 0.9188
0.21271 0.92062
0.21321 0.92242
0.21371 0.92421
0.21421 0.92598
0.21471 0.92773
0.21522 0.92947
0.21572 0.93119
0.21622 0.9329
0.21672 0.93459
0.21722 0.93627
0.21772 0.93794
0.21822 0.93958
0.21872 0.94122
0.21922 0.94284
0.21972 0.94445
0.22022 0.94604
0.22072 0.94762
0.22122 0.94918
0.22172 0.95074
0.22222 0.95228
0.22272 0.9538
0.22322 0.95532
0.22372 0.95682
0.22422 0.95831
0.22472 0.95979
0.22523 0.96125
0.22573 0.96271
0.22623 0.96415
0.22673 0.96558
0.22723 0.967
0.22773 0.9684
0.22823 0.9698
0.22873 0.97118
0.22923 0.97256
0.22973 0.97392
0.23023 0.97527
0.23073 0.97661
0.23123 0.97794
0.23173 0.97926
0.23223 0.98056
0.23273 0.98186
0.23323 0.98315
0.23373 0.98442
0.23423 0.98568
0.23473 0.98694
0.23524 0.98818
0.23574 0.98941
0.23624 0.99063
0.23674 0.99184
0.23724 0.99303
0.23774 0.99422
0.23824 0.9954
0.23874 0.99656
0.23924 0.99771
0.23974 0.99885
0.24024 0.99998
0.24074 1.0011
0.24124 1.0022
0.24174 1.0033
0.24224 1.0044
0.24274 1.0055
0.24324 1.0065
0.24374 1.0076
0.24424 1.0086
0.24474 1.0096
0.24525 1.0106
0.24575 1.0116
0.24625 1.0126
0.24675 1.0136
0.24725 1.0145
0.24775 1.0155
0.24825 1.0164
0.24875 1.0173
0.24925 1.0182
0.24975 1.0191
0.25025 1.02
0.25075 1.0208
0.25125 1.0217
0.25175 1.0225
0.25225 1.0233
0.25275 1.0241
0.25325 1.0249
0.25375 1.0256
0.25425 1.0264
0.25475 1.0271
0.25526 1.0278
0.25576 1.0285
0.25626 1.0292
0.25676 1.0298
0.25726 1.0304
0.25776 1.031
0.25826 1.0316
0.25876 1.0322
0.25926 1.0328
0.25976 1.0333
0.26026 1.0338
0.26076 1.0343
0.26126 1.0348
0.26176 1.0352
0.26226 1.0356
0.26276 1.036
0.26326 1.0364
0.26376 1.0367
0.26426 1.0371
0.26476 1.0374
0.26527 1.0376
0.26577 1.0379
0.26627 1.0381
0.26677 1.0383
0.26727 1.0385
0.26777 1.0386
0.26827 1.0388
0.26877 1.0388
0.26927 1.0389
0.26977 1.0389
0.27027 1.0389
0.27077 1.0389
0.27127 1.0389
0.27177 1.0388
0.27227 1.0387
0.27277 1.0385
0.27327 1.0383
0.27377 1.0381
0.27427 1.0379
0.27477 1.0376
0.27528 1.0373
0.27578 1.037
0.27628 1.0366
0.27678 1.0362
0.27728 1.0358
0.27778 1.0353
0.27828 1.0348
0.27878 1.0342
0.27928 1.0337
0.27978 1.0331
0.28028 1.0324
0.28078 1.0317
0.28128 1.031
0.28178 1.0303
0.28228 1.0295
0.28278 1.0287
0.28328 1.0278
0.28378 1.0269
0.28428 1.026
0.28478 1.0251
0.28529 1.0241
0.28579 1.023
0.28629 1.022
0.28679 1.0209
0.28729 1.0197
0.28779 1.0185
0.28829 1.0173
0.28879 1.0161
0.28929 1.0148
0.28979 1.0135
0.29029 1.0121
0.29079 1.0107
0.29129 1.0093
0.29179 1.0079
0.29229 1.0064
0.29279 1.0048
0.29329 1.0033
0.29379 1.0017
0.29429 1.0001
0.29479 0.99839
0.2953 0.9967
0.2958 0.99497
0.2963 0.99321
0.2968 0.99142
0.2973 0.9896
0.2978 0.98775
0.2983 0.98586
0.2988 0.98395
0.2993 0.982
0.2998 0.98003
0.3003 0.97803
0.3008 0.976
0.3013 0.97394
0.3018 0.97185
0.3023 0.96974
0.3028 0.9676
0.3033 0.96543
0.3038 0.96324
0.3043 0.96103
0.3048 0.95879
0.30531 0.95653
0.30581 0.95425
0.30631 0.95194
0.30681 0.94961
0.30731 0.94726
0.30781 0.9449
0.30831 0.94251
0.30881 0.9401
0.30931 0.93768
0.30981 0.93524
0.31031 0.93278
0.31081 0.9303
0.31131 0.92782
0.31181 0.92531
0.31231 0.92279
0.31281 0.92026
0.31331 0.91772
0.31381 0.91517
0.31431 0.9126
0.31481 0.91003
0.31532 0.90744
0.31582 0.90485
0.31632 0.90225
0.31682 0.89964
0.31732 0.89702
0.31782 0.8944
0.31832 0.89178
0.31882 0.88915
0.31932 0.88652
0.31982 0.88388
0.32032 0.88124
0.32082 0.8786
0.32132 0.87596
0.32182 0.87332
0.32232 0.87068
0.32282 0.86804
0.32332 0.86541
0.32382 0.86278
0.32432 0.86015
0.32482 0.85752
0.32533 0.8549
0.32583 0.85228
0.32633 0.84967
0.32683 0.84707
0.32733 0.84447
0.32783 0.84188
0.32833 0.8393
0.32883 0.83673
0.32933 0.83417
0.32983 0.83162
0.33033 0.82908
0.33083 0.82654
0.33133 0.82402
0.33183 0.82152
0.33233 0.81902
0.33283 0.81654
0.33333 0.81407
0.33383 0.81162
0.33433 0.80918
0.33483 0.80675
0.33534 0.80434
0.33584 0.80194
0.33634 0.79956
0.33684 0.7972
0.33734 0.79485
0.33784 0.79252
0.33834 0.79021
0.33884 0.78791
0.33934 0.78563
0.33984 0.78337
0.34034 0.78113
0.34084 0.7789
0.34134 0.7767
0.34184 0.77451
0.34234 0.77234
0.34284 0.77019
0.34334 0.76806
0.34384 0.76595
0.34434 0.76386
0.34484 0.76178
0.34535 0.75973
0.34585 0.7577
0.34635 0.75569
0.34685 0.75369
0.34735 0.75172
0.34785 0.74977
0.34835 0.74783
0.34885 0.74592
0.34935 0.74403
0.34985 0.74215
0.35035 0.7403
0.35085 0.73846
0.35135 0.73665
0.35185 0.73485
0.35235 0.73308
0.35285 0.73132
0.35335 0.72958
0.35385 0.72787
0.35435 0.72617
0.35485 0.72449
0.35536 0.72283
0.35586 0.72118
0.35636 0.71956
0.35686 0.71795
0.35736 0.71637
0.35786 0.7148
0.35836 0.71324
0.35886 0.71171
0.35936 0.71019
0.35986 0.70869
0.36036 0.70721
0.36086 0.70574
0.36136 0.70429
0.36186 0.70285
0.36236 0.70143
0.36286 0.70003
0.36336 0.69864
0.36386 0.69727
0.36436 0.69591
0.36486 0.69456
0.36537 0.69323
0.36587 0.69192
0.36637 0.69062
0.36687 0.68933
0.36737 0.68805
0.36787 0.68679
0.36837 0.68553
0.36887 0.68429
0.36937 0.68307
0.36987 0.68185
0.37037 0.68065
0.37087 0.67945
0.37137 0.67827
0.37187 0.6771
0.37237 0.67593
0.37287 0.67478
0.37337 0.67364
0.37387 0.6725
0.37437 0.67138
0.37487 0.67026
0.37538 0.66915
0.37588 0.66805
0.37638 0.66696
0.37688 0.66588
0.37738 0.6648
0.37788 0.66373
0.37838 0.66266
0.37888 0.66161
0.37938 0.66056
0.37988 0.65951
0.38038 0.65847
0.38088 0.65744
0.38138 0.65641
0.38188 0.65539
0.38238 0.65437
0.38288 0.65335
0.38338 0.65235
0.38388 0.65134
0.38438 0.65034
0.38488 0.64934
0.38539 0.64835
0.38589 0.64736
0.38639 0.64637
0.38689 0.64539
0.38739 0.64441
0.38789 0.64343
0.38839 0.64246
0.38889 0.64149
0.38939 0.64052
0.38989 0.63955
0.39039 0.63859
0.39089 0.63763
0.39139 0.63667
0.39189 0.63571
0.39239 0.63475
0.39289 0.6338
0.39339 0.63284
0.39389 0.63189
0.39439 0.63094
0.39489 0.63
0.3954 0.62905
0.3959 0.6281
0.3964 0.62716
0.3969 0.62622
0.3974 0.62528
0.3979 0.62434
0.3984 0.6234
0.3989 0.62246
0.3994 0.62152
0.3999 0.62059
0.4004 0.61965
0.4009 0.61872
0.4014 0.61779
0.4019 0.61686
0.4024 0.61593
0.4029 0.615
0.4034 0.61408
0.4039 0.61315
0.4044 0.61223
0.4049 0.61131
0.40541 0.61039
0.40591 0.60947
0.40641 0.60855
0.40691 0.60764
0.40741 0.60672
0.40791 0.60581
0.40841 0.6049
0.40891 0.60399
0.40941 0.60309
0.40991 0.60218
0.41041 0.60128
0.41091 0.60038
0.41141 0.59948
0.41191 0.59859
0.41241 0.5977
0.41291 0.5968
0.41341 0.59592
0.41391 0.59503
0.41441 0.59415
0.41491 0.59327
0.41542 0.59239
0.41592 0.59151
0.41642 0.59064
0.41692 0.58977
0.41742 0.58891
0.41792 0.58804
0.41842 0.58718
0.41892 0.58633
0.41942 0.58548
0.41992 0.58463
0.42042 0.58378
0.42092 0.58294
0.42142 0.5821
0.42192 0.58126
0.42242 0.58043
0.42292 0.5796
0.42342 0.57877
0.42392 0.57795
0.42442 0.57714
0.42492 0.57632
0.42543 0.57551
0.42593 0.57471
0.42643 0.5739
0.42693 0.57311
0.42743 0.57231
0.42793 0.57152
0.42843 0.57074
0.42893 0.56995
0.42943 0.56918
0.42993 0.5684
0.43043 0.56763
0.43093 0.56687
0.43143 0.5661
0.43193 0.56535
0.43243 0.56459
0.43293 0.56384
0.43343 0.5631
0.43393 0.56235
0.43443 0.56162
0.43493 0.56088
0.43544 0.56015
0.43594 0.55942
0.43644 0.5587
0.43694 0.55798
0.43744 0.55727
0.43794 0.55656
0.43844 0.55585
0.43894 0.55514
0.43944 0.55444
0.43994 0.55374
0.44044 0.55305
0.44094 0.55236
0.44144 0.55167
0.44194 0.55099
0.44244 0.55031
0.44294 0.54963
0.44344 0.54896
0.44394 0.54829
0.44444 0.54762
0.44494 0.54695
0.44545 0.54629
0.44595 0.54563
0.44645 0.54497
0.44695 0.54432
0.44745 0.54366
0.44795 0.54301
0.44845 0.54236
0.44895 0.54172
0.44945 0.54108
0.44995 0.54043
0.45045 0.53979
0.45095 0.53916
0.45145 0.53852
0.45195 0.53789
0.45245 0.53725
0.45295 0.53662
0.45345 0.53599
0.45395 0.53537
0.45445 0.53474
0.45495 0.53412
0.45546 0.53349
0.45596 0.53287
0.45646 0.53225
0.45696 0.53162
0.45746 0.531
0.45796 0.53038
0.45846 0.52977
0.45896 0.52915
0.45946 0.52853
0.45996 0.52791
0.46046 0.5273
0.46096 0.52668
0.46146 0.52606
0.46196 0.52545
0.46246 0.52483
0.46296 0.52422
0.46346 0.5236
0.46396 0.52299
0.46446 0.52237
0.46496 0.52176
0.46547 0.52114
0.46597 0.52052
0.46647 0.51991
0.46697 0.51929
0.46747 0.51868
0.46797 0.51806
0.46847 0.51744
0.46897 0.51682
0.46947 0.51621
0.46997 0.51559
0.47047 0.51497
0.47097 0.51435
0.47147 0.51373
0.47197 0.51311
0.47247 0.51249
0.47297 0.51187
0.47347 0.51125
0.47397 0.51062
0.47447 0.51
0.47497 0.50938
0.47548 0.50876
0.47598 0.50813
0.47648 0.50751
0.47698 0.50688
0.47748 0.50626
0.47798 0.50563
0.47848 0.505
0.47898 0.50438
0.47948 0.50375
0.47998 0.50312
0.48048 0.5025
0.48098 0.50187
0.48148 0.50124
0.48198 0.50061
0.48248 0.49998
0.48298 0.49936
0.48348 0.49873
0.48398 0.4981
0.48448 0.49747
0.48498 0.49684
0.48549 0.49621
0.48599 0.49559
0.48649 0.49496
0.48699 0.49433
0.48749 0.4937
0.48799 0.49308
0.48849 0.49245
0.48899 0.49182
0.48949 0.4912
0.48999 0.49057
0.49049 0.48995
0.49099 0.48933
0.49149 0.4887
0.49199 0.48808
0.49249 0.48746
0.49299 0.48684
0.49349 0.48622
0.49399 0.4856
0.49449 0.48498
0.49499 0.48437
0.4955 0.48375
0.496 0.48314
0.4965 0.48253
0.497 0.48192
0.4975 0.48131
0.498 0.4807
0.4985 0.48009
0.499 0.47949
0.4995 0.47888
0.5 0.47828
0.5005 0.47768
0.501 0.47708
0.5015 0.47649
0.502 0.47589
0.5025 0.4753
0.503 0.47471
0.5035 0.47412
0.504 0.47353
0.5045 0.47294
0.50501 0.47236
0.50551 0.47178
0.50601 0.4712
0.50651 0.47062
0.50701 0.47005
0.50751 0.46948
0.50801 0.4689
0.50851 0.46834
0.50901 0.46777
0.50951 0.46721
0.51001 0.46664
0.51051 0.46608
0.51101 0.46553
0.51151 0.46497
0.51201 0.46442
0.51251 0.46387
0.51301 0.46332
0.51351 0.46277
0.51401 0.46223
0.51451 0.46169
0.51502 0.46115
0.51552 0.46061
0.51602 0.46007
0.51652 0.45954
0.51702 0.45901
0.51752 0.45848
0.51802 0.45795
0.51852 0.45743
0.51902 0.45691
0.51952 0.45639
0.52002 0.45587
0.52052 0.45535
0.52102 0.45484
0.52152 0.45432
0.52202 0.45381
0.52252 0.4533
0.52302 0.4528
0.52352 0.45229
0.52402 0.45179
0.52452 0.45129
0.52503 0.45079
0.52553 0.45029
0.52603 0.44979
0.52653 0.4493
0.52703 0.44881
0.52753 0.44831
0.52803 0.44782
0.52853 0.44733
0.52903 0.44685
0.52953 0.44636
0.53003 0.44588
0.53053 0.44539
0.53103 0.44491
0.53153 0.44443
0.53203 0.44395
0.53253 0.44347
0.53303 0.44299
0.53353 0.44251
0.53403 0.44204
0.53453 0.44156
0.53504 0.44108
0.53554 0.44061
0.53604 0.44014
0.53654 0.43966
0.53704 0.43919
0.53754 0.43872
0.53804 0.43825
0.53854 0.43778
0.53904 0.43731
0.53954 0.43684
0.54004 0.43637
0.54054 0.4359
0.54104 0.43543
0.54154 0.43496
0.54204 0.43449
0.54254 0.43403
0.54304 0.43356
0.54354 0.43309
0.54404 0.43262
0.54454 0.43216
0.54505 0.43169
0.54555 0.43122
0.54605 0.43075
0.54655 0.43029
0.54705 0.42982
0.54755 0.42935
0.54805 0.42888
0.54855 0.42841
0.54905 0.42795
0.54955 0.42748
0.55005 0.42701
0.55055 0.42654
0.55105 0.42607
0.55155 0.4256
0.55205 0.42513
0.55255 0.42466
0.55305 0.42419
0.55355 0.42372
0.55405 0.42325
0.55455 0.42278
0.55506 0.42231
0.55556 0.42184
0.55606 0.42137
0.55656 0.4209
0.55706 0.42043
0.55756 0.41996
0.55806 0.41949
0.55856 0.41902
0.55906 0.41854
0.55956 0.41807
0.56006 0.4176
0.56056 0.41713
0.56106 0.41665
0.56156 0.41618
0.56206 0.41571
0.56256 0.41524
0.56306 0.41477
0.56356 0.41429
0.56406 0.41382
0.56456 0.41335
0.56507 0.41288
0.56557 0.4124
0.56607 0.41193
0.56657 0.41146
0.56707 0.41099
0.56757 0.41052
0.56807 0.41005
0.56857 0.40958
0.56907 0.40911
0.56957 0.40864
0.57007 0.40817
0.57057 0.4077
0.57107 0.40723
0.57157 0.40676
0.57207 0.4063
0.57257 0.40583
0.57307 0.40536
0.57357 0.4049
0.57407 0.40443
0.57457 0.40397
0.57508 0.40351
0.57558 0.40304
0.57608 0.40258
0.57658 0.40212
0.57708 0.40166
0.57758 0.4012
0.57808 0.40074
0.57858 0.40029
0.57908 0.39983
0.57958 0.39938
0.58008 0.39892
0.58058 0.39847
0.58108 0.39802
0.58158 0.39757
0.58208 0.39712
0.58258 0.39667
0.58308 0.39622
0.58358 0.39578
0.58408 0.39533
0.58458 0.39489
0.58509 0.39445
0.58559 0.39401
0.58609 0.39357
0.58659 0.39313
0.58709 0.39269
0.58759 0.39226
0.58809 0.39182
0.58859 0.39139
0.58909 0.39096
0.58959 0.39053
0.59009 0.3901
0.59059 0.38967
0.59109 0.38925
0.59159 0.38883
0.59209 0.3884
0.59259 0.38798
0.59309 0.38756
0.59359 0.38715
0.59409 0.38673
0.59459 0.38631
0.5951 0.3859
0.5956 0.38549
0.5961 0.38508
0.5966 0.38467
0.5971 0.38426
0.5976 0.38386
0.5981 0.38345
0.5986 0.38305
0.5991 0.38265
0.5996 0.38225
0.6001 0.38185
0.6006 0.38145
0.6011 0.38106
0.6016 0.38066
0.6021 0.38027
0.6026 0.37988
0.6031 0.37949
0.6036 0.3791
0.6041 0.37871
0.6046 0.37833
0.60511 0.37794
0.60561 0.37756
0.60611 0.37718
0.60661 0.37679
0.60711 0.37641
0.60761 0.37604
0.60811 0.37566
0.60861 0.37528
0.60911 0.37491
0.60961 0.37453
0.61011 0.37416
0.61061 0.37379
0.61111 0.37342
0.61161 0.37305
0.61211 0.37268
0.61261 0.37231
0.61311 0.37195
0.61361 0.37158
0.61411 0.37122
0.61461 0.37085
0.61512 0.37049
0.61562 0.37013
0.61612 0.36977
0.61662 0.36941
0.61712 0.36905
0.61762 0.36869
0.61812 0.36833
0.61862 0.36797
0.61912 0.36762
0.61962 0.36726
0.62012 0.36691
0.62062 0.36656
0.62112 0.3662
0.62162 0.36585
0.62212 0.3655
0.62262 0.36515
0.62312 0.3648
0.62362 0.36445
0.62412 0.3641
0.62462 0.36375
0.62513 0.3634
0.62563 0.36306
0.62613 0.36271
0.62663 0.36236
0.62713 0.36202
0.62763 0.36167
0.62813 0.36133
0.62863 0.36099
0.62913 0.36064
0.62963 0.3603
0.63013 0.35996
0.63063 0.35962
0.63113 0.35928
0.63163 0.35894
0.63213 0.3586
0.63263 0.35826
0.63313 0.35792
0.63363 0.35758
0.63413 0.35725
0.63463 0.35691
0.63514 0.35657
0.63564 0.35624
0.63614 0.3559
0.63664 0.35557
0.63714 0.35524
0.63764 0.3549
0.63814 0.35457
0.63864 0.35424
0.63914 0.35391
0.63964 0.35358
0.64014 0.35325
0.64064 0.35292
0.64114 0.35259
0.64164 0.35226
0.64214 0.35193
0.64264 0.35161
0.64314 0.35128
0.64364 0.35096
0.64414 0.35063
0.64464 0.35031
0.64515 0.34998
0.64565 0.34966
0.64615 0.34934
0.64665 0.34902
0.64715 0.3487
0.64765 0.34838
0.64815 0.34806
0.64865 0.34774
0.64915 0.34743
0.64965 0.34711
0.65015 0.34679
0.65065 0.34648
0.65115 0.34617
0.65165 0.34585
0.65215 0.34554
0.65265 0.34523
0.65315 0.34492
0.65365 0.34461
0.65415 0.3443
0.65465 0.34399
0.65516 0.34369
0.65566 0.34338
0.65616 0.34307
0.65666 0.34277
0.65716 0.34247
0.65766 0.34216
0.65816 0.34186
0.65866 0.34156
0.65916 0.34126
0.65966 0.34096
0.66016 0.34066
0.66066 0.34037
0.66116 0.34007
0.66166 0.33977
0.66216 0.33948
0.66266 0.33919
0.66316 0.33889
0.66366 0.3386
0.66416 0.33831
0.66466 0.33802
0.66517 0.33773
0.66567 0.33744
0.66617 0.33716
0.66667 0.33687
0.66717 0.33658
0.66767 0.3363
0.66817 0.33601
0.66867 0.33573
0.66917 0.33545
0.66967 0.33517
0.67017 0.33488
0.67067 0.3346
0.67117 0.33433
0.67167 0.33405
0.67217 0.33377
0.67267 0.33349
0.67317 0.33322
0.67367 0.33294
0.67417 0.33267
0.67467 0.33239
0.67518 0.33212
0.67568 0.33184
0.67618 0.33157
0.67668 0.3313
0.67718 0.33103
0.67768 0.33076
0.67818 0.33049
0.67868 0.33022
0.67918 0.32996
0.67968 0.32969
0.68018 0.32942
0.68068 0.32915
0.68118 0.32889
0.68168 0.32862
0.68218 0.32836
0.68268 0.3281
0.68318 0.32783
0.68368 0.32757
0.68418 0.32731
0.68468 0.32705
0.68519 0.32678
0.68569 0.32652
0.68619 0.32626
0.68669 0.326
0.68719 0.32575
0.68769 0.32549
0.68819 0.32523
0.68869 0.32497
0.68919 0.32472
0.68969 0.32446
0.69019 0.3242
0.69069 0.32395
0.69119 0.32369
0.69169 0.32344
0.69219 0.32319
0.69269 0.32293
0.69319 0.32268
0.69369 0.32243
0.69419 0.32218
0.69469 0.32193
0.6952 0.32168
0.6957 0.32143
0.6962 0.32118
0.6967 0.32093
0.6972 0.32068
0.6977 0.32044
0.6982 0.32019
0.6987 0.31994
0.6992 0.3197
0.6997 0.31945
0.7002 0.31921
0.7007 0.31897
0.7012 0.31873
0.7017 0.31848
0.7022 0.31824
0.7027 0.318
0.7032 0.31777
0.7037 0.31753
0.7042 0.31729
0.7047 0.31705
0.70521 0.31682
0.70571 0.31658
0.70621 0.31635
0.70671 0.31612
0.70721 0.31589
0.70771 0.31566
0.70821 0.31543
0.70871 0.3152
0.70921 0.31497
0.70971 0.31475
0.71021 0.31452
0.71071 0.3143
0.71121 0.31408
0.71171 0.31385
0.71221 0.31363
0.71271 0.31342
0.71321 0.3132
0.71371 0.31298
0.71421 0.31277
0.71471 0.31256
0.71522 0.31234
0.71572 0.31213
0.71622 0.31192
0.71672 0.31172
0.71722 0.31151
0.71772 0.31131
0.71822 0.3111
0.71872 0.3109
0.71922 0.3107
0.71972 0.3105
0.72022 0.31031
0.72072 0.31011
0.72122 0.30992
0.72172 0.30973
0.72222 0.30954
0.72272 0.30935
0.72322 0.30916
0.72372 0.30898
0.72422 0.30879
0.72472 0.30861
0.72523 0.30843
0.72573 0.30825
0.72623 0.30808
0.72673 0.3079
0.72723 0.30773
0.72773 0.30756
0.72823 0.30739
0.72873 0.30722
0.72923 0.30706
0.72973 0.30689
0.73023 0.30673
0.73073 0.30657
0.73123 0.30641
0.73173 0.30625
0.73223 0.3061
0.73273 0.30594
0.73323 0.30579
0.73373 0.30564
0.73423 0.30549
0.73473 0.30534
0.73524 0.3052
0.73574 0.30505
0.73624 0.30491
0.73674 0.30477
0.73724 0.30463
0.73774 0.30449
0.73824 0.30435
0.73874 0.30422
0.73924 0.30409
0.73974 0.30395
0.74024 0.30382
0.74074 0.30369
0.74124 0.30356
0.74174 0.30344
0.74224 0.30331
0.74274 0.30318
0.74324 0.30306
0.74374 0.30294
0.74424 0.30282
0.74474 0.3027
0.74525 0.30258
0.74575 0.30246
0.74625 0.30234
0.74675 0.30222
0.74725 0.30211
0.74775 0.30199
0.74825 0.30188
0.74875 0.30176
0.74925 0.30165
0.74975 0.30154
0.75025 0.30143
0.75075 0.30131
0.75125 0.3012
0.75175 0.30109
0.75225 0.30098
0.75275 0.30087
0.75325 0.30076
0.75375 0.30065
0.75425 0.30054
0.75475 0.30043
0.75526 0.30033
0.75576 0.30022
0.75626 0.30011
0.75676 0.3
0.75726 0.29989
0.75776 0.29978
0.75826 0.29967
0.75876 0.29956
0.75926 0.29945
0.75976 0.29934
0.76026 0.29923
0.76076 0.29912
0.76126 0.29901
0.76176 0.2989
0.76226 0.29879
0.76276 0.29868
0.76326 0.29857
0.76376 0.29846
0.76426 0.29834
0.76476 0.29823
0.76527 0.29811
0.76577 0.298
0.76627 0.29788
0.76677 0.29777
0.76727 0.29765
0.76777 0.29753
0.76827 0.29742
0.76877 0.2973
0.76927 0.29718
0.76977 0.29706
0.77027 0.29694
0.77077 0.29682
0.77127 0.2967
0.77177 0.29657
0.77227 0.29645
0.77277 0.29633
0.77327 0.2962
0.77377 0.29608
0.77427 0.29595
0.77477 0.29582
0.77528 0.29569
0.77578 0.29557
0.77628 0.29544
0.77678 0.29531
0.77728 0.29518
0.77778 0.29505
0.77828 0.29492
0.77878 0.29478
0.77928 0.29465
0.77978 0.29452
0.78028 0.29438
0.78078 0.29425
0.78128 0.29412
0.78178 0.29398
0.78228 0.29384
0.78278 0.29371
0.78328 0.29357
0.78378 0.29343
0.78428 0.2933
0.78478 0.29316
0.78529 0.29302
0.78579 0.29288
0.78629 0.29275
0.78679 0.29261
0.78729 0.29247
0.78779 0.29233
0.78829 0.29219
0.78879 0.29205
0.78929 0.29191
0.78979 0.29178
0.79029 0.29164
0.79079 0.2915
0.79129 0.29136
0.79179 0.29122
0.79229 0.29109
0.79279 0.29095
0.79329 0.29082
0.79379 0.29069
0.79429 0.29056
0.79479 0.29043
0.7953 0.29031
0.7958 0.29019
0.7963 0.29007
0.7968 0.28995
0.7973 0.28985
0.7978 0.28974
0.7983 0.28964
0.7988 0.28955
0.7993 0.28946
0.7998 0.28938
0.8003 0.2893
0.8008 0.28923
0.8013 0.28917
0.8018 0.2891
0.8023 0.28905
0.8028 0.289
0.8033 0.28895
0.8038 0.2889
0.8043 0.28886
0.8048 0.28882
0.80531 0.28878
0.80581 0.28875
0.80631 0.28871
0.80681 0.28868
0.80731 0.28865
0.80781 0.28862
0.80831 0.2886
0.80881 0.28857
0.80931 0.28854
0.80981 0.28852
0.81031 0.2885
0.81081 0.28847
0.81131 0.28845
0.81181 0.28843
0.81231 0.2884
0.81281 0.28838
0.81331 0.28836
0.81381 0.28834
0.81431 0.28832
0.81481 0.2883
0.81532 0.28828
0.81582 0.28826
0.81632 0.28824
0.81682 0.28822
0.81732 0.2882
0.81782 0.28818
0.81832 0.28817
0.81882 0.28815
0.81932 0.28813
0.81982 0.28811
0.82032 0.28809
0.82082 0.28808
0.82132 0.28806
0.82182 0.28804
0.82232 0.28803
0.82282 0.28801
0.82332 0.28799
0.82382 0.28798
0.82432 0.28796
0.82482 0.28794
0.82533 0.28793
0.82583 0.28791
0.82633 0.2879
0.82683 0.28788
0.82733 0.28786
0.82783 0.28785
0.82833 0.28783
0.82883 0.28782
0.82933 0.2878
0.82983 0.28779
0.83033 0.28777
0.83083 0.28775
0.83133 0.28774
0.83183 0.28772
0.83233 0.28771
0.83283 0.28769
0.83333 0.28768
0.83383 0.28766
0.83433 0.28765
0.83483 0.28763
0.83534 0.28762
0.83584 0.2876
0.83634 0.28759
0.83684 0.28757
0.83734 0.28756
0.83784 0.28754
0.83834 0.28753
0.83884 0.28751
0.83934 0.28749
0.83984 0.28748
0.84034 0.28746
0.84084 0.28745
0.84134 0.28743
0.84184 0.28742
0.84234 0.2874
0.84284 0.28738
0.84334 0.28737
0.84384 0.28735
0.84434 0.28733
0.84484 0.28732
0.84535 0.2873
0.84585 0.28729
0.84635 0.28727
0.84685 0.28725
0.84735 0.28723
0.84785 0.28722
0.84835 0.2872
0.84885 0.28718
0.84935 0.28717
0.84985 0.28715
0.85035 0.28713
0.85085 0.28711
0.85135 0.2871
0.85185 0.28708
0.85235 0.28706
0.85285 0.28704
0.85335 0.28702
0.85385 0.28701
0.85435 0.28699
0.85485 0.28697
0.85536 0.28695
0.85586 0.28693
0.85636 0.28691
0.85686 0.28689
0.85736 0.28687
0.85786 0.28686
0.85836 0.28684
0.85886 0.28682
0.85936 0.2868
0.85986 0.28678
0.86036 0.28676
0.86086 0.28674
0.86136 0.28672
0.86186 0.2867
0.86236 0.28668
0.86286 0.28666
0.86336 0.28665
0.86386 0.28663
0.86436 0.28661
0.86486 0.28659
0.86537 0.28657
0.86587 0.28655
0.86637 0.28653
0.86687 0.28651
0.86737 0.28649
0.86787 0.28648
0.86837 0.28646
0.86887 0.28644
0.86937 0.28642
0.86987 0.2864
0.87037 0.28638
0.87087 0.28637
0.87137 0.28635
0.87187 0.28633
0.87237 0.28631
0.87287 0.2863
0.87337 0.28628
0.87387 0.28627
0.87437 0.28625
0.87487 0.28623
0.87538 0.28622
0.87588 0.2862
0.87638 0.28619
0.87688 0.28617
0.87738 0.28616
0.87788 0.28615
0.87838 0.28613
0.87888 0.28612
0.87938 0.28611
0.87988 0.2861
0.88038 0.28609
0.88088 0.28608
0.88138 0.28607
0.88188 0.28606
0.88238 0.28605
0.88288 0.28604
0.88338 0.28603
0.88388 0.28602
0.88438 0.28602
0.88488 0.28601
0.88539 0.286
0.88589 0.286
0.88639 0.286
0.88689 0.28599
0.88739 0.28599
0.88789 0.28599
0.88839 0.28599
0.88889 0.28599
0.88939 0.28599
0.88989 0.28599
0.89039 0.28599
0.89089 0.28599
0.89139 0.286
0.89189 0.286
0.89239 0.28601
0.89289 0.28602
0.89339 0.28602
0.89389 0.28603
0.89439 0.28604
0.89489 0.28605
0.8954 0.28606
0.8959 0.28608
0.8964 0.28609
0.8969 0.28611
0.8974 0.28612
0.8979 0.28614
0.8984 0.28616
0.8989 0.28618
0.8994 0.2862
0.8999 0.28622
0.9004 0.28624
0.9009 0.28627
0.9014 0.28629
0.9019 0.28632
0.9024 0.28634
0.9029 0.28637
0.9034 0.2864
0.9039 0.28643
0.9044 0.28647
0.9049 0.2865
0.90541 0.28654
0.90591 0.28657
0.90641 0.28661
0.90691 0.28665
0.90741 0.28669
0.90791 0.28673
0.90841 0.28677
0.90891 0.28682
0.90941 0.28686
0.90991 0.28691
0.91041 0.28696
0.91091 0.28701
0.91141 0.28706
0.91191 0.28711
0.91241 0.28717
0.91291 0.28722
0.91341 0.28728
0.91391 0.28734
0.91441 0.2874
0.91491 0.28746
0.91542 0.28752
0.91592 0.28759
0.91642 0.28765
0.91692 0.28772
0.91742 0.28779
0.91792 0.28786
0.91842 0.28793
0.91892 0.288
0.91942 0.28807
0.91992 0.28815
0.92042 0.28822
0.92092 0.2883
0.92142 0.28838
0.92192 0.28846
0.92242 0.28855
0.92292 0.28863
0.92342 0.28871
0.92392 0.2888
0.92442 0.28889
0.92492 0.28898
0.92543 0.28907
0.92593 0.28916
0.92643 0.28926
0.92693 0.28935
0.92743 0.28945
0.92793 0.28954
0.92843 0.28964
0.92893 0.28974
0.92943 0.28984
0.92993 0.28995
0.93043 0.29005
0.93093 0.29016
0.93143 0.29026
0.93193 0.29037
0.93243 0.29048
0.93293 0.29059
0.93343 0.2907
0.93393 0.29082
0.93443 0.29093
0.93493 0.29105
0.93544 0.29117
0.93594 0.29128
0.93644 0.2914
0.93694 0.29152
0.93744 0.29165
0.93794 0.29177
0.93844 0.29189
0.93894 0.29202
0.93944 0.29214
0.93994 0.29227
0.94044 0.2924
0.94094 0.29253
0.94144 0.29266
0.94194 0.29279
0.94244 0.29293
0.94294 0.29306
0.94344 0.2932
0.94394 0.29333
0.94444 0.29347
0.94494 0.29361
0.94545 0.29375
0.94595 0.29389
0.94645 0.29403
0.94695 0.29418
0.94745 0.29432
0.94795 0.29446
0.94845 0.29461
0.94895 0.29476
0.94945 0.2949
0.94995 0.29505
0.95045 0.2952
0.95095 0.29535
0.95145 0.29551
0.95195 0.29566
0.95245 0.29581
0.95295 0.29597
0.95345 0.29612
0.95395 0.29628
0.95445 0.29644
0.95495 0.2966
0.95546 0.29676
0.95596 0.29692
0.95646 0.29708
0.95696 0.29724
0.95746 0.29741
0.95796 0.29757
0.95846 0.29774
0.95896 0.29791
0.95946 0.29807
0.95996 0.29824
0.96046 0.29841
0.96096 0.29858
0.96146 0.29876
0.96196 0.29893
0.96246 0.2991
0.96296 0.29928
0.96346 0.29946
0.96396 0.29963
0.96446 0.29981
0.96496 0.29999
0.96547 0.30017
0.96597 0.30036
0.96647 0.30054
0.96697 0.30073
0.96747 0.30091
0.96797 0.3011
0.96847 0.30129
0.96897 0.30148
0.96947 0.30167
0.96997 0.30186
0.97047 0.30205
0.97097 0.30225
0.97147 0.30245
0.97197 0.30265
0.97247 0.30284
0.97297 0.30305
0.97347 0.30325
0.97397 0.30345
0.97447 0.30366
0.97497 0.30387
0.97548 0.30408
0.97598 0.30429
0.97648 0.3045
0.97698 0.30471
0.97748 0.30493
0.97798 0.30515
0.97848 0.30537
0.97898 0.30559
0.97948 0.30581
0.97998 0.30604
0.98048 0.30627
0.98098 0.3065
0.98148 0.30673
0.98198 0.30696
0.98248 0.3072
0.98298 0.30744
0.98348 0.30768
0.98398 0.30792
0.98448 0.30816
0.98498 0.30841
0.98549 0.30866
0.98599 0.30891
0.98649 0.30917
0.98699 0.30943
0.98749 0.30969
0.98799 0.30995
0.98849 0.31021
0.98899 0.31048
0.98949 0.31075
0.98999 0.31103
0.99049 0.3113
0.99099 0.31158
0.99149 0.31187
0.99199 0.31215
0.99249 0.31244
0.99299 0.31273
0.99349 0.31303
0.99399 0.31332
0.99449 0.31362
0.99499 0.31393
0.9955 0.31424
0.996 0.31455
0.9965 0.31486
0.997 0.31518
0.9975 0.3155
0.998 0.31582
0.9985 0.31615
0.999 0.31648
0.9995 0.31682
1 0.31716
