time energy 
0 0.45951
0.0005005 0.45991
0.001001 0.4603
0.0015015 0.4607
0.002002 0.4611
0.0025025 0.46149
0.003003 0.46188
0.0035035 0.46227
0.004004 0.46267
0.0045045 0.46305
0.005005 0.46344
0.0055055 0.46383
0.006006 0.46422
0.0065065 0.4646
0.007007 0.46498
0.0075075 0.46537
0.008008 0.46575
0.0085085 0.46613
0.009009 0.4665
0.0095095 0.46688
0.01001 0.46725
0.010511 0.46763
0.011011 0.468
0.011512 0.46837
0.012012 0.46874
0.012513 0.4691
0.013013 0.46947
0.013514 0.46983
0.014014 0.4702
0.014515 0.47056
0.015015 0.47092
0.015516 0.47128
0.016016 0.47164
0.016517 0.47199
0.017017 0.47235
0.017518 0.4727
0.018018 0.47305
0.018519 0.4734
0.019019 0.47375
0.01952 0.4741
0.02002 0.47445
0.020521 0.47479
0.021021 0.47514
0.021522 0.47548
0.022022 0.47582
0.022523 0.47616
0.023023 0.4765
0.023524 0.47683
0.024024 0.47717
0.024525 0.4775
0.025025 0.47783
0.025526 0.47816
0.026026 0.47849
0.026527 0.47882
0.027027 0.47914
0.027528 0.47947
0.028028 0.47979
0.028529 0.48011
0.029029 0.48043
0.02953 0.48075
0.03003 0.48107
0.030531 0.48138
0.031031 0.4817
0.031532 0.48201
0.032032 0.48232
0.032533 0.48263
0.033033 0.48294
0.033534 0.48325
0.034034 0.48355
0.034535 0.48386
0.035035 0.48416
0.035536 0.48446
0.036036 0.48476
0.036537 0.48506
0.037037 0.48535
0.037538 0.48565
0.038038 0.48594
0.038539 0.48623
0.039039 0.48652
0.03954 0.48681
0.04004 0.4871
0.040541 0.48738
0.041041 0.48767
0.041542 0.48795
0.042042 0.48823
0.042543 0.48851
0.043043 0.48879
0.043544 0.48907
0.044044 0.48934
0.044545 0.48961
0.045045 0.48989
0.045546 0.49016
0.046046 0.49043
0.046547 0.4907
0.047047 0.49096
0.047548 0.49123
0.048048 0.49149
0.048549 0.49175
0.049049 0.49201
0.04955 0.49227
0.05005 0.49253
0.050551 0.49279
0.051051 0.49304
0.051552 0.4933
0.052052 0.49355
0.052553 0.4938
0.053053 0.49405
0.053554 0.4943
0.054054 0.49454
0.054555 0.49479
0.055055 0.49503
0.055556 0.49527
0.056056 0.49551
0.056557 0.49575
0.057057 0.49599
0.057558 0.49622
0.058058 0.49645
0.058559 0.49669
0.059059 0.49692
0.05956 0.49715
0.06006 0.49738
0.060561 0.4976
0.061061 0.49783
0.061562 0.49805
0.062062 0.49828
0.062563 0.4985
0.063063 0.49872
0.063564 0.49894
0.064064 0.49916
0.064565 0.49938
0.065065 0.49959
0.065566 0.49981
0.066066 0.50002
0.066567 0.50023
0.067067 0.50044
0.067568 0.50065
0.068068 0.50085
0.068569 0.50106
0.069069 0.50126
0.06957 0.50146
0.07007 0.50166
0.070571 0.50186
0.071071 0.50206
0.071572 0.50225
0.072072 0.50245
0.072573 0.50264
0.073073 0.50284
0.073574 0.50303
0.074074 0.50322
0.074575 0.50341
0.075075 0.5036
0.075576 0.50378
0.076076 0.50397
0.076577 0.50416
0.077077 0.50434
0.077578 0.50452
0.078078 0.50471
0.078579 0.50489
0.079079 0.50506
0.07958 0.50524
0.08008 0.50542
0.080581 0.50559
0.081081 0.50576
0.081582 0.50594
0.082082 0.5061
0.082583 0.50627
0.083083 0.50644
0.083584 0.5066
0.084084 0.50677
0.084585 0.50693
0.085085 0.50709
0.085586 0.50725
0.086086 0.50741
0.086587 0.50757
0.087087 0.50773
0.087588 0.50789
0.088088 0.50805
0.088589 0.5082
0.089089 0.50836
0.08959 0.50852
0.09009 0.50867
0.090591 0.50882
0.091091 0.50897
0.091592 0.50912
0.092092 0.50927
0.092593 0.50942
0.093093 0.50957
0.093594 0.50971
0.094094 0.50985
0.094595 0.50999
0.095095 0.51013
0.095596 0.51027
0.096096 0.51041
0.096597 0.51054
0.097097 0.51068
0.097598 0.51081
0.098098 0.51095
0.098599 0.51108
0.099099 0.51121
0.0996 0.51134
0.1001 0.51147
0.1006 0.51161
0.1011 0.51174
0.1016 0.51187
0.1021 0.512
0.1026 0.51213
0.1031 0.51226
0.1036 0.51238
0.1041 0.51251
0.1046 0.51264
0.10511 0.51276
0.10561 0.51288
0.10611 0.513
0.10661 0.51312
0.10711 0.51324
0.10761 0.51336
0.10811 0.51347
0.10861 0.51359
0.10911 0.5137
0.10961 0.51381
0.11011 0.51392
0.11061 0.51403
0.11111 0.51414
0.11161 0.51425
0.11211 0.51436
0.11261 0.51447
0.11311 0.51458
0.11361 0.5147
0.11411 0.51481
0.11461 0.51492
0.11512 0.51503
0.11562 0.51514
0.11612 0.51525
0.11662 0.51536
0.11712 0.51547
0.11762 0.51557
0.11812 0.51568
0.11862 0.51578
0.11912 0.51589
0.11962 0.51599
0.12012 0.51609
0.12062 0.51618
0.12112 0.51628
0.12162 0.51638
0.12212 0.51647
0.12262 0.51657
0.12312 0.51666
0.12362 0.51676
0.12412 0.51685
0.12462 0.51695
0.12513 0.51705
0.12563 0.51714
0.12613 0.51724
0.12663 0.51734
0.12713 0.51744
0.12763 0.51754
0.12813 0.51764
0.12863 0.51774
0.12913 0.51784
0.12963 0.51793
0.13013 0.51803
0.13063 0.51813
0.13113 0.51822
0.13163 0.51832
0.13213 0.51841
0.13263 0.5185
0.13313 0.51859
0.13363 0.51868
0.13413 0.51877
0.13463 0.51886
0.13514 0.51895
0.13564 0.51904
0.13614 0.51913
0.13664 0.51922
0.13714 0.51931
0.13764 0.5194
0.13814 0.51949
0.13864 0.51959
0.13914 0.51968
0.13964 0.51978
0.14014 0.51988
0.14064 0.51998
0.14114 0.52007
0.14164 0.52017
0.14214 0.52027
0.14264 0.52037
0.14314 0.52047
0.14364 0.52056
0.14414 0.52066
0.14464 0.52076
0.14515 0.52085
0.14565 0.52095
0.14615 0.52104
0.14665 0.52114
0.14715 0.52123
0.14765 0.52133
0.14815 0.52143
0.14865 0.52153
0.14915 0.52163
0.14965 0.52173
0.15015 0.52183
0.15065 0.52193
0.15115 0.52204
0.15165 0.52215
0.15215 0.52226
0.15265 0.52237
0.15315 0.52248
0.15365 0.52259
0.15415 0.5227
0.15465 0.52282
0.15516 0.52293
0.15566 0.52305
0.15616 0.52316
0.15666 0.52328
0.15716 0.5234
0.15766 0.52352
0.15816 0.52364
0.15866 0.52376
0.15916 0.52389
0.15966 0.52401
0.16016 0.52414
0.16066 0.52427
0.16116 0.5244
0.16166 0.52454
0.16216 0.52467
0.16266 0.52481
0.16316 0.52495
0.16366 0.52509
0.16416 0.52524
0.16466 0.52538
0.16517 0.52553
0.16567 0.52568
0.16617 0.52584
0.16667 0.52599
0.16717 0.52615
0.16767 0.52632
0.16817 0.52649
0.16867 0.52666
0.16917 0.52683
0.16967 0.52701
0.17017 0.5272
0.17067 0.52739
0.17117 0.52758
0.17167 0.52778
0.17217 0.52798
0.17267 0.52818
0.17317 0.52839
0.17367 0.52861
0.17417 0.52883
0.17467 0.52905
0.17518 0.52928
0.17568 0.52951
0.17618 0.52975
0.17668 0.52999
0.17718 0.53024
0.17768 0.5305
0.17818 0.53076
0.17868 0.53104
0.17918 0.53132
0.17968 0.53161
0.18018 0.53191
0.18068 0.53223
0.18118 0.53255
0.18168 0.53289
0.18218 0.53324
0.18268 0.53361
0.18318 0.53398
0.18368 0.53437
0.18418 0.53478
0.18468 0.5352
0.18519 0.53563
0.18569 0.53608
0.18619 0.53654
0.18669 0.53702
0.18719 0.53752
0.18769 0.53804
0.18819 0.53858
0.18869 0.53914
0.18919 0.53973
0.18969 0.54035
0.19019 0.541
0.19069 0.54168
0.19119 0.5424
0.19169 0.54315
0.19219 0.54395
0.19269 0.5448
0.19319 0.54569
0.19369 0.54663
0.19419 0.54763
0.19469 0.54868
0.1952 0.54979
0.1957 0.55097
0.1962 0.55221
0.1967 0.55353
0.1972 0.55492
0.1977 0.55639
0.1982 0.55794
0.1987 0.55959
0.1992 0.56133
0.1997 0.56318
0.2002 0.56513
0.2007 0.5672
0.2012 0.56939
0.2017 0.5717
0.2022 0.57415
0.2027 0.57673
0.2032 0.57946
0.2037 0.58233
0.2042 0.58535
0.2047 0.58851
0.20521 0.59182
0.20571 0.59527
0.20621 0.59887
0.20671 0.60259
0.20721 0.60645
0.20771 0.61042
0.20821 0.61451
0.20871 0.61868
0.20921 0.62295
0.20971 0.62728
0.21021 0.63167
0.21071 0.63609
0.21121 0.64054
0.21171 0.645
0.21221 0.64945
0.21271 0.65388
0.21321 0.65826
0.21371 0.6626
0.21421 0.66686
0.21471 0.67105
0.21522 0.67514
0.21572 0.67914
0.21622 0.68302
0.21672 0.68679
0.21722 0.69043
0.21772 0.69395
0.21822 0.69733
0.21872 0.70059
0.21922 0.70371
0.21972 0.70671
0.22022 0.70957
0.22072 0.71231
0.22122 0.71492
0.22172 0.71742
0.22222 0.7198
0.22272 0.72207
0.22322 0.72424
0.22372 0.72631
0.22422 0.72829
0.22472 0.73018
0.22523 0.73198
0.22573 0.73371
0.22623 0.73535
0.22673 0.73693
0.22723 0.73843
0.22773 0.73987
0.22823 0.74125
0.22873 0.74257
0.22923 0.74383
0.22973 0.74504
0.23023 0.7462
0.23073 0.74731
0.23123 0.74838
0.23173 0.7494
0.23223 0.75038
0.23273 0.75132
0.23323 0.75223
0.23373 0.7531
0.23423 0.75395
0.23473 0.75476
0.23524 0.75554
0.23574 0.7563
0.23624 0.75704
0.23674 0.75775
0.23724 0.75843
0.23774 0.75909
0.23824 0.75973
0.23874 0.76035
0.23924 0.76095
0.23974 0.76152
0.24024 0.76208
0.24074 0.76261
0.24124 0.76313
0.24174 0.76363
0.24224 0.76411
0.24274 0.76457
0.24324 0.76502
0.24374 0.76546
0.24424 0.76588
0.24474 0.76628
0.24525 0.76668
0.24575 0.76706
0.24625 0.76743
0.24675 0.76779
0.24725 0.76813
0.24775 0.76847
0.24825 0.76879
0.24875 0.7691
0.24925 0.7694
0.24975 0.76969
0.25025 0.76996
0.25075 0.77023
0.25125 0.77048
0.25175 0.77072
0.25225 0.77095
0.25275 0.77117
0.25325 0.77139
0.25375 0.77159
0.25425 0.77178
0.25475 0.77197
0.25526 0.77215
0.25576 0.77232
0.25626 0.77248
0.25676 0.77264
0.25726 0.77278
0.25776 0.77292
0.25826 0.77306
0.25876 0.77318
0.25926 0.7733
0.25976 0.7734
0.26026 0.7735
0.26076 0.77359
0.26126 0.77368
0.26176 0.77375
0.26226 0.77382
0.26276 0.77388
0.26326 0.77393
0.26376 0.77398
0.26426 0.77402
0.26476 0.77406
0.26527 0.77409
0.26577 0.77411
0.26627 0.77413
0.26677 0.77414
0.26727 0.77415
0.26777 0.77415
0.26827 0.77415
0.26877 0.77414
0.26927 0.77412
0.26977 0.7741
0.27027 0.77406
0.27077 0.77403
0.27127 0.77398
0.27177 0.77394
0.27227 0.77388
0.27277 0.77382
0.27327 0.77375
0.27377 0.77368
0.27427 0.77361
0.27477 0.77353
0.27528 0.77345
0.27578 0.77336
0.27628 0.77327
0.27678 0.77317
0.27728 0.77307
0.27778 0.77296
0.27828 0.77285
0.27878 0.77273
0.27928 0.77261
0.27978 0.77248
0.28028 0.77235
0.28078 0.77221
0.28128 0.77207
0.28178 0.77192
0.28228 0.77177
0.28278 0.77161
0.28328 0.77145
0.28378 0.77128
0.28428 0.77111
0.28478 0.77094
0.28529 0.77077
0.28579 0.77059
0.28629 0.77041
0.28679 0.77022
0.28729 0.77003
0.28779 0.76984
0.28829 0.76964
0.28879 0.76944
0.28929 0.76923
0.28979 0.76902
0.29029 0.7688
0.29079 0.76858
0.29129 0.76835
0.29179 0.76812
0.29229 0.76788
0.29279 0.76764
0.29329 0.7674
0.29379 0.76716
0.29429 0.76691
0.29479 0.76666
0.2953 0.76641
0.2958 0.76616
0.2963 0.76591
0.2968 0.76565
0.2973 0.76539
0.2978 0.76512
0.2983 0.76485
0.2988 0.76457
0.2993 0.76429
0.2998 0.76401
0.3003 0.76372
0.3008 0.76343
0.3013 0.76313
0.3018 0.76283
0.3023 0.76252
0.3028 0.76221
0.3033 0.7619
0.3038 0.76159
0.3043 0.76128
0.3048 0.76096
0.30531 0.76065
0.30581 0.76033
0.30631 0.76001
0.30681 0.75969
0.30731 0.75937
0.30781 0.75904
0.30831 0.75871
0.30881 0.75837
0.30931 0.75803
0.30981 0.75769
0.31031 0.75734
0.31081 0.75698
0.31131 0.75663
0.31181 0.75626
0.31231 0.7559
0.31281 0.75553
0.31331 0.75516
0.31381 0.75479
0.31431 0.75442
0.31481 0.75405
0.31532 0.75368
0.31582 0.75331
0.31632 0.75293
0.31682 0.75256
0.31732 0.75218
0.31782 0.7518
0.31832 0.75141
0.31882 0.75102
0.31932 0.75063
0.31982 0.75023
0.32032 0.74983
0.32082 0.74943
0.32132 0.74902
0.32182 0.74861
0.32232 0.74819
0.32282 0.74778
0.32332 0.74736
0.32382 0.74694
0.32432 0.74652
0.32482 0.7461
0.32533 0.74568
0.32583 0.74525
0.32633 0.74483
0.32683 0.74441
0.32733 0.74398
0.32783 0.74355
0.32833 0.74312
0.32883 0.74268
0.32933 0.74225
0.32983 0.7418
0.33033 0.74136
0.33083 0.74091
0.33133 0.74046
0.33183 0.74
0.33233 0.73955
0.33283 0.73909
0.33333 0.73863
0.33383 0.73816
0.33433 0.7377
0.33483 0.73724
0.33534 0.73677
0.33584 0.73631
0.33634 0.73584
0.33684 0.73538
0.33734 0.73491
0.33784 0.73444
0.33834 0.73396
0.33884 0.73349
0.33934 0.73301
0.33984 0.73253
0.34034 0.73204
0.34084 0.73156
0.34134 0.73107
0.34184 0.73058
0.34234 0.73008
0.34284 0.72959
0.34334 0.72909
0.34384 0.72859
0.34434 0.72809
0.34484 0.72759
0.34535 0.72709
0.34585 0.72659
0.34635 0.72609
0.34685 0.72558
0.34735 0.72508
0.34785 0.72457
0.34835 0.72406
0.34885 0.72355
0.34935 0.72303
0.34985 0.72252
0.35035 0.722
0.35085 0.72148
0.35135 0.72096
0.35185 0.72044
0.35235 0.71991
0.35285 0.71939
0.35335 0.71886
0.35385 0.71833
0.35435 0.7178
0.35485 0.71727
0.35536 0.71674
0.35586 0.71621
0.35636 0.71567
0.35686 0.71513
0.35736 0.71459
0.35786 0.71405
0.35836 0.71351
0.35886 0.71296
0.35936 0.71242
0.35986 0.71187
0.36036 0.71132
0.36086 0.71077
0.36136 0.71022
0.36186 0.70967
0.36236 0.70912
0.36286 0.70857
0.36336 0.70802
0.36386 0.70747
0.36436 0.70692
0.36486 0.70636
0.36537 0.70581
0.36587 0.70525
0.36637 0.70469
0.36687 0.70412
0.36737 0.70356
0.36787 0.70299
0.36837 0.70242
0.36887 0.70184
0.36937 0.70127
0.36987 0.70069
0.37037 0.70012
0.37087 0.69954
0.37137 0.69896
0.37187 0.69839
0.37237 0.69781
0.37287 0.69723
0.37337 0.69666
0.37387 0.69609
0.37437 0.69551
0.37487 0.69494
0.37538 0.69436
0.37588 0.69378
0.37638 0.6932
0.37688 0.69262
0.37738 0.69204
0.37788 0.69145
0.37838 0.69086
0.37888 0.69026
0.37938 0.68967
0.37988 0.68907
0.38038 0.68847
0.38088 0.68787
0.38138 0.68727
0.38188 0.68667
0.38238 0.68607
0.38288 0.68547
0.38338 0.68488
0.38388 0.68428
0.38438 0.68369
0.38488 0.6831
0.38539 0.6825
0.38589 0.68191
0.38639 0.68131
0.38689 0.68071
0.38739 0.68011
0.38789 0.67951
0.38839 0.67891
0.38889 0.6783
0.38939 0.67769
0.38989 0.67707
0.39039 0.67646
0.39089 0.67584
0.39139 0.67522
0.39189 0.6746
0.39239 0.67399
0.39289 0.67337
0.39339 0.67276
0.39389 0.67214
0.39439 0.67153
0.39489 0.67092
0.3954 0.67031
0.3959 0.6697
0.3964 0.66909
0.3969 0.66848
0.3974 0.66787
0.3979 0.66726
0.3984 0.66665
0.3989 0.66603
0.3994 0.66541
0.3999 0.66479
0.4004 0.66416
0.4009 0.66354
0.4014 0.66291
0.4019 0.66228
0.4024 0.66165
0.4029 0.66102
0.4034 0.66039
0.4039 0.65976
0.4044 0.65913
0.4049 0.65851
0.40541 0.65788
0.40591 0.65726
0.40641 0.65664
0.40691 0.65602
0.40741 0.65541
0.40791 0.65479
0.40841 0.65417
0.40891 0.65355
0.40941 0.65292
0.40991 0.6523
0.41041 0.65167
0.41091 0.65104
0.41141 0.6504
0.41191 0.64977
0.41241 0.64913
0.41291 0.6485
0.41341 0.64786
0.41391 0.64723
0.41441 0.64659
0.41491 0.64596
0.41542 0.64533
0.41592 0.6447
0.41642 0.64407
0.41692 0.64344
0.41742 0.64282
0.41792 0.64219
0.41842 0.64157
0.41892 0.64094
0.41942 0.64031
0.41992 0.63969
0.42042 0.63906
0.42092 0.63843
0.42142 0.6378
0.42192 0.63716
0.42242 0.63653
0.42292 0.63589
0.42342 0.63526
0.42392 0.63462
0.42442 0.63399
0.42492 0.63335
0.42543 0.63271
0.42593 0.63208
0.42643 0.63144
0.42693 0.63081
0.42743 0.63018
0.42793 0.62954
0.42843 0.62891
0.42893 0.62827
0.42943 0.62764
0.42993 0.62701
0.43043 0.62637
0.43093 0.62574
0.43143 0.6251
0.43193 0.62447
0.43243 0.62383
0.43293 0.62319
0.43343 0.62255
0.43393 0.62191
0.43443 0.62127
0.43493 0.62062
0.43544 0.61998
0.43594 0.61933
0.43644 0.61868
0.43694 0.61802
0.43744 0.61737
0.43794 0.61671
0.43844 0.61605
0.43894 0.61539
0.43944 0.61473
0.43994 0.61407
0.44044 0.61341
0.44094 0.61275
0.44144 0.61209
0.44194 0.61143
0.44244 0.61077
0.44294 0.61011
0.44344 0.60945
0.44394 0.60878
0.44444 0.60811
0.44494 0.60744
0.44545 0.60676
0.44595 0.60608
0.44645 0.6054
0.44695 0.60471
0.44745 0.60401
0.44795 0.60332
0.44845 0.60262
0.44895 0.60193
0.44945 0.60123
0.44995 0.60053
0.45045 0.59983
0.45095 0.59914
0.45145 0.59844
0.45195 0.59775
0.45245 0.59706
0.45295 0.59636
0.45345 0.59567
0.45395 0.59497
0.45445 0.59428
0.45495 0.59358
0.45546 0.59287
0.45596 0.59216
0.45646 0.59145
0.45696 0.59074
0.45746 0.59002
0.45796 0.5893
0.45846 0.58859
0.45896 0.58787
0.45946 0.58715
0.45996 0.58643
0.46046 0.58572
0.46096 0.585
0.46146 0.58429
0.46196 0.58358
0.46246 0.58287
0.46296 0.58217
0.46346 0.58146
0.46396 0.58075
0.46446 0.58004
0.46496 0.57933
0.46547 0.57862
0.46597 0.57791
0.46647 0.57719
0.46697 0.57647
0.46747 0.57576
0.46797 0.57504
0.46847 0.57432
0.46897 0.5736
0.46947 0.57289
0.46997 0.57217
0.47047 0.57146
0.47097 0.57075
0.47147 0.57004
0.47197 0.56933
0.47247 0.56862
0.47297 0.56792
0.47347 0.56721
0.47397 0.5665
0.47447 0.5658
0.47497 0.56509
0.47548 0.56438
0.47598 0.56367
0.47648 0.56296
0.47698 0.56225
0.47748 0.56154
0.47798 0.56083
0.47848 0.56013
0.47898 0.55942
0.47948 0.55871
0.47998 0.55801
0.48048 0.55731
0.48098 0.5566
0.48148 0.5559
0.48198 0.5552
0.48248 0.5545
0.48298 0.55381
0.48348 0.55311
0.48398 0.55241
0.48448 0.55171
0.48498 0.55101
0.48549 0.55031
0.48599 0.54961
0.48649 0.54891
0.48699 0.54821
0.48749 0.54751
0.48799 0.54681
0.48849 0.54611
0.48899 0.54541
0.48949 0.54472
0.48999 0.54402
0.49049 0.54333
0.49099 0.54264
0.49149 0.54195
0.49199 0.54126
0.49249 0.54057
0.49299 0.53988
0.49349 0.5392
0.49399 0.53851
0.49449 0.53782
0.49499 0.53713
0.4955 0.53644
0.496 0.53576
0.4965 0.53507
0.497 0.53438
0.4975 0.53368
0.498 0.53299
0.4985 0.5323
0.499 0.53162
0.4995 0.53093
0.5 0.53024
0.5005 0.52956
0.501 0.52888
0.5015 0.5282
0.502 0.52752
0.5025 0.52684
0.503 0.52617
0.5035 0.52549
0.504 0.52482
0.5045 0.52415
0.50501 0.52347
0.50551 0.5228
0.50601 0.52212
0.50651 0.52144
0.50701 0.52076
0.50751 0.52008
0.50801 0.5194
0.50851 0.51872
0.50901 0.51804
0.50951 0.51736
0.51001 0.51668
0.51051 0.51601
0.51101 0.51534
0.51151 0.51467
0.51201 0.51401
0.51251 0.51334
0.51301 0.51268
0.51351 0.51202
0.51401 0.51137
0.51451 0.51071
0.51502 0.51004
0.51552 0.50938
0.51602 0.50871
0.51652 0.50805
0.51702 0.50738
0.51752 0.50671
0.51802 0.50603
0.51852 0.50536
0.51902 0.5047
0.51952 0.50403
0.52002 0.50337
0.52052 0.50271
0.52102 0.50205
0.52152 0.5014
0.52202 0.50075
0.52252 0.5001
0.52302 0.49945
0.52352 0.49881
0.52402 0.49816
0.52452 0.49751
0.52503 0.49686
0.52553 0.49621
0.52603 0.49555
0.52653 0.4949
0.52703 0.49424
0.52753 0.49359
0.52803 0.49293
0.52853 0.49228
0.52903 0.49163
0.52953 0.49098
0.53003 0.49033
0.53053 0.48969
0.53103 0.48905
0.53153 0.48841
0.53203 0.48777
0.53253 0.48714
0.53303 0.4865
0.53353 0.48587
0.53403 0.48523
0.53453 0.48459
0.53504 0.48395
0.53554 0.48331
0.53604 0.48267
0.53654 0.48203
0.53704 0.48139
0.53754 0.48075
0.53804 0.48012
0.53854 0.47948
0.53904 0.47885
0.53954 0.47822
0.54004 0.4776
0.54054 0.47697
0.54104 0.47635
0.54154 0.47572
0.54204 0.4751
0.54254 0.47448
0.54304 0.47385
0.54354 0.47323
0.54404 0.47261
0.54454 0.47198
0.54505 0.47136
0.54555 0.47073
0.54605 0.47011
0.54655 0.46949
0.54705 0.46887
0.54755 0.46825
0.54805 0.46763
0.54855 0.46702
0.54905 0.4664
0.54955 0.46579
0.55005 0.46518
0.55055 0.46458
0.55105 0.46397
0.55155 0.46336
0.55205 0.46276
0.55255 0.46215
0.55305 0.46154
0.55355 0.46093
0.55405 0.46033
0.55455 0.45972
0.55506 0.45911
0.55556 0.45851
0.55606 0.45791
0.55656 0.4573
0.55706 0.4567
0.55756 0.4561
0.55806 0.4555
0.55856 0.45491
0.55906 0.45431
0.55956 0.45372
0.56006 0.45313
0.56056 0.45254
0.56106 0.45195
0.56156 0.45137
0.56206 0.45078
0.56256 0.45019
0.56306 0.4496
0.56356 0.44902
0.56406 0.44843
0.56456 0.44784
0.56507 0.44726
0.56557 0.44667
0.56607 0.44608
0.56657 0.4455
0.56707 0.44492
0.56757 0.44434
0.56807 0.44376
0.56857 0.44319
0.56907 0.44262
0.56957 0.44205
0.57007 0.44148
0.57057 0.44091
0.57107 0.44034
0.57157 0.43978
0.57207 0.43921
0.57257 0.43864
0.57307 0.43808
0.57357 0.43751
0.57407 0.43694
0.57457 0.43637
0.57508 0.43581
0.57558 0.43524
0.57608 0.43468
0.57658 0.43412
0.57708 0.43356
0.57758 0.43301
0.57808 0.43245
0.57858 0.43191
0.57908 0.43136
0.57958 0.43081
0.58008 0.43027
0.58058 0.42972
0.58108 0.42918
0.58158 0.42863
0.58208 0.42809
0.58258 0.42754
0.58308 0.42699
0.58358 0.42644
0.58408 0.4259
0.58458 0.42535
0.58509 0.42481
0.58559 0.42427
0.58609 0.42374
0.58659 0.4232
0.58709 0.42267
0.58759 0.42215
0.58809 0.42162
0.58859 0.4211
0.58909 0.42058
0.58959 0.42006
0.59009 0.41953
0.59059 0.41901
0.59109 0.41848
0.59159 0.41796
0.59209 0.41743
0.59259 0.41691
0.59309 0.41638
0.59359 0.41586
0.59409 0.41534
0.59459 0.41483
0.5951 0.41432
0.5956 0.41381
0.5961 0.4133
0.5966 0.4128
0.5971 0.4123
0.5976 0.4118
0.5981 0.4113
0.5986 0.4108
0.5991 0.4103
0.5996 0.4098
0.6001 0.4093
0.6006 0.40879
0.6011 0.40829
0.6016 0.40779
0.6021 0.40729
0.6026 0.4068
0.6031 0.40631
0.6036 0.40582
0.6041 0.40533
0.6046 0.40485
0.60511 0.40438
0.60561 0.4039
0.60611 0.40342
0.60661 0.40295
0.60711 0.40247
0.60761 0.402
0.60811 0.40152
0.60861 0.40104
0.60911 0.40056
0.60961 0.40008
0.61011 0.3996
0.61061 0.39913
0.61111 0.39866
0.61161 0.39819
0.61211 0.39773
0.61261 0.39728
0.61311 0.39682
0.61361 0.39637
0.61411 0.39592
0.61461 0.39547
0.61512 0.39502
0.61562 0.39457
0.61612 0.39412
0.61662 0.39366
0.61712 0.39321
0.61762 0.39276
0.61812 0.3923
0.61862 0.39185
0.61912 0.39141
0.61962 0.39096
0.62012 0.39052
0.62062 0.39009
0.62112 0.38966
0.62162 0.38923
0.62212 0.38881
0.62262 0.38838
0.62312 0.38796
0.62362 0.38754
0.62412 0.38711
0.62462 0.38669
0.62513 0.38626
0.62563 0.38584
0.62613 0.38541
0.62663 0.38499
0.62713 0.38457
0.62763 0.38415
0.62813 0.38373
0.62863 0.38332
0.62913 0.38292
0.62963 0.38251
0.63013 0.38212
0.63063 0.38172
0.63113 0.38132
0.63163 0.38093
0.63213 0.38054
0.63263 0.38014
0.63313 0.37974
0.63363 0.37935
0.63413 0.37895
0.63463 0.37856
0.63514 0.37816
0.63564 0.37777
0.63614 0.37738
0.63664 0.377
0.63714 0.37662
0.63764 0.37625
0.63814 0.37587
0.63864 0.3755
0.63914 0.37514
0.63964 0.37477
0.64014 0.37441
0.64064 0.37404
0.64114 0.37368
0.64164 0.37331
0.64214 0.37295
0.64264 0.37258
0.64314 0.37222
0.64364 0.37186
0.64414 0.3715
0.64464 0.37115
0.64515 0.3708
0.64565 0.37045
0.64615 0.37011
0.64665 0.36977
0.64715 0.36943
0.64765 0.36909
0.64815 0.36876
0.64865 0.36842
0.64915 0.36809
0.64965 0.36775
0.65015 0.36742
0.65065 0.36709
0.65115 0.36676
0.65165 0.36643
0.65215 0.3661
0.65265 0.36578
0.65315 0.36546
0.65365 0.36515
0.65415 0.36484
0.65465 0.36453
0.65516 0.36422
0.65566 0.36392
0.65616 0.36361
0.65666 0.36331
0.65716 0.36301
0.65766 0.36271
0.65816 0.36241
0.65866 0.36211
0.65916 0.36181
0.65966 0.36152
0.66016 0.36122
0.66066 0.36094
0.66116 0.36065
0.66166 0.36037
0.66216 0.36009
0.66266 0.35982
0.66316 0.35954
0.66366 0.35927
0.66416 0.359
0.66466 0.35873
0.66517 0.35847
0.66567 0.3582
0.66617 0.35793
0.66667 0.35767
0.66717 0.35741
0.66767 0.35715
0.66817 0.35689
0.66867 0.35664
0.66917 0.35639
0.66967 0.35614
0.67017 0.3559
0.67067 0.35566
0.67117 0.35542
0.67167 0.35519
0.67217 0.35495
0.67267 0.35472
0.67317 0.35449
0.67367 0.35426
0.67417 0.35403
0.67467 0.3538
0.67518 0.35358
0.67568 0.35335
0.67618 0.35313
0.67668 0.35292
0.67718 0.3527
0.67768 0.3525
0.67818 0.35229
0.67868 0.35209
0.67918 0.35189
0.67968 0.35169
0.68018 0.35149
0.68068 0.3513
0.68118 0.3511
0.68168 0.35091
0.68218 0.35072
0.68268 0.35053
0.68318 0.35035
0.68368 0.35016
0.68418 0.34998
0.68468 0.34981
0.68519 0.34963
0.68569 0.34946
0.68619 0.3493
0.68669 0.34913
0.68719 0.34897
0.68769 0.34881
0.68819 0.34865
0.68869 0.3485
0.68919 0.34834
0.68969 0.34819
0.69019 0.34804
0.69069 0.3479
0.69119 0.34775
0.69169 0.34761
0.69219 0.34747
0.69269 0.34734
0.69319 0.3472
0.69369 0.34707
0.69419 0.34695
0.69469 0.34682
0.6952 0.3467
0.6957 0.34658
0.6962 0.34647
0.6967 0.34635
0.6972 0.34624
0.6977 0.34613
0.6982 0.34602
0.6987 0.34592
0.6992 0.34582
0.6997 0.34572
0.7002 0.34563
0.7007 0.34554
0.7012 0.34545
0.7017 0.34536
0.7022 0.34528
0.7027 0.3452
0.7032 0.34512
0.7037 0.34504
0.7042 0.34497
0.7047 0.3449
0.70521 0.34483
0.70571 0.34476
0.70621 0.3447
0.70671 0.34464
0.70721 0.34458
0.70771 0.34453
0.70821 0.34448
0.70871 0.34444
0.70921 0.3444
0.70971 0.34436
0.71021 0.34432
0.71071 0.34428
0.71121 0.34425
0.71171 0.34422
0.71221 0.34419
0.71271 0.34416
0.71321 0.34414
0.71371 0.34412
0.71421 0.3441
0.71471 0.34409
0.71522 0.34408
0.71572 0.34407
0.71622 0.34407
0.71672 0.34408
0.71722 0.34408
0.71772 0.34409
0.71822 0.3441
0.71872 0.34411
0.71922 0.34413
0.71972 0.34414
0.72022 0.34416
0.72072 0.34418
0.72122 0.34421
0.72172 0.34423
0.72222 0.34426
0.72272 0.3443
0.72322 0.34434
0.72372 0.34438
0.72422 0.34443
0.72472 0.34449
0.72523 0.34454
0.72573 0.3446
0.72623 0.34466
0.72673 0.34472
0.72723 0.34478
0.72773 0.34485
0.72823 0.34492
0.72873 0.34499
0.72923 0.34506
0.72973 0.34514
0.73023 0.34522
0.73073 0.34531
0.73123 0.3454
0.73173 0.3455
0.73223 0.3456
0.73273 0.3457
0.73323 0.34581
0.73373 0.34592
0.73423 0.34603
0.73473 0.34614
0.73524 0.34625
0.73574 0.34637
0.73624 0.34649
0.73674 0.34661
0.73724 0.34674
0.73774 0.34687
0.73824 0.34701
0.73874 0.34715
0.73924 0.34729
0.73974 0.34745
0.74024 0.3476
0.74074 0.34776
0.74124 0.34791
0.74174 0.34807
0.74224 0.34824
0.74274 0.3484
0.74324 0.34856
0.74374 0.34873
0.74424 0.3489
0.74474 0.34908
0.74525 0.34926
0.74575 0.34945
0.74625 0.34964
0.74675 0.34984
0.74725 0.35005
0.74775 0.35025
0.74825 0.35046
0.74875 0.35068
0.74925 0.35089
0.74975 0.3511
0.75025 0.35132
0.75075 0.35153
0.75125 0.35175
0.75175 0.35197
0.75225 0.3522
0.75275 0.35243
0.75325 0.35267
0.75375 0.35292
0.75425 0.35317
0.75475 0.35343
0.75526 0.35369
0.75576 0.35395
0.75626 0.35422
0.75676 0.35449
0.75726 0.35476
0.75776 0.35503
0.75826 0.35529
0.75876 0.35556
0.75926 0.35584
0.75976 0.35611
0.76026 0.3564
0.76076 0.35669
0.76126 0.35699
0.76176 0.35729
0.76226 0.3576
0.76276 0.35792
0.76326 0.35824
0.76376 0.35857
0.76426 0.35889
0.76476 0.35921
0.76527 0.35954
0.76577 0.35986
0.76627 0.36018
0.76677 0.36051
0.76727 0.36084
0.76777 0.36117
0.76827 0.36152
0.76877 0.36187
0.76927 0.36222
0.76977 0.36259
0.77027 0.36297
0.77077 0.36334
0.77127 0.36372
0.77177 0.36411
0.77227 0.36449
0.77277 0.36486
0.77327 0.36524
0.77377 0.36561
0.77427 0.36599
0.77477 0.36637
0.77528 0.36676
0.77578 0.36715
0.77628 0.36755
0.77678 0.36796
0.77728 0.36839
0.77778 0.36882
0.77828 0.36925
0.77878 0.36969
0.77928 0.37012
0.77978 0.37056
0.78028 0.37098
0.78078 0.37141
0.78128 0.37183
0.78178 0.37224
0.78228 0.37266
0.78278 0.37308
0.78328 0.37351
0.78378 0.37395
0.78428 0.3744
0.78478 0.37486
0.78529 0.37531
0.78579 0.37577
0.78629 0.37621
0.78679 0.37663
0.78729 0.37702
0.78779 0.37738
0.78829 0.37768
0.78879 0.37793
0.78929 0.37812
0.78979 0.37822
0.79029 0.37824
0.79079 0.37813
0.79129 0.37788
0.79179 0.37746
0.79229 0.37681
0.79279 0.3759
0.79329 0.37468
0.79379 0.37311
0.79429 0.37113
0.79479 0.36874
0.7953 0.36591
0.7958 0.36266
0.7963 0.35902
0.7968 0.35505
0.7973 0.3508
0.7978 0.34638
0.7983 0.34186
0.7988 0.33734
0.7993 0.33291
0.7998 0.32864
0.8003 0.32458
0.8008 0.3208
0.8013 0.31732
0.8018 0.31415
0.8023 0.31131
0.8028 0.30879
0.8033 0.30657
0.8038 0.30464
0.8043 0.30297
0.8048 0.30155
0.80531 0.30035
0.80581 0.29935
0.80631 0.29852
0.80681 0.29784
0.80731 0.2973
0.80781 0.29688
0.80831 0.29656
0.80881 0.29633
0.80931 0.29618
0.80981 0.29609
0.81031 0.29607
0.81081 0.29609
0.81131 0.29615
0.81181 0.29624
0.81231 0.29637
0.81281 0.29652
0.81331 0.2967
0.81381 0.29689
0.81431 0.29709
0.81481 0.29731
0.81532 0.29754
0.81582 0.29778
0.81632 0.29802
0.81682 0.29828
0.81732 0.29853
0.81782 0.2988
0.81832 0.29906
0.81882 0.29933
0.81932 0.2996
0.81982 0.29988
0.82032 0.30016
0.82082 0.30044
0.82132 0.30073
0.82182 0.30102
0.82232 0.30131
0.82282 0.3016
0.82332 0.3019
0.82382 0.3022
0.82432 0.30251
0.82482 0.30281
0.82533 0.30312
0.82583 0.30344
0.82633 0.30375
0.82683 0.30407
0.82733 0.30439
0.82783 0.30472
0.82833 0.30504
0.82883 0.30537
0.82933 0.3057
0.82983 0.30603
0.83033 0.30636
0.83083 0.30669
0.83133 0.30702
0.83183 0.30736
0.83233 0.30769
0.83283 0.30803
0.83333 0.30836
0.83383 0.3087
0.83433 0.30904
0.83483 0.30938
0.83534 0.30972
0.83584 0.31006
0.83634 0.3104
0.83684 0.31075
0.83734 0.31109
0.83784 0.31144
0.83834 0.31179
0.83884 0.31214
0.83934 0.3125
0.83984 0.31285
0.84034 0.31321
0.84084 0.31357
0.84134 0.31393
0.84184 0.31429
0.84234 0.31466
0.84284 0.31502
0.84334 0.31539
0.84384 0.31576
0.84434 0.31614
0.84484 0.31651
0.84535 0.31689
0.84585 0.31726
0.84635 0.31764
0.84685 0.31802
0.84735 0.3184
0.84785 0.31878
0.84835 0.31916
0.84885 0.31954
0.84935 0.31993
0.84985 0.32031
0.85035 0.3207
0.85085 0.32108
0.85135 0.32147
0.85185 0.32186
0.85235 0.32225
0.85285 0.32264
0.85335 0.32303
0.85385 0.32342
0.85435 0.32381
0.85485 0.32421
0.85536 0.32461
0.85586 0.32501
0.85636 0.32541
0.85686 0.32581
0.85736 0.32621
0.85786 0.32662
0.85836 0.32702
0.85886 0.32743
0.85936 0.32784
0.85986 0.32826
0.86036 0.32867
0.86086 0.32908
0.86136 0.3295
0.86186 0.32992
0.86236 0.33033
0.86286 0.33075
0.86336 0.33117
0.86386 0.33159
0.86436 0.33201
0.86486 0.33244
0.86537 0.33286
0.86587 0.33328
0.86637 0.33371
0.86687 0.33413
0.86737 0.33456
0.86787 0.33498
0.86837 0.33541
0.86887 0.33584
0.86937 0.33627
0.86987 0.3367
0.87037 0.33713
0.87087 0.33756
0.87137 0.338
0.87187 0.33843
0.87237 0.33887
0.87287 0.33931
0.87337 0.33975
0.87387 0.34019
0.87437 0.34063
0.87487 0.34108
0.87538 0.34152
0.87588 0.34197
0.87638 0.34241
0.87688 0.34286
0.87738 0.34331
0.87788 0.34376
0.87838 0.34421
0.87888 0.34467
0.87938 0.34512
0.87988 0.34557
0.88038 0.34602
0.88088 0.34648
0.88138 0.34693
0.88188 0.34739
0.88238 0.34785
0.88288 0.3483
0.88338 0.34876
0.88388 0.34922
0.88438 0.34968
0.88488 0.35013
0.88539 0.35059
0.88589 0.35106
0.88639 0.35152
0.88689 0.35198
0.88739 0.35244
0.88789 0.35291
0.88839 0.35338
0.88889 0.35384
0.88939 0.35431
0.88989 0.35478
0.89039 0.35525
0.89089 0.35572
0.89139 0.35619
0.89189 0.35667
0.89239 0.35714
0.89289 0.35762
0.89339 0.35809
0.89389 0.35857
0.89439 0.35904
0.89489 0.35952
0.8954 0.36
0.8959 0.36048
0.8964 0.36095
0.8969 0.36143
0.8974 0.36191
0.8979 0.36239
0.8984 0.36287
0.8989 0.36335
0.8994 0.36383
0.8999 0.36431
0.9004 0.36479
0.9009 0.36527
0.9014 0.36576
0.9019 0.36624
0.9024 0.36672
0.9029 0.36721
0.9034 0.36769
0.9039 0.36818
0.9044 0.36867
0.9049 0.36915
0.90541 0.36964
0.90591 0.37013
0.90641 0.37062
0.90691 0.37111
0.90741 0.3716
0.90791 0.37209
0.90841 0.37258
0.90891 0.37308
0.90941 0.37357
0.90991 0.37406
0.91041 0.37455
0.91091 0.37505
0.91141 0.37554
0.91191 0.37603
0.91241 0.37653
0.91291 0.37702
0.91341 0.37751
0.91391 0.37801
0.91441 0.3785
0.91491 0.379
0.91542 0.37949
0.91592 0.37999
0.91642 0.38048
0.91692 0.38098
0.91742 0.38147
0.91792 0.38197
0.91842 0.38246
0.91892 0.38296
0.91942 0.38346
0.91992 0.38395
0.92042 0.38445
0.92092 0.38495
0.92142 0.38545
0.92192 0.38595
0.92242 0.38645
0.92292 0.38695
0.92342 0.38745
0.92392 0.38795
0.92442 0.38845
0.92492 0.38895
0.92543 0.38945
0.92593 0.38995
0.92643 0.39045
0.92693 0.39095
0.92743 0.39144
0.92793 0.39194
0.92843 0.39244
0.92893 0.39294
0.92943 0.39344
0.92993 0.39394
0.93043 0.39444
0.93093 0.39493
0.93143 0.39543
0.93193 0.39593
0.93243 0.39643
0.93293 0.39693
0.93343 0.39743
0.93393 0.39793
0.93443 0.39842
0.93493 0.39892
0.93544 0.39942
0.93594 0.39992
0.93644 0.40042
0.93694 0.40092
0.93744 0.40142
0.93794 0.40192
0.93844 0.40242
0.93894 0.40291
0.93944 0.40341
0.93994 0.40391
0.94044 0.40441
0.94094 0.4049
0.94144 0.4054
0.94194 0.4059
0.94244 0.40639
0.94294 0.40689
0.94344 0.40738
0.94394 0.40788
0.94444 0.40837
0.94494 0.40886
0.94545 0.40936
0.94595 0.40985
0.94645 0.41034
0.94695 0.41084
0.94745 0.41133
0.94795 0.41182
0.94845 0.41231
0.94895 0.4128
0.94945 0.41329
0.94995 0.41378
0.95045 0.41428
0.95095 0.41477
0.95145 0.41526
0.95195 0.41575
0.95245 0.41624
0.95295 0.41672
0.95345 0.41721
0.95395 0.4177
0.95445 0.41819
0.95495 0.41867
0.95546 0.41916
0.95596 0.41964
0.95646 0.42013
0.95696 0.42061
0.95746 0.42109
0.95796 0.42158
0.95846 0.42206
0.95896 0.42254
0.95946 0.42302
0.95996 0.4235
0.96046 0.42398
0.96096 0.42445
0.96146 0.42493
0.96196 0.42541
0.96246 0.42589
0.96296 0.42636
0.96346 0.42684
0.96396 0.42731
0.96446 0.42779
0.96496 0.42826
0.96547 0.42874
0.96597 0.42921
0.96647 0.42968
0.96697 0.43015
0.96747 0.43062
0.96797 0.43109
0.96847 0.43156
0.96897 0.43203
0.96947 0.43249
0.96997 0.43296
0.97047 0.43343
0.97097 0.43389
0.97147 0.43435
0.97197 0.43481
0.97247 0.43528
0.97297 0.43573
0.97347 0.43619
0.97397 0.43665
0.97447 0.43711
0.97497 0.43757
0.97548 0.43802
0.97598 0.43848
0.97648 0.43893
0.97698 0.43938
0.97748 0.43984
0.97798 0.44029
0.97848 0.44074
0.97898 0.44119
0.97948 0.44164
0.97998 0.44209
0.98048 0.44254
0.98098 0.44298
0.98148 0.44343
0.98198 0.44387
0.98248 0.44432
0.98298 0.44476
0.98348 0.4452
0.98398 0.44564
0.98448 0.44608
0.98498 0.44651
0.98549 0.44695
0.98599 0.44738
0.98649 0.44782
0.98699 0.44825
0.98749 0.44868
0.98799 0.44911
0.98849 0.44954
0.98899 0.44997
0.98949 0.4504
0.98999 0.45082
0.99049 0.45125
0.99099 0.45167
0.99149 0.45209
0.99199 0.45252
0.99249 0.45294
0.99299 0.45336
0.99349 0.45378
0.99399 0.4542
0.99449 0.45461
0.99499 0.45503
0.9955 0.45544
0.996 0.45585
0.9965 0.45627
0.997 0.45668
0.9975 0.45708
0.998 0.45749
0.9985 0.4579
0.999 0.4583
0.9995 0.4587
1 0.45911
