time energy 
0 0.70722
0.0005005 0.70736
0.001001 0.7075
0.0015015 0.70763
0.002002 0.70777
0.0025025 0.7079
0.003003 0.70803
0.0035035 0.70816
0.004004 0.70829
0.0045045 0.70841
0.005005 0.70853
0.0055055 0.70865
0.006006 0.70877
0.0065065 0.70889
0.007007 0.70901
0.0075075 0.70912
0.008008 0.70923
0.0085085 0.70934
0.009009 0.70945
0.0095095 0.70956
0.01001 0.70966
0.010511 0.70977
0.011011 0.70987
0.011512 0.70997
0.012012 0.71007
0.012513 0.71016
0.013013 0.71026
0.013514 0.71035
0.014014 0.71044
0.014515 0.71053
0.015015 0.71062
0.015516 0.7107
0.016016 0.71079
0.016517 0.71087
0.017017 0.71095
0.017518 0.71103
0.018018 0.71111
0.018519 0.71118
0.019019 0.71126
0.01952 0.71133
0.02002 0.7114
0.020521 0.71147
0.021021 0.71153
0.021522 0.7116
0.022022 0.71166
0.022523 0.71172
0.023023 0.71178
0.023524 0.71184
0.024024 0.7119
0.024525 0.71196
0.025025 0.71201
0.025526 0.71206
0.026026 0.71211
0.026527 0.71216
0.027027 0.71221
0.027528 0.71225
0.028028 0.7123
0.028529 0.71234
0.029029 0.71238
0.02953 0.71242
0.03003 0.71246
0.030531 0.71249
0.031031 0.71252
0.031532 0.71256
0.032032 0.71259
0.032533 0.71262
0.033033 0.71264
0.033534 0.71267
0.034034 0.71269
0.034535 0.71271
0.035035 0.71273
0.035536 0.71275
0.036036 0.71277
0.036537 0.71279
0.037037 0.7128
0.037538 0.71281
0.038038 0.71282
0.038539 0.71283
0.039039 0.71284
0.03954 0.71284
0.04004 0.71285
0.040541 0.71285
0.041041 0.71285
0.041542 0.71284
0.042042 0.71284
0.042543 0.71284
0.043043 0.71283
0.043544 0.71282
0.044044 0.71281
0.044545 0.7128
0.045045 0.71278
0.045546 0.71277
0.046046 0.71275
0.046547 0.71273
0.047047 0.71271
0.047548 0.71269
0.048048 0.71266
0.048549 0.71264
0.049049 0.71261
0.04955 0.71258
0.05005 0.71254
0.050551 0.71251
0.051051 0.71248
0.051552 0.71244
0.052052 0.7124
0.052553 0.71236
0.053053 0.71231
0.053554 0.71227
0.054054 0.71222
0.054555 0.71218
0.055055 0.71213
0.055556 0.71207
0.056056 0.71202
0.056557 0.71196
0.057057 0.71191
0.057558 0.71185
0.058058 0.71179
0.058559 0.71172
0.059059 0.71166
0.05956 0.71159
0.06006 0.71152
0.060561 0.71145
0.061061 0.71138
0.061562 0.71131
0.062062 0.71123
0.062563 0.71115
0.063063 0.71107
0.063564 0.71099
0.064064 0.71091
0.064565 0.71082
0.065065 0.71074
0.065566 0.71065
0.066066 0.71056
0.066567 0.71047
0.067067 0.71037
0.067568 0.71028
0.068068 0.71018
0.068569 0.71008
0.069069 0.70998
0.06957 0.70987
0.07007 0.70977
0.070571 0.70966
0.071071 0.70955
0.071572 0.70944
0.072072 0.70933
0.072573 0.70921
0.073073 0.7091
0.073574 0.70898
0.074074 0.70886
0.074575 0.70873
0.075075 0.70861
0.075576 0.70849
0.076076 0.70836
0.076577 0.70823
0.077077 0.7081
0.077578 0.70796
0.078078 0.70783
0.078579 0.70769
0.079079 0.70755
0.07958 0.70741
0.08008 0.70727
0.080581 0.70713
0.081081 0.70698
0.081582 0.70683
0.082082 0.70668
0.082583 0.70653
0.083083 0.70638
0.083584 0.70622
0.084084 0.70607
0.084585 0.70591
0.085085 0.70575
0.085586 0.70558
0.086086 0.70542
0.086587 0.70525
0.087087 0.70508
0.087588 0.70491
0.088088 0.70474
0.088589 0.70457
0.089089 0.70439
0.08959 0.70422
0.09009 0.70404
0.090591 0.70386
0.091091 0.70367
0.091592 0.70349
0.092092 0.7033
0.092593 0.70312
0.093093 0.70293
0.093594 0.70273
0.094094 0.70254
0.094595 0.70235
0.095095 0.70215
0.095596 0.70195
0.096096 0.70175
0.096597 0.70155
0.097097 0.70134
0.097598 0.70114
0.098098 0.70093
0.098599 0.70072
0.099099 0.70051
0.0996 0.7003
0.1001 0.70008
0.1006 0.69986
0.1011 0.69965
0.1016 0.69943
0.1021 0.6992
0.1026 0.69898
0.1031 0.69875
0.1036 0.69853
0.1041 0.6983
0.1046 0.69807
0.10511 0.69784
0.10561 0.6976
0.10611 0.69737
0.10661 0.69713
0.10711 0.69689
0.10761 0.69665
0.10811 0.69641
0.10861 0.69616
0.10911 0.69592
0.10961 0.69567
0.11011 0.69542
0.11061 0.69517
0.11111 0.69491
0.11161 0.69466
0.11211 0.6944
0.11261 0.69415
0.11311 0.69389
0.11361 0.69362
0.11411 0.69336
0.11461 0.6931
0.11512 0.69283
0.11562 0.69256
0.11612 0.69229
0.11662 0.69202
0.11712 0.69175
0.11762 0.69148
0.11812 0.6912
0.11862 0.69092
0.11912 0.69064
0.11962 0.69036
0.12012 0.69008
0.12062 0.68979
0.12112 0.68951
0.12162 0.68922
0.12212 0.68893
0.12262 0.68864
0.12312 0.68835
0.12362 0.68806
0.12412 0.68776
0.12462 0.68746
0.12513 0.68717
0.12563 0.68687
0.12613 0.68656
0.12663 0.68626
0.12713 0.68596
0.12763 0.68565
0.12813 0.68534
0.12863 0.68503
0.12913 0.68472
0.12963 0.68441
0.13013 0.6841
0.13063 0.68378
0.13113 0.68347
0.13163 0.68315
0.13213 0.68283
0.13263 0.68251
0.13313 0.68219
0.13363 0.68186
0.13413 0.68154
0.13463 0.68121
0.13514 0.68088
0.13564 0.68055
0.13614 0.68022
0.13664 0.67989
0.13714 0.67956
0.13764 0.67922
0.13814 0.67889
0.13864 0.67855
0.13914 0.67821
0.13964 0.67787
0.14014 0.67753
0.14064 0.67718
0.14114 0.67684
0.14164 0.67649
0.14214 0.67615
0.14264 0.6758
0.14314 0.67545
0.14364 0.6751
0.14414 0.67475
0.14464 0.67439
0.14515 0.67404
0.14565 0.67368
0.14615 0.67333
0.14665 0.67297
0.14715 0.67261
0.14765 0.67225
0.14815 0.67189
0.14865 0.67153
0.14915 0.67116
0.14965 0.6708
0.15015 0.67043
0.15065 0.67006
0.15115 0.66969
0.15165 0.66932
0.15215 0.66895
0.15265 0.66858
0.15315 0.66821
0.15365 0.66783
0.15415 0.66746
0.15465 0.66708
0.15516 0.66671
0.15566 0.66633
0.15616 0.66595
0.15666 0.66557
0.15716 0.66519
0.15766 0.6648
0.15816 0.66442
0.15866 0.66404
0.15916 0.66365
0.15966 0.66326
0.16016 0.66288
0.16066 0.66249
0.16116 0.6621
0.16166 0.66171
0.16216 0.66131
0.16266 0.66092
0.16316 0.66053
0.16366 0.66013
0.16416 0.65974
0.16466 0.65934
0.16517 0.65894
0.16567 0.65854
0.16617 0.65814
0.16667 0.65774
0.16717 0.65734
0.16767 0.65693
0.16817 0.65653
0.16867 0.65612
0.16917 0.65571
0.16967 0.65531
0.17017 0.6549
0.17067 0.65449
0.17117 0.65407
0.17167 0.65366
0.17217 0.65325
0.17267 0.65283
0.17317 0.65241
0.17367 0.652
0.17417 0.65158
0.17467 0.65116
0.17518 0.65073
0.17568 0.65031
0.17618 0.64988
0.17668 0.64946
0.17718 0.64903
0.17768 0.6486
0.17818 0.64817
0.17868 0.64773
0.17918 0.6473
0.17968 0.64686
0.18018 0.64642
0.18068 0.64599
0.18118 0.64554
0.18168 0.6451
0.18218 0.64465
0.18268 0.64421
0.18318 0.64376
0.18368 0.64331
0.18418 0.64285
0.18468 0.6424
0.18519 0.64194
0.18569 0.64148
0.18619 0.64102
0.18669 0.64056
0.18719 0.64009
0.18769 0.63962
0.18819 0.63915
0.18869 0.63868
0.18919 0.63821
0.18969 0.63773
0.19019 0.63725
0.19069 0.63677
0.19119 0.63629
0.19169 0.6358
0.19219 0.63532
0.19269 0.63483
0.19319 0.63434
0.19369 0.63384
0.19419 0.63335
0.19469 0.63285
0.1952 0.63235
0.1957 0.63185
0.1962 0.63134
0.1967 0.63084
0.1972 0.63033
0.1977 0.62982
0.1982 0.62931
0.1987 0.6288
0.1992 0.62828
0.1997 0.62777
0.2002 0.62725
0.2007 0.62673
0.2012 0.62621
0.2017 0.62569
0.2022 0.62517
0.2027 0.62465
0.2032 0.62413
0.2037 0.6236
0.2042 0.62308
0.2047 0.62256
0.20521 0.62203
0.20571 0.62151
0.20621 0.62098
0.20671 0.62046
0.20721 0.61993
0.20771 0.61941
0.20821 0.61889
0.20871 0.61837
0.20921 0.61784
0.20971 0.61732
0.21021 0.6168
0.21071 0.61629
0.21121 0.61577
0.21171 0.61525
0.21221 0.61473
0.21271 0.61422
0.21321 0.6137
0.21371 0.61319
0.21421 0.61268
0.21471 0.61217
0.21522 0.61166
0.21572 0.61115
0.21622 0.61064
0.21672 0.61013
0.21722 0.60962
0.21772 0.60911
0.21822 0.6086
0.21872 0.6081
0.21922 0.60759
0.21972 0.60708
0.22022 0.60657
0.22072 0.60607
0.22122 0.60556
0.22172 0.60505
0.22222 0.60454
0.22272 0.60404
0.22322 0.60353
0.22372 0.60302
0.22422 0.60251
0.22472 0.602
0.22523 0.60149
0.22573 0.60097
0.22623 0.60046
0.22673 0.59995
0.22723 0.59943
0.22773 0.59892
0.22823 0.5984
0.22873 0.59789
0.22923 0.59737
0.22973 0.59685
0.23023 0.59633
0.23073 0.59581
0.23123 0.59528
0.23173 0.59476
0.23223 0.59424
0.23273 0.59371
0.23323 0.59318
0.23373 0.59265
0.23423 0.59212
0.23473 0.59159
0.23524 0.59106
0.23574 0.59053
0.23624 0.58999
0.23674 0.58946
0.23724 0.58892
0.23774 0.58838
0.23824 0.58784
0.23874 0.5873
0.23924 0.58676
0.23974 0.58621
0.24024 0.58567
0.24074 0.58512
0.24124 0.58458
0.24174 0.58403
0.24224 0.58348
0.24274 0.58293
0.24324 0.58237
0.24374 0.58182
0.24424 0.58127
0.24474 0.58071
0.24525 0.58015
0.24575 0.5796
0.24625 0.57904
0.24675 0.57848
0.24725 0.57791
0.24775 0.57735
0.24825 0.57679
0.24875 0.57622
0.24925 0.57566
0.24975 0.57509
0.25025 0.57452
0.25075 0.57395
0.25125 0.57338
0.25175 0.57281
0.25225 0.57224
0.25275 0.57166
0.25325 0.57109
0.25375 0.57052
0.25425 0.56994
0.25475 0.56936
0.25526 0.56879
0.25576 0.56821
0.25626 0.56763
0.25676 0.56705
0.25726 0.56647
0.25776 0.56589
0.25826 0.5653
0.25876 0.56472
0.25926 0.56414
0.25976 0.56355
0.26026 0.56297
0.26076 0.56238
0.26126 0.5618
0.26176 0.56121
0.26226 0.56063
0.26276 0.56004
0.26326 0.55945
0.26376 0.55886
0.26426 0.55827
0.26476 0.55768
0.26527 0.55709
0.26577 0.5565
0.26627 0.55591
0.26677 0.55532
0.26727 0.55473
0.26777 0.55414
0.26827 0.55355
0.26877 0.55296
0.26927 0.55236
0.26977 0.55177
0.27027 0.55118
0.27077 0.55059
0.27127 0.54999
0.27177 0.5494
0.27227 0.54881
0.27277 0.54821
0.27327 0.54762
0.27377 0.54702
0.27427 0.54643
0.27477 0.54584
0.27528 0.54524
0.27578 0.54465
0.27628 0.54405
0.27678 0.54346
0.27728 0.54287
0.27778 0.54227
0.27828 0.54168
0.27878 0.54108
0.27928 0.54049
0.27978 0.53989
0.28028 0.5393
0.28078 0.53871
0.28128 0.53811
0.28178 0.53752
0.28228 0.53692
0.28278 0.53633
0.28328 0.53574
0.28378 0.53514
0.28428 0.53455
0.28478 0.53396
0.28529 0.53336
0.28579 0.53277
0.28629 0.53218
0.28679 0.53159
0.28729 0.53099
0.28779 0.5304
0.28829 0.52981
0.28879 0.52922
0.28929 0.52862
0.28979 0.52803
0.29029 0.52744
0.29079 0.52685
0.29129 0.52626
0.29179 0.52567
0.29229 0.52508
0.29279 0.52448
0.29329 0.52389
0.29379 0.5233
0.29429 0.52271
0.29479 0.52212
0.2953 0.52153
0.2958 0.52094
0.2963 0.52035
0.2968 0.51976
0.2973 0.51917
0.2978 0.51858
0.2983 0.51799
0.2988 0.5174
0.2993 0.51681
0.2998 0.51623
0.3003 0.51564
0.3008 0.51505
0.3013 0.51446
0.3018 0.51387
0.3023 0.51328
0.3028 0.51269
0.3033 0.51211
0.3038 0.51152
0.3043 0.51093
0.3048 0.51034
0.30531 0.50975
0.30581 0.50916
0.30631 0.50858
0.30681 0.50799
0.30731 0.5074
0.30781 0.50681
0.30831 0.50623
0.30881 0.50564
0.30931 0.50505
0.30981 0.50446
0.31031 0.50388
0.31081 0.50329
0.31131 0.5027
0.31181 0.50211
0.31231 0.50153
0.31281 0.50094
0.31331 0.50035
0.31381 0.49977
0.31431 0.49918
0.31481 0.49859
0.31532 0.498
0.31582 0.49742
0.31632 0.49683
0.31682 0.49624
0.31732 0.49566
0.31782 0.49507
0.31832 0.49448
0.31882 0.49389
0.31932 0.49331
0.31982 0.49272
0.32032 0.49213
0.32082 0.49155
0.32132 0.49096
0.32182 0.49037
0.32232 0.48979
0.32282 0.4892
0.32332 0.48861
0.32382 0.48802
0.32432 0.48744
0.32482 0.48685
0.32533 0.48626
0.32583 0.48568
0.32633 0.48509
0.32683 0.4845
0.32733 0.48392
0.32783 0.48333
0.32833 0.48274
0.32883 0.48216
0.32933 0.48157
0.32983 0.48098
0.33033 0.4804
0.33083 0.47981
0.33133 0.47922
0.33183 0.47864
0.33233 0.47805
0.33283 0.47746
0.33333 0.47688
0.33383 0.47629
0.33433 0.47571
0.33483 0.47512
0.33534 0.47453
0.33584 0.47395
0.33634 0.47336
0.33684 0.47278
0.33734 0.47219
0.33784 0.47161
0.33834 0.47102
0.33884 0.47044
0.33934 0.46985
0.33984 0.46927
0.34034 0.46868
0.34084 0.4681
0.34134 0.46752
0.34184 0.46693
0.34234 0.46635
0.34284 0.46577
0.34334 0.46518
0.34384 0.4646
0.34434 0.46402
0.34484 0.46343
0.34535 0.46285
0.34585 0.46227
0.34635 0.46169
0.34685 0.46111
0.34735 0.46053
0.34785 0.45995
0.34835 0.45937
0.34885 0.45879
0.34935 0.45821
0.34985 0.45763
0.35035 0.45705
0.35085 0.45647
0.35135 0.45589
0.35185 0.45531
0.35235 0.45474
0.35285 0.45416
0.35335 0.45358
0.35385 0.45301
0.35435 0.45243
0.35485 0.45186
0.35536 0.45128
0.35586 0.45071
0.35636 0.45013
0.35686 0.44956
0.35736 0.44899
0.35786 0.44841
0.35836 0.44784
0.35886 0.44727
0.35936 0.4467
0.35986 0.44613
0.36036 0.44556
0.36086 0.44499
0.36136 0.44442
0.36186 0.44385
0.36236 0.44328
0.36286 0.44272
0.36336 0.44215
0.36386 0.44158
0.36436 0.44102
0.36486 0.44045
0.36537 0.43989
0.36587 0.43933
0.36637 0.43876
0.36687 0.4382
0.36737 0.43764
0.36787 0.43708
0.36837 0.43652
0.36887 0.43595
0.36937 0.4354
0.36987 0.43484
0.37037 0.43428
0.37087 0.43372
0.37137 0.43316
0.37187 0.43261
0.37237 0.43205
0.37287 0.4315
0.37337 0.43094
0.37387 0.43039
0.37437 0.42984
0.37487 0.42928
0.37538 0.42873
0.37588 0.42818
0.37638 0.42763
0.37688 0.42708
0.37738 0.42653
0.37788 0.42598
0.37838 0.42544
0.37888 0.42489
0.37938 0.42434
0.37988 0.4238
0.38038 0.42325
0.38088 0.42271
0.38138 0.42217
0.38188 0.42162
0.38238 0.42108
0.38288 0.42054
0.38338 0.42
0.38388 0.41946
0.38438 0.41892
0.38488 0.41838
0.38539 0.41785
0.38589 0.41731
0.38639 0.41677
0.38689 0.41624
0.38739 0.4157
0.38789 0.41517
0.38839 0.41464
0.38889 0.4141
0.38939 0.41357
0.38989 0.41304
0.39039 0.41251
0.39089 0.41198
0.39139 0.41145
0.39189 0.41093
0.39239 0.4104
0.39289 0.40987
0.39339 0.40935
0.39389 0.40882
0.39439 0.4083
0.39489 0.40777
0.3954 0.40725
0.3959 0.40673
0.3964 0.40621
0.3969 0.40569
0.3974 0.40517
0.3979 0.40465
0.3984 0.40413
0.3989 0.40361
0.3994 0.4031
0.3999 0.40258
0.4004 0.40206
0.4009 0.40155
0.4014 0.40104
0.4019 0.40052
0.4024 0.40001
0.4029 0.3995
0.4034 0.39899
0.4039 0.39848
0.4044 0.39797
0.4049 0.39746
0.40541 0.39695
0.40591 0.39645
0.40641 0.39594
0.40691 0.39544
0.40741 0.39493
0.40791 0.39443
0.40841 0.39392
0.40891 0.39342
0.40941 0.39292
0.40991 0.39242
0.41041 0.39192
0.41091 0.39142
0.41141 0.39092
0.41191 0.39042
0.41241 0.38993
0.41291 0.38943
0.41341 0.38894
0.41391 0.38844
0.41441 0.38795
0.41491 0.38746
0.41542 0.38696
0.41592 0.38647
0.41642 0.38598
0.41692 0.38549
0.41742 0.385
0.41792 0.38451
0.41842 0.38403
0.41892 0.38354
0.41942 0.38306
0.41992 0.38257
0.42042 0.38209
0.42092 0.3816
0.42142 0.38112
0.42192 0.38064
0.42242 0.38016
0.42292 0.37968
0.42342 0.3792
0.42392 0.37872
0.42442 0.37824
0.42492 0.37777
0.42543 0.37729
0.42593 0.37682
0.42643 0.37634
0.42693 0.37587
0.42743 0.3754
0.42793 0.37493
0.42843 0.37445
0.42893 0.37398
0.42943 0.37352
0.42993 0.37305
0.43043 0.37258
0.43093 0.37211
0.43143 0.37165
0.43193 0.37119
0.43243 0.37072
0.43293 0.37026
0.43343 0.3698
0.43393 0.36934
0.43443 0.36888
0.43493 0.36842
0.43544 0.36796
0.43594 0.3675
0.43644 0.36705
0.43694 0.36659
0.43744 0.36614
0.43794 0.36568
0.43844 0.36523
0.43894 0.36478
0.43944 0.36433
0.43994 0.36388
0.44044 0.36343
0.44094 0.36298
0.44144 0.36254
0.44194 0.36209
0.44244 0.36164
0.44294 0.3612
0.44344 0.36076
0.44394 0.36032
0.44444 0.35987
0.44494 0.35943
0.44545 0.359
0.44595 0.35856
0.44645 0.35812
0.44695 0.35768
0.44745 0.35725
0.44795 0.35682
0.44845 0.35638
0.44895 0.35595
0.44945 0.35552
0.44995 0.35509
0.45045 0.35466
0.45095 0.35423
0.45145 0.35381
0.45195 0.35338
0.45245 0.35296
0.45295 0.35253
0.45345 0.35211
0.45395 0.35169
0.45445 0.35127
0.45495 0.35085
0.45546 0.35043
0.45596 0.35001
0.45646 0.3496
0.45696 0.34918
0.45746 0.34877
0.45796 0.34835
0.45846 0.34794
0.45896 0.34753
0.45946 0.34712
0.45996 0.34671
0.46046 0.3463
0.46096 0.3459
0.46146 0.34549
0.46196 0.34509
0.46246 0.34468
0.46296 0.34428
0.46346 0.34388
0.46396 0.34348
0.46446 0.34308
0.46496 0.34268
0.46547 0.34229
0.46597 0.34189
0.46647 0.3415
0.46697 0.3411
0.46747 0.34071
0.46797 0.34032
0.46847 0.33993
0.46897 0.33954
0.46947 0.33915
0.46997 0.33877
0.47047 0.33838
0.47097 0.338
0.47147 0.33762
0.47197 0.33723
0.47247 0.33685
0.47297 0.33647
0.47347 0.3361
0.47397 0.33572
0.47447 0.33534
0.47497 0.33497
0.47548 0.33459
0.47598 0.33422
0.47648 0.33385
0.47698 0.33348
0.47748 0.33311
0.47798 0.33274
0.47848 0.33238
0.47898 0.33201
0.47948 0.33165
0.47998 0.33129
0.48048 0.33092
0.48098 0.33056
0.48148 0.3302
0.48198 0.32985
0.48248 0.32949
0.48298 0.32913
0.48348 0.32878
0.48398 0.32843
0.48448 0.32807
0.48498 0.32772
0.48549 0.32737
0.48599 0.32703
0.48649 0.32668
0.48699 0.32633
0.48749 0.32599
0.48799 0.32564
0.48849 0.3253
0.48899 0.32496
0.48949 0.32462
0.48999 0.32428
0.49049 0.32395
0.49099 0.32361
0.49149 0.32327
0.49199 0.32294
0.49249 0.32261
0.49299 0.32228
0.49349 0.32195
0.49399 0.32162
0.49449 0.32129
0.49499 0.32097
0.4955 0.32064
0.496 0.32032
0.4965 0.31999
0.497 0.31967
0.4975 0.31935
0.498 0.31903
0.4985 0.31872
0.499 0.3184
0.4995 0.31809
0.5 0.31777
0.5005 0.31746
0.501 0.31715
0.5015 0.31684
0.502 0.31653
0.5025 0.31622
0.503 0.31592
0.5035 0.31561
0.504 0.31531
0.5045 0.31501
0.50501 0.31471
0.50551 0.31441
0.50601 0.31411
0.50651 0.31381
0.50701 0.31351
0.50751 0.31322
0.50801 0.31293
0.50851 0.31263
0.50901 0.31234
0.50951 0.31205
0.51001 0.31176
0.51051 0.31148
0.51101 0.31119
0.51151 0.31091
0.51201 0.31062
0.51251 0.31034
0.51301 0.31006
0.51351 0.30978
0.51401 0.3095
0.51451 0.30923
0.51502 0.30895
0.51552 0.30868
0.51602 0.3084
0.51652 0.30813
0.51702 0.30786
0.51752 0.30759
0.51802 0.30733
0.51852 0.30706
0.51902 0.30679
0.51952 0.30653
0.52002 0.30627
0.52052 0.30601
0.52102 0.30575
0.52152 0.30549
0.52202 0.30523
0.52252 0.30497
0.52302 0.30472
0.52352 0.30447
0.52402 0.30421
0.52452 0.30396
0.52503 0.30371
0.52553 0.30347
0.52603 0.30322
0.52653 0.30297
0.52703 0.30273
0.52753 0.30249
0.52803 0.30225
0.52853 0.30201
0.52903 0.30177
0.52953 0.30153
0.53003 0.30129
0.53053 0.30106
0.53103 0.30082
0.53153 0.30059
0.53203 0.30036
0.53253 0.30013
0.53303 0.2999
0.53353 0.29968
0.53403 0.29945
0.53453 0.29923
0.53504 0.29901
0.53554 0.29879
0.53604 0.29857
0.53654 0.29835
0.53704 0.29813
0.53754 0.29791
0.53804 0.2977
0.53854 0.29749
0.53904 0.29728
0.53954 0.29707
0.54004 0.29686
0.54054 0.29665
0.54104 0.29644
0.54154 0.29624
0.54204 0.29604
0.54254 0.29584
0.54304 0.29564
0.54354 0.29544
0.54404 0.29524
0.54454 0.29504
0.54505 0.29485
0.54555 0.29466
0.54605 0.29446
0.54655 0.29427
0.54705 0.29408
0.54755 0.2939
0.54805 0.29371
0.54855 0.29353
0.54905 0.29334
0.54955 0.29316
0.55005 0.29298
0.55055 0.2928
0.55105 0.29263
0.55155 0.29245
0.55205 0.29228
0.55255 0.2921
0.55305 0.29193
0.55355 0.29176
0.55405 0.2916
0.55455 0.29143
0.55506 0.29126
0.55556 0.2911
0.55606 0.29094
0.55656 0.29078
0.55706 0.29062
0.55756 0.29046
0.55806 0.2903
0.55856 0.29015
0.55906 0.29
0.55956 0.28984
0.56006 0.28969
0.56056 0.28955
0.56106 0.2894
0.56156 0.28925
0.56206 0.28911
0.56256 0.28897
0.56306 0.28883
0.56356 0.28869
0.56406 0.28855
0.56456 0.28841
0.56507 0.28828
0.56557 0.28815
0.56607 0.28801
0.56657 0.28789
0.56707 0.28776
0.56757 0.28763
0.56807 0.28751
0.56857 0.28738
0.56907 0.28726
0.56957 0.28714
0.57007 0.28702
0.57057 0.2869
0.57107 0.28679
0.57157 0.28668
0.57207 0.28656
0.57257 0.28645
0.57307 0.28634
0.57357 0.28624
0.57407 0.28613
0.57457 0.28603
0.57508 0.28593
0.57558 0.28582
0.57608 0.28573
0.57658 0.28563
0.57708 0.28553
0.57758 0.28544
0.57808 0.28535
0.57858 0.28526
0.57908 0.28517
0.57958 0.28508
0.58008 0.28499
0.58058 0.28491
0.58108 0.28483
0.58158 0.28475
0.58208 0.28467
0.58258 0.28459
0.58308 0.28451
0.58358 0.28444
0.58408 0.28437
0.58458 0.2843
0.58509 0.28423
0.58559 0.28416
0.58609 0.2841
0.58659 0.28403
0.58709 0.28397
0.58759 0.28391
0.58809 0.28385
0.58859 0.2838
0.58909 0.28374
0.58959 0.28369
0.59009 0.28364
0.59059 0.28359
0.59109 0.28354
0.59159 0.28349
0.59209 0.28345
0.59259 0.28341
0.59309 0.28336
0.59359 0.28333
0.59409 0.28329
0.59459 0.28325
0.5951 0.28322
0.5956 0.28319
0.5961 0.28316
0.5966 0.28313
0.5971 0.2831
0.5976 0.28308
0.5981 0.28305
0.5986 0.28303
0.5991 0.28301
0.5996 0.28299
0.6001 0.28298
0.6006 0.28296
0.6011 0.28295
0.6016 0.28294
0.6021 0.28293
0.6026 0.28293
0.6031 0.28292
0.6036 0.28292
0.6041 0.28292
0.6046 0.28292
0.60511 0.28292
0.60561 0.28292
0.60611 0.28293
0.60661 0.28294
0.60711 0.28295
0.60761 0.28296
0.60811 0.28297
0.60861 0.28299
0.60911 0.28301
0.60961 0.28303
0.61011 0.28305
0.61061 0.28307
0.61111 0.2831
0.61161 0.28312
0.61211 0.28315
0.61261 0.28318
0.61311 0.28322
0.61361 0.28325
0.61411 0.28329
0.61461 0.28333
0.61512 0.28337
0.61562 0.28341
0.61612 0.28345
0.61662 0.2835
0.61712 0.28355
0.61762 0.2836
0.61812 0.28365
0.61862 0.2837
0.61912 0.28376
0.61962 0.28382
0.62012 0.28388
0.62062 0.28394
0.62112 0.28401
0.62162 0.28407
0.62212 0.28414
0.62262 0.28421
0.62312 0.28428
0.62362 0.28436
0.62412 0.28443
0.62462 0.28451
0.62513 0.28459
0.62563 0.28468
0.62613 0.28476
0.62663 0.28485
0.62713 0.28494
0.62763 0.28503
0.62813 0.28512
0.62863 0.28521
0.62913 0.28531
0.62963 0.28541
0.63013 0.28551
0.63063 0.28562
0.63113 0.28572
0.63163 0.28583
0.63213 0.28594
0.63263 0.28605
0.63313 0.28617
0.63363 0.28628
0.63413 0.2864
0.63463 0.28652
0.63514 0.28664
0.63564 0.28677
0.63614 0.2869
0.63664 0.28703
0.63714 0.28716
0.63764 0.28729
0.63814 0.28743
0.63864 0.28757
0.63914 0.28771
0.63964 0.28785
0.64014 0.288
0.64064 0.28814
0.64114 0.28829
0.64164 0.28844
0.64214 0.2886
0.64264 0.28876
0.64314 0.28891
0.64364 0.28908
0.64414 0.28924
0.64464 0.2894
0.64515 0.28957
0.64565 0.28974
0.64615 0.28992
0.64665 0.29009
0.64715 0.29027
0.64765 0.29045
0.64815 0.29063
0.64865 0.29082
0.64915 0.291
0.64965 0.29119
0.65015 0.29138
0.65065 0.29158
0.65115 0.29177
0.65165 0.29197
0.65215 0.29217
0.65265 0.29238
0.65315 0.29258
0.65365 0.29279
0.65415 0.293
0.65465 0.29322
0.65516 0.29343
0.65566 0.29365
0.65616 0.29387
0.65666 0.2941
0.65716 0.29432
0.65766 0.29455
0.65816 0.29478
0.65866 0.29502
0.65916 0.29525
0.65966 0.29549
0.66016 0.29573
0.66066 0.29598
0.66116 0.29623
0.66166 0.29647
0.66216 0.29673
0.66266 0.29698
0.66316 0.29724
0.66366 0.2975
0.66416 0.29776
0.66466 0.29803
0.66517 0.29829
0.66567 0.29856
0.66617 0.29884
0.66667 0.29911
0.66717 0.29939
0.66767 0.29967
0.66817 0.29996
0.66867 0.30024
0.66917 0.30053
0.66967 0.30082
0.67017 0.30112
0.67067 0.30142
0.67117 0.30172
0.67167 0.30202
0.67217 0.30233
0.67267 0.30263
0.67317 0.30295
0.67367 0.30326
0.67417 0.30358
0.67467 0.3039
0.67518 0.30422
0.67568 0.30455
0.67618 0.30487
0.67668 0.30521
0.67718 0.30554
0.67768 0.30588
0.67818 0.30622
0.67868 0.30656
0.67918 0.30691
0.67968 0.30726
0.68018 0.30761
0.68068 0.30796
0.68118 0.30832
0.68168 0.30868
0.68218 0.30905
0.68268 0.30941
0.68318 0.30978
0.68368 0.31016
0.68418 0.31053
0.68468 0.31091
0.68519 0.31129
0.68569 0.31168
0.68619 0.31207
0.68669 0.31246
0.68719 0.31285
0.68769 0.31325
0.68819 0.31365
0.68869 0.31405
0.68919 0.31446
0.68969 0.31487
0.69019 0.31528
0.69069 0.3157
0.69119 0.31612
0.69169 0.31654
0.69219 0.31697
0.69269 0.31739
0.69319 0.31783
0.69369 0.31826
0.69419 0.3187
0.69469 0.31914
0.6952 0.31959
0.6957 0.32003
0.6962 0.32049
0.6967 0.32094
0.6972 0.3214
0.6977 0.32186
0.6982 0.32232
0.6987 0.32279
0.6992 0.32326
0.6997 0.32374
0.7002 0.32421
0.7007 0.32469
0.7012 0.32518
0.7017 0.32567
0.7022 0.32616
0.7027 0.32665
0.7032 0.32715
0.7037 0.32765
0.7042 0.32815
0.7047 0.32866
0.70521 0.32917
0.70571 0.32968
0.70621 0.3302
0.70671 0.33072
0.70721 0.33125
0.70771 0.33177
0.70821 0.3323
0.70871 0.33284
0.70921 0.33338
0.70971 0.33392
0.71021 0.33446
0.71071 0.33501
0.71121 0.33556
0.71171 0.33611
0.71221 0.33667
0.71271 0.33723
0.71321 0.3378
0.71371 0.33837
0.71421 0.33894
0.71471 0.33951
0.71522 0.34009
0.71572 0.34067
0.71622 0.34126
0.71672 0.34185
0.71722 0.34244
0.71772 0.34303
0.71822 0.34363
0.71872 0.34423
0.71922 0.34484
0.71972 0.34545
0.72022 0.34606
0.72072 0.34667
0.72122 0.34729
0.72172 0.34792
0.72222 0.34854
0.72272 0.34917
0.72322 0.3498
0.72372 0.35044
0.72422 0.35108
0.72472 0.35172
0.72523 0.35236
0.72573 0.35301
0.72623 0.35367
0.72673 0.35432
0.72723 0.35498
0.72773 0.35564
0.72823 0.35631
0.72873 0.35698
0.72923 0.35765
0.72973 0.35833
0.73023 0.359
0.73073 0.35969
0.73123 0.36037
0.73173 0.36106
0.73223 0.36175
0.73273 0.36245
0.73323 0.36315
0.73373 0.36385
0.73423 0.36455
0.73473 0.36526
0.73524 0.36597
0.73574 0.36669
0.73624 0.3674
0.73674 0.36813
0.73724 0.36885
0.73774 0.36958
0.73824 0.37031
0.73874 0.37104
0.73924 0.37178
0.73974 0.37252
0.74024 0.37326
0.74074 0.37401
0.74124 0.37476
0.74174 0.37551
0.74224 0.37627
0.74274 0.37703
0.74324 0.37779
0.74374 0.37855
0.74424 0.37932
0.74474 0.38009
0.74525 0.38087
0.74575 0.38164
0.74625 0.38242
0.74675 0.38321
0.74725 0.38399
0.74775 0.38478
0.74825 0.38558
0.74875 0.38637
0.74925 0.38717
0.74975 0.38797
0.75025 0.38878
0.75075 0.38959
0.75125 0.3904
0.75175 0.39121
0.75225 0.39203
0.75275 0.39285
0.75325 0.39367
0.75375 0.3945
0.75425 0.39532
0.75475 0.39616
0.75526 0.39699
0.75576 0.39783
0.75626 0.39867
0.75676 0.39951
0.75726 0.40036
0.75776 0.40121
0.75826 0.40206
0.75876 0.40291
0.75926 0.40377
0.75976 0.40463
0.76026 0.4055
0.76076 0.40636
0.76126 0.40723
0.76176 0.4081
0.76226 0.40898
0.76276 0.40986
0.76326 0.41074
0.76376 0.41162
0.76426 0.41251
0.76476 0.41339
0.76527 0.41429
0.76577 0.41518
0.76627 0.41608
0.76677 0.41698
0.76727 0.41788
0.76777 0.41879
0.76827 0.41969
0.76877 0.42061
0.76927 0.42152
0.76977 0.42243
0.77027 0.42335
0.77077 0.42428
0.77127 0.4252
0.77177 0.42613
0.77227 0.42706
0.77277 0.42799
0.77327 0.42892
0.77377 0.42986
0.77427 0.4308
0.77477 0.43174
0.77528 0.43269
0.77578 0.43363
0.77628 0.43458
0.77678 0.43554
0.77728 0.43649
0.77778 0.43745
0.77828 0.43841
0.77878 0.43937
0.77928 0.44033
0.77978 0.4413
0.78028 0.44227
0.78078 0.44324
0.78128 0.44421
0.78178 0.44519
0.78228 0.44617
0.78278 0.44715
0.78328 0.44813
0.78378 0.44912
0.78428 0.4501
0.78478 0.45109
0.78529 0.45208
0.78579 0.45307
0.78629 0.45407
0.78679 0.45507
0.78729 0.45606
0.78779 0.45706
0.78829 0.45807
0.78879 0.45907
0.78929 0.46008
0.78979 0.46108
0.79029 0.46209
0.79079 0.4631
0.79129 0.46411
0.79179 0.46512
0.79229 0.46613
0.79279 0.46715
0.79329 0.46816
0.79379 0.46918
0.79429 0.47019
0.79479 0.4712
0.7953 0.47222
0.7958 0.47323
0.7963 0.47424
0.7968 0.47524
0.7973 0.47625
0.7978 0.47725
0.7983 0.47825
0.7988 0.47924
0.7993 0.48024
0.7998 0.48122
0.8003 0.48221
0.8008 0.48319
0.8013 0.48417
0.8018 0.48514
0.8023 0.48611
0.8028 0.48708
0.8033 0.48805
0.8038 0.48901
0.8043 0.48997
0.8048 0.49093
0.80531 0.49189
0.80581 0.49284
0.80631 0.4938
0.80681 0.49475
0.80731 0.4957
0.80781 0.49666
0.80831 0.49761
0.80881 0.49856
0.80931 0.49951
0.80981 0.50046
0.81031 0.50141
0.81081 0.50235
0.81131 0.5033
0.81181 0.50425
0.81231 0.50519
0.81281 0.50614
0.81331 0.50709
0.81381 0.50803
0.81431 0.50897
0.81481 0.50992
0.81532 0.51086
0.81582 0.5118
0.81632 0.51275
0.81682 0.51369
0.81732 0.51463
0.81782 0.51557
0.81832 0.5165
0.81882 0.51744
0.81932 0.51838
0.81982 0.51932
0.82032 0.52025
0.82082 0.52119
0.82132 0.52212
0.82182 0.52305
0.82232 0.52398
0.82282 0.52491
0.82332 0.52584
0.82382 0.52677
0.82432 0.5277
0.82482 0.52862
0.82533 0.52954
0.82583 0.53047
0.82633 0.53139
0.82683 0.53231
0.82733 0.53323
0.82783 0.53415
0.82833 0.53506
0.82883 0.53598
0.82933 0.53689
0.82983 0.5378
0.83033 0.53871
0.83083 0.53962
0.83133 0.54052
0.83183 0.54143
0.83233 0.54233
0.83283 0.54323
0.83333 0.54413
0.83383 0.54503
0.83433 0.54592
0.83483 0.54682
0.83534 0.54771
0.83584 0.5486
0.83634 0.54949
0.83684 0.55037
0.83734 0.55126
0.83784 0.55214
0.83834 0.55302
0.83884 0.5539
0.83934 0.55477
0.83984 0.55564
0.84034 0.55652
0.84084 0.55738
0.84134 0.55825
0.84184 0.55911
0.84234 0.55998
0.84284 0.56084
0.84334 0.56169
0.84384 0.56255
0.84434 0.5634
0.84484 0.56425
0.84535 0.5651
0.84585 0.56594
0.84635 0.56678
0.84685 0.56762
0.84735 0.56846
0.84785 0.56929
0.84835 0.57013
0.84885 0.57096
0.84935 0.57178
0.84985 0.57261
0.85035 0.57343
0.85085 0.57425
0.85135 0.57506
0.85185 0.57587
0.85235 0.57668
0.85285 0.57749
0.85335 0.5783
0.85385 0.5791
0.85435 0.5799
0.85485 0.58069
0.85536 0.58149
0.85586 0.58228
0.85636 0.58306
0.85686 0.58385
0.85736 0.58463
0.85786 0.58541
0.85836 0.58618
0.85886 0.58696
0.85936 0.58773
0.85986 0.58849
0.86036 0.58926
0.86086 0.59002
0.86136 0.59077
0.86186 0.59153
0.86236 0.59228
0.86286 0.59303
0.86336 0.59377
0.86386 0.59452
0.86436 0.59526
0.86486 0.59599
0.86537 0.59672
0.86587 0.59745
0.86637 0.59818
0.86687 0.59891
0.86737 0.59963
0.86787 0.60034
0.86837 0.60106
0.86887 0.60177
0.86937 0.60248
0.86987 0.60318
0.87037 0.60389
0.87087 0.60458
0.87137 0.60528
0.87187 0.60597
0.87237 0.60666
0.87287 0.60735
0.87337 0.60803
0.87387 0.60871
0.87437 0.60939
0.87487 0.61006
0.87538 0.61073
0.87588 0.6114
0.87638 0.61207
0.87688 0.61273
0.87738 0.61339
0.87788 0.61404
0.87838 0.6147
0.87888 0.61535
0.87938 0.61599
0.87988 0.61664
0.88038 0.61728
0.88088 0.61791
0.88138 0.61855
0.88188 0.61918
0.88238 0.61981
0.88288 0.62043
0.88338 0.62106
0.88388 0.62168
0.88438 0.62229
0.88488 0.62291
0.88539 0.62352
0.88589 0.62412
0.88639 0.62473
0.88689 0.62533
0.88739 0.62593
0.88789 0.62653
0.88839 0.62712
0.88889 0.62771
0.88939 0.6283
0.88989 0.62888
0.89039 0.62947
0.89089 0.63005
0.89139 0.63062
0.89189 0.6312
0.89239 0.63177
0.89289 0.63234
0.89339 0.6329
0.89389 0.63346
0.89439 0.63402
0.89489 0.63458
0.8954 0.63514
0.8959 0.63569
0.8964 0.63624
0.8969 0.63679
0.8974 0.63733
0.8979 0.63787
0.8984 0.63841
0.8989 0.63895
0.8994 0.63948
0.8999 0.64002
0.9004 0.64055
0.9009 0.64107
0.9014 0.6416
0.9019 0.64212
0.9024 0.64264
0.9029 0.64316
0.9034 0.64367
0.9039 0.64418
0.9044 0.64469
0.9049 0.6452
0.90541 0.64571
0.90591 0.64621
0.90641 0.64671
0.90691 0.64721
0.90741 0.6477
0.90791 0.6482
0.90841 0.64869
0.90891 0.64918
0.90941 0.64967
0.90991 0.65015
0.91041 0.65064
0.91091 0.65112
0.91141 0.6516
0.91191 0.65207
0.91241 0.65255
0.91291 0.65302
0.91341 0.65349
0.91391 0.65396
0.91441 0.65442
0.91491 0.65489
0.91542 0.65535
0.91592 0.65581
0.91642 0.65627
0.91692 0.65672
0.91742 0.65718
0.91792 0.65763
0.91842 0.65808
0.91892 0.65853
0.91942 0.65898
0.91992 0.65942
0.92042 0.65986
0.92092 0.6603
0.92142 0.66074
0.92192 0.66118
0.92242 0.66161
0.92292 0.66205
0.92342 0.66248
0.92392 0.66291
0.92442 0.66334
0.92492 0.66376
0.92543 0.66419
0.92593 0.66461
0.92643 0.66503
0.92693 0.66545
0.92743 0.66586
0.92793 0.66628
0.92843 0.66669
0.92893 0.6671
0.92943 0.66751
0.92993 0.66792
0.93043 0.66833
0.93093 0.66873
0.93143 0.66913
0.93193 0.66954
0.93243 0.66993
0.93293 0.67033
0.93343 0.67073
0.93393 0.67112
0.93443 0.67151
0.93493 0.6719
0.93544 0.67229
0.93594 0.67268
0.93644 0.67307
0.93694 0.67345
0.93744 0.67383
0.93794 0.67421
0.93844 0.67459
0.93894 0.67497
0.93944 0.67534
0.93994 0.67572
0.94044 0.67609
0.94094 0.67646
0.94144 0.67683
0.94194 0.67719
0.94244 0.67756
0.94294 0.67792
0.94344 0.67828
0.94394 0.67864
0.94444 0.679
0.94494 0.67936
0.94545 0.67971
0.94595 0.68007
0.94645 0.68042
0.94695 0.68077
0.94745 0.68112
0.94795 0.68146
0.94845 0.68181
0.94895 0.68215
0.94945 0.68249
0.94995 0.68283
0.95045 0.68317
0.95095 0.6835
0.95145 0.68384
0.95195 0.68417
0.95245 0.6845
0.95295 0.68483
0.95345 0.68515
0.95395 0.68548
0.95445 0.6858
0.95495 0.68612
0.95546 0.68644
0.95596 0.68676
0.95646 0.68708
0.95696 0.68739
0.95746 0.6877
0.95796 0.68801
0.95846 0.68832
0.95896 0.68863
0.95946 0.68893
0.95996 0.68924
0.96046 0.68954
0.96096 0.68984
0.96146 0.69013
0.96196 0.69043
0.96246 0.69072
0.96296 0.69101
0.96346 0.6913
0.96396 0.69159
0.96446 0.69188
0.96496 0.69216
0.96547 0.69244
0.96597 0.69272
0.96647 0.693
0.96697 0.69328
0.96747 0.69355
0.96797 0.69383
0.96847 0.6941
0.96897 0.69436
0.96947 0.69463
0.96997 0.6949
0.97047 0.69516
0.97097 0.69542
0.97147 0.69568
0.97197 0.69593
0.97247 0.69619
0.97297 0.69644
0.97347 0.69669
0.97397 0.69694
0.97447 0.69719
0.97497 0.69743
0.97548 0.69767
0.97598 0.69791
0.97648 0.69815
0.97698 0.69839
0.97748 0.69862
0.97798 0.69886
0.97848 0.69909
0.97898 0.69931
0.97948 0.69954
0.97998 0.69977
0.98048 0.69999
0.98098 0.70021
0.98148 0.70043
0.98198 0.70064
0.98248 0.70086
0.98298 0.70107
0.98348 0.70128
0.98398 0.70149
0.98448 0.70169
0.98498 0.7019
0.98549 0.7021
0.98599 0.7023
0.98649 0.7025
0.98699 0.70269
0.98749 0.70288
0.98799 0.70308
0.98849 0.70327
0.98899 0.70345
0.98949 0.70364
0.98999 0.70382
0.99049 0.704
0.99099 0.70418
0.99149 0.70436
0.99199 0.70454
0.99249 0.70471
0.99299 0.70488
0.99349 0.70505
0.99399 0.70522
0.99449 0.70538
0.99499 0.70555
0.9955 0.70571
0.996 0.70587
0.9965 0.70603
0.997 0.70618
0.9975 0.70634
0.998 0.70649
0.9985 0.70664
0.999 0.70679
0.9995 0.70693
1 0.70707
