time energy 
0 0.97381
0.0005005 0.97488
0.001001 0.97593
0.0015015 0.97697
0.002002 0.978
0.0025025 0.97901
0.003003 0.98002
0.0035035 0.98101
0.004004 0.98199
0.0045045 0.98296
0.005005 0.98392
0.0055055 0.98488
0.006006 0.98583
0.0065065 0.98678
0.007007 0.98772
0.0075075 0.98866
0.008008 0.9896
0.0085085 0.99054
0.009009 0.99148
0.0095095 0.99242
0.01001 0.99337
0.010511 0.99432
0.011011 0.99529
0.011512 0.99625
0.012012 0.99723
0.012513 0.99821
0.013013 0.9992
0.013514 1.0002
0.014014 1.0012
0.014515 1.0022
0.015015 1.0032
0.015516 1.0043
0.016016 1.0053
0.016517 1.0064
0.017017 1.0074
0.017518 1.0085
0.018018 1.0095
0.018519 1.0105
0.019019 1.0116
0.01952 1.0126
0.02002 1.0137
0.020521 1.0147
0.021021 1.0157
0.021522 1.0168
0.022022 1.0178
0.022523 1.0188
0.023023 1.0198
0.023524 1.0207
0.024024 1.0217
0.024525 1.0226
0.025025 1.0236
0.025526 1.0245
0.026026 1.0254
0.026527 1.0263
0.027027 1.0271
0.027528 1.028
0.028028 1.0289
0.028529 1.0297
0.029029 1.0305
0.02953 1.0314
0.03003 1.0322
0.030531 1.033
0.031031 1.0338
0.031532 1.0346
0.032032 1.0354
0.032533 1.0362
0.033033 1.037
0.033534 1.0378
0.034034 1.0386
0.034535 1.0395
0.035035 1.0403
0.035536 1.0411
0.036036 1.042
0.036537 1.0429
0.037037 1.0437
0.037538 1.0446
0.038038 1.0455
0.038539 1.0464
0.039039 1.0473
0.03954 1.0482
0.04004 1.0491
0.040541 1.05
0.041041 1.051
0.041542 1.0519
0.042042 1.0528
0.042543 1.0537
0.043043 1.0547
0.043544 1.0556
0.044044 1.0565
0.044545 1.0574
0.045045 1.0583
0.045546 1.0592
0.046046 1.06
0.046547 1.0609
0.047047 1.0617
0.047548 1.0626
0.048048 1.0634
0.048549 1.0642
0.049049 1.0649
0.04955 1.0657
0.05005 1.0664
0.050551 1.0672
0.051051 1.0679
0.051552 1.0686
0.052052 1.0693
0.052553 1.07
0.053053 1.0706
0.053554 1.0713
0.054054 1.072
0.054555 1.0726
0.055055 1.0733
0.055556 1.0739
0.056056 1.0746
0.056557 1.0752
0.057057 1.0759
0.057558 1.0766
0.058058 1.0773
0.058559 1.0779
0.059059 1.0786
0.05956 1.0794
0.06006 1.0801
0.060561 1.0808
0.061061 1.0816
0.061562 1.0823
0.062062 1.0831
0.062563 1.0839
0.063063 1.0847
0.063564 1.0855
0.064064 1.0863
0.064565 1.0871
0.065065 1.0879
0.065566 1.0887
0.066066 1.0895
0.066567 1.0903
0.067067 1.0911
0.067568 1.0919
0.068068 1.0926
0.068569 1.0934
0.069069 1.0941
0.06957 1.0949
0.07007 1.0956
0.070571 1.0963
0.071071 1.097
0.071572 1.0976
0.072072 1.0983
0.072573 1.0989
0.073073 1.0995
0.073574 1.1001
0.074074 1.1007
0.074575 1.1013
0.075075 1.1018
0.075576 1.1024
0.076076 1.1029
0.076577 1.1034
0.077077 1.1039
0.077578 1.1045
0.078078 1.105
0.078579 1.1055
0.079079 1.106
0.07958 1.1065
0.08008 1.1071
0.080581 1.1076
0.081081 1.1081
0.081582 1.1087
0.082082 1.1093
0.082583 1.1098
0.083083 1.1104
0.083584 1.111
0.084084 1.1117
0.084585 1.1123
0.085085 1.1129
0.085586 1.1136
0.086086 1.1142
0.086587 1.1149
0.087087 1.1156
0.087588 1.1162
0.088088 1.1169
0.088589 1.1176
0.089089 1.1183
0.08959 1.1189
0.09009 1.1196
0.090591 1.1203
0.091091 1.1209
0.091592 1.1215
0.092092 1.1222
0.092593 1.1228
0.093093 1.1233
0.093594 1.1239
0.094094 1.1245
0.094595 1.125
0.095095 1.1255
0.095596 1.126
0.096096 1.1265
0.096597 1.127
0.097097 1.1275
0.097598 1.1279
0.098098 1.1283
0.098599 1.1288
0.099099 1.1292
0.0996 1.1296
0.1001 1.13
0.1006 1.1304
0.1011 1.1309
0.1016 1.1313
0.1021 1.1317
0.1026 1.1322
0.1031 1.1326
0.1036 1.133
0.1041 1.1335
0.1046 1.134
0.10511 1.1345
0.10561 1.135
0.10611 1.1355
0.10661 1.136
0.10711 1.1365
0.10761 1.137
0.10811 1.1376
0.10861 1.1381
0.10911 1.1387
0.10961 1.1392
0.11011 1.1398
0.11061 1.1403
0.11111 1.1409
0.11161 1.1414
0.11211 1.1419
0.11261 1.1425
0.11311 1.143
0.11361 1.1435
0.11411 1.144
0.11461 1.1444
0.11512 1.1449
0.11562 1.1453
0.11612 1.1458
0.11662 1.1462
0.11712 1.1466
0.11762 1.147
0.11812 1.1474
0.11862 1.1477
0.11912 1.1481
0.11962 1.1484
0.12012 1.1488
0.12062 1.1491
0.12112 1.1495
0.12162 1.1499
0.12212 1.1502
0.12262 1.1506
0.12312 1.1509
0.12362 1.1513
0.12412 1.1517
0.12462 1.1521
0.12513 1.1525
0.12563 1.1529
0.12613 1.1534
0.12663 1.1538
0.12713 1.1543
0.12763 1.1548
0.12813 1.1552
0.12863 1.1557
0.12913 1.1562
0.12963 1.1567
0.13013 1.1572
0.13063 1.1577
0.13113 1.1582
0.13163 1.1587
0.13213 1.1592
0.13263 1.1597
0.13313 1.1601
0.13363 1.1606
0.13413 1.161
0.13463 1.1615
0.13514 1.1619
0.13564 1.1622
0.13614 1.1626
0.13664 1.163
0.13714 1.1633
0.13764 1.1636
0.13814 1.1639
0.13864 1.1642
0.13914 1.1644
0.13964 1.1647
0.14014 1.165
0.14064 1.1652
0.14114 1.1654
0.14164 1.1657
0.14214 1.1659
0.14264 1.1662
0.14314 1.1665
0.14364 1.1667
0.14414 1.167
0.14464 1.1673
0.14515 1.1677
0.14565 1.168
0.14615 1.1684
0.14665 1.1688
0.14715 1.1692
0.14765 1.1696
0.14815 1.1701
0.14865 1.1706
0.14915 1.1711
0.14965 1.1716
0.15015 1.1721
0.15065 1.1727
0.15115 1.1732
0.15165 1.1738
0.15215 1.1743
0.15265 1.1749
0.15315 1.1754
0.15365 1.1759
0.15415 1.1765
0.15465 1.177
0.15516 1.1775
0.15566 1.1779
0.15616 1.1784
0.15666 1.1788
0.15716 1.1792
0.15766 1.1795
0.15816 1.1799
0.15866 1.1802
0.15916 1.1804
0.15966 1.1807
0.16016 1.1809
0.16066 1.1812
0.16116 1.1814
0.16166 1.1816
0.16216 1.1817
0.16266 1.1819
0.16316 1.1821
0.16366 1.1823
0.16416 1.1825
0.16466 1.1827
0.16517 1.1829
0.16567 1.1831
0.16617 1.1834
0.16667 1.1837
0.16717 1.184
0.16767 1.1844
0.16817 1.1848
0.16867 1.1852
0.16917 1.1857
0.16967 1.1861
0.17017 1.1867
0.17067 1.1872
0.17117 1.1878
0.17167 1.1884
0.17217 1.189
0.17267 1.1897
0.17317 1.1904
0.17367 1.1911
0.17417 1.1917
0.17467 1.1924
0.17518 1.1931
0.17568 1.1938
0.17618 1.1945
0.17668 1.1952
0.17718 1.1958
0.17768 1.1965
0.17818 1.1971
0.17868 1.1977
0.17918 1.1983
0.17968 1.1989
0.18018 1.1994
0.18068 1.1999
0.18118 1.2004
0.18168 1.2009
0.18218 1.2014
0.18268 1.2018
0.18318 1.2023
0.18368 1.2027
0.18418 1.2031
0.18468 1.2036
0.18519 1.204
0.18569 1.2045
0.18619 1.205
0.18669 1.2055
0.18719 1.2061
0.18769 1.2067
0.18819 1.2073
0.18869 1.208
0.18919 1.2087
0.18969 1.2095
0.19019 1.2103
0.19069 1.2112
0.19119 1.2122
0.19169 1.2132
0.19219 1.2143
0.19269 1.2154
0.19319 1.2166
0.19369 1.2179
0.19419 1.2193
0.19469 1.2207
0.1952 1.2222
0.1957 1.2238
0.1962 1.2254
0.1967 1.2271
0.1972 1.2289
0.1977 1.2308
0.1982 1.2327
0.1987 1.2347
0.1992 1.2368
0.1997 1.239
0.2002 1.2413
0.2007 1.2436
0.2012 1.2461
0.2017 1.2486
0.2022 1.2512
0.2027 1.254
0.2032 1.2568
0.2037 1.2597
0.2042 1.2628
0.2047 1.2659
0.20521 1.2692
0.20571 1.2726
0.20621 1.276
0.20671 1.2796
0.20721 1.2833
0.20771 1.2871
0.20821 1.2909
0.20871 1.2949
0.20921 1.2989
0.20971 1.303
0.21021 1.3071
0.21071 1.3113
0.21121 1.3155
0.21171 1.3197
0.21221 1.3239
0.21271 1.3281
0.21321 1.3323
0.21371 1.3364
0.21421 1.3405
0.21471 1.3446
0.21522 1.3485
0.21572 1.3524
0.21622 1.3561
0.21672 1.3598
0.21722 1.3633
0.21772 1.3668
0.21822 1.3701
0.21872 1.3732
0.21922 1.3762
0.21972 1.3791
0.22022 1.3819
0.22072 1.3845
0.22122 1.387
0.22172 1.3893
0.22222 1.3915
0.22272 1.3936
0.22322 1.3956
0.22372 1.3974
0.22422 1.3992
0.22472 1.4008
0.22523 1.4023
0.22573 1.4038
0.22623 1.4052
0.22673 1.4065
0.22723 1.4077
0.22773 1.4089
0.22823 1.41
0.22873 1.4111
0.22923 1.4122
0.22973 1.4132
0.23023 1.4142
0.23073 1.4151
0.23123 1.4161
0.23173 1.417
0.23223 1.4179
0.23273 1.4188
0.23323 1.4197
0.23373 1.4206
0.23423 1.4215
0.23473 1.4223
0.23524 1.4231
0.23574 1.424
0.23624 1.4248
0.23674 1.4255
0.23724 1.4263
0.23774 1.427
0.23824 1.4277
0.23874 1.4284
0.23924 1.429
0.23974 1.4296
0.24024 1.4302
0.24074 1.4308
0.24124 1.4313
0.24174 1.4317
0.24224 1.4322
0.24274 1.4326
0.24324 1.433
0.24374 1.4333
0.24424 1.4336
0.24474 1.434
0.24525 1.4342
0.24575 1.4345
0.24625 1.4348
0.24675 1.435
0.24725 1.4353
0.24775 1.4355
0.24825 1.4357
0.24875 1.436
0.24925 1.4362
0.24975 1.4364
0.25025 1.4367
0.25075 1.4369
0.25125 1.4372
0.25175 1.4374
0.25225 1.4377
0.25275 1.438
0.25325 1.4382
0.25375 1.4385
0.25425 1.4388
0.25475 1.4391
0.25526 1.4393
0.25576 1.4396
0.25626 1.4398
0.25676 1.4401
0.25726 1.4403
0.25776 1.4405
0.25826 1.4407
0.25876 1.4409
0.25926 1.441
0.25976 1.4412
0.26026 1.4413
0.26076 1.4414
0.26126 1.4415
0.26176 1.4415
0.26226 1.4415
0.26276 1.4416
0.26326 1.4416
0.26376 1.4415
0.26426 1.4415
0.26476 1.4415
0.26527 1.4414
0.26577 1.4414
0.26627 1.4413
0.26677 1.4413
0.26727 1.4412
0.26777 1.4412
0.26827 1.4411
0.26877 1.4411
0.26927 1.4411
0.26977 1.441
0.27027 1.441
0.27077 1.441
0.27127 1.441
0.27177 1.441
0.27227 1.441
0.27277 1.441
0.27327 1.441
0.27377 1.441
0.27427 1.441
0.27477 1.441
0.27528 1.441
0.27578 1.441
0.27628 1.441
0.27678 1.4409
0.27728 1.4409
0.27778 1.4408
0.27828 1.4407
0.27878 1.4406
0.27928 1.4405
0.27978 1.4404
0.28028 1.4402
0.28078 1.44
0.28128 1.4398
0.28178 1.4396
0.28228 1.4394
0.28278 1.4392
0.28328 1.439
0.28378 1.4387
0.28428 1.4385
0.28478 1.4382
0.28529 1.438
0.28579 1.4377
0.28629 1.4375
0.28679 1.4373
0.28729 1.437
0.28779 1.4368
0.28829 1.4366
0.28879 1.4364
0.28929 1.4362
0.28979 1.436
0.29029 1.4358
0.29079 1.4356
0.29129 1.4354
0.29179 1.4353
0.29229 1.4351
0.29279 1.4349
0.29329 1.4347
0.29379 1.4345
0.29429 1.4343
0.29479 1.4341
0.2953 1.4339
0.2958 1.4337
0.2963 1.4334
0.2968 1.4332
0.2973 1.4329
0.2978 1.4326
0.2983 1.4323
0.2988 1.4319
0.2993 1.4316
0.2998 1.4313
0.3003 1.4309
0.3008 1.4305
0.3013 1.4301
0.3018 1.4297
0.3023 1.4293
0.3028 1.4289
0.3033 1.4285
0.3038 1.4281
0.3043 1.4277
0.3048 1.4273
0.30531 1.427
0.30581 1.4266
0.30631 1.4262
0.30681 1.4258
0.30731 1.4255
0.30781 1.4251
0.30831 1.4248
0.30881 1.4245
0.30931 1.4241
0.30981 1.4238
0.31031 1.4235
0.31081 1.4232
0.31131 1.4229
0.31181 1.4226
0.31231 1.4222
0.31281 1.4219
0.31331 1.4215
0.31381 1.4212
0.31431 1.4208
0.31481 1.4204
0.31532 1.42
0.31582 1.4196
0.31632 1.4192
0.31682 1.4187
0.31732 1.4183
0.31782 1.4178
0.31832 1.4173
0.31882 1.4168
0.31932 1.4163
0.31982 1.4158
0.32032 1.4153
0.32082 1.4147
0.32132 1.4142
0.32182 1.4137
0.32232 1.4131
0.32282 1.4126
0.32332 1.4121
0.32382 1.4116
0.32432 1.4111
0.32482 1.4106
0.32533 1.4101
0.32583 1.4097
0.32633 1.4092
0.32683 1.4087
0.32733 1.4083
0.32783 1.4079
0.32833 1.4074
0.32883 1.407
0.32933 1.4066
0.32983 1.4061
0.33033 1.4057
0.33083 1.4052
0.33133 1.4048
0.33183 1.4043
0.33233 1.4039
0.33283 1.4034
0.33333 1.4029
0.33383 1.4023
0.33433 1.4018
0.33483 1.4012
0.33534 1.4007
0.33584 1.4001
0.33634 1.3995
0.33684 1.3989
0.33734 1.3983
0.33784 1.3976
0.33834 1.397
0.33884 1.3963
0.33934 1.3957
0.33984 1.395
0.34034 1.3944
0.34084 1.3938
0.34134 1.3931
0.34184 1.3925
0.34234 1.3919
0.34284 1.3913
0.34334 1.3907
0.34384 1.3901
0.34434 1.3896
0.34484 1.389
0.34535 1.3885
0.34585 1.3879
0.34635 1.3874
0.34685 1.3869
0.34735 1.3864
0.34785 1.3859
0.34835 1.3854
0.34885 1.3848
0.34935 1.3843
0.34985 1.3838
0.35035 1.3832
0.35085 1.3826
0.35135 1.382
0.35185 1.3814
0.35235 1.3808
0.35285 1.3802
0.35335 1.3795
0.35385 1.3788
0.35435 1.3781
0.35485 1.3774
0.35536 1.3767
0.35586 1.376
0.35636 1.3752
0.35686 1.3745
0.35736 1.3737
0.35786 1.3729
0.35836 1.3722
0.35886 1.3714
0.35936 1.3707
0.35986 1.37
0.36036 1.3693
0.36086 1.3686
0.36136 1.3679
0.36186 1.3672
0.36236 1.3665
0.36286 1.3659
0.36336 1.3653
0.36386 1.3647
0.36436 1.3641
0.36486 1.3635
0.36537 1.3629
0.36587 1.3623
0.36637 1.3617
0.36687 1.3611
0.36737 1.3605
0.36787 1.3599
0.36837 1.3593
0.36887 1.3587
0.36937 1.358
0.36987 1.3574
0.37037 1.3567
0.37087 1.356
0.37137 1.3552
0.37187 1.3545
0.37237 1.3537
0.37287 1.3529
0.37337 1.3521
0.37387 1.3513
0.37437 1.3504
0.37487 1.3496
0.37538 1.3487
0.37588 1.3479
0.37638 1.3471
0.37688 1.3462
0.37738 1.3454
0.37788 1.3446
0.37838 1.3438
0.37888 1.343
0.37938 1.3423
0.37988 1.3415
0.38038 1.3408
0.38088 1.3401
0.38138 1.3394
0.38188 1.3388
0.38238 1.3381
0.38288 1.3375
0.38338 1.3369
0.38388 1.3363
0.38438 1.3356
0.38488 1.335
0.38539 1.3344
0.38589 1.3337
0.38639 1.3331
0.38689 1.3324
0.38739 1.3317
0.38789 1.3309
0.38839 1.3302
0.38889 1.3294
0.38939 1.3286
0.38989 1.3277
0.39039 1.3268
0.39089 1.3259
0.39139 1.325
0.39189 1.324
0.39239 1.3231
0.39289 1.3221
0.39339 1.3211
0.39389 1.3201
0.39439 1.3191
0.39489 1.3182
0.3954 1.3172
0.3959 1.3163
0.3964 1.3154
0.3969 1.3145
0.3974 1.3137
0.3979 1.3129
0.3984 1.3121
0.3989 1.3113
0.3994 1.3106
0.3999 1.31
0.4004 1.3093
0.4009 1.3087
0.4014 1.3081
0.4019 1.3075
0.4024 1.307
0.4029 1.3064
0.4034 1.3059
0.4039 1.3053
0.4044 1.3047
0.4049 1.3041
0.40541 1.3035
0.40591 1.3028
0.40641 1.3021
0.40691 1.3014
0.40741 1.3006
0.40791 1.2998
0.40841 1.2989
0.40891 1.298
0.40941 1.2971
0.40991 1.2961
0.41041 1.295
0.41091 1.294
0.41141 1.2929
0.41191 1.2918
0.41241 1.2907
0.41291 1.2895
0.41341 1.2884
0.41391 1.2873
0.41441 1.2862
0.41491 1.2851
0.41542 1.2841
0.41592 1.2831
0.41642 1.2821
0.41692 1.2812
0.41742 1.2803
0.41792 1.2795
0.41842 1.2787
0.41892 1.278
0.41942 1.2773
0.41992 1.2767
0.42042 1.276
0.42092 1.2755
0.42142 1.2749
0.42192 1.2743
0.42242 1.2738
0.42292 1.2732
0.42342 1.2727
0.42392 1.2721
0.42442 1.2715
0.42492 1.2709
0.42543 1.2703
0.42593 1.2696
0.42643 1.2689
0.42693 1.2681
0.42743 1.2673
0.42793 1.2664
0.42843 1.2655
0.42893 1.2645
0.42943 1.2635
0.42993 1.2624
0.43043 1.2614
0.43093 1.2603
0.43143 1.2591
0.43193 1.258
0.43243 1.2568
0.43293 1.2557
0.43343 1.2546
0.43393 1.2534
0.43443 1.2523
0.43493 1.2512
0.43544 1.2502
0.43594 1.2492
0.43644 1.2482
0.43694 1.2473
0.43744 1.2463
0.43794 1.2455
0.43844 1.2446
0.43894 1.2438
0.43944 1.2431
0.43994 1.2423
0.44044 1.2416
0.44094 1.2409
0.44144 1.2402
0.44194 1.2395
0.44244 1.2388
0.44294 1.2381
0.44344 1.2374
0.44394 1.2366
0.44444 1.2358
0.44494 1.235
0.44545 1.2342
0.44595 1.2333
0.44645 1.2324
0.44695 1.2314
0.44745 1.2305
0.44795 1.2294
0.44845 1.2284
0.44895 1.2273
0.44945 1.2262
0.44995 1.2251
0.45045 1.2239
0.45095 1.2228
0.45145 1.2216
0.45195 1.2204
0.45245 1.2193
0.45295 1.2181
0.45345 1.2169
0.45395 1.2158
0.45445 1.2147
0.45495 1.2136
0.45546 1.2125
0.45596 1.2114
0.45646 1.2104
0.45696 1.2093
0.45746 1.2083
0.45796 1.2073
0.45846 1.2063
0.45896 1.2053
0.45946 1.2044
0.45996 1.2034
0.46046 1.2024
0.46096 1.2015
0.46146 1.2005
0.46196 1.1995
0.46246 1.1985
0.46296 1.1975
0.46346 1.1965
0.46396 1.1955
0.46446 1.1944
0.46496 1.1934
0.46547 1.1923
0.46597 1.1912
0.46647 1.1901
0.46697 1.1891
0.46747 1.188
0.46797 1.1869
0.46847 1.1858
0.46897 1.1847
0.46947 1.1836
0.46997 1.1825
0.47047 1.1814
0.47097 1.1803
0.47147 1.1792
0.47197 1.1782
0.47247 1.1771
0.47297 1.1761
0.47347 1.1751
0.47397 1.1741
0.47447 1.173
0.47497 1.172
0.47548 1.171
0.47598 1.17
0.47648 1.169
0.47698 1.1679
0.47748 1.1669
0.47798 1.1659
0.47848 1.1648
0.47898 1.1637
0.47948 1.1627
0.47998 1.1616
0.48048 1.1604
0.48098 1.1593
0.48148 1.1582
0.48198 1.157
0.48248 1.1559
0.48298 1.1547
0.48348 1.1536
0.48398 1.1524
0.48448 1.1513
0.48498 1.1501
0.48549 1.149
0.48599 1.1479
0.48649 1.1467
0.48699 1.1457
0.48749 1.1446
0.48799 1.1435
0.48849 1.1425
0.48899 1.1415
0.48949 1.1405
0.48999 1.1395
0.49049 1.1385
0.49099 1.1375
0.49149 1.1366
0.49199 1.1356
0.49249 1.1347
0.49299 1.1337
0.49349 1.1328
0.49399 1.1318
0.49449 1.1309
0.49499 1.1299
0.4955 1.1289
0.496 1.1279
0.4965 1.1268
0.497 1.1258
0.4975 1.1247
0.498 1.1236
0.4985 1.1225
0.499 1.1213
0.4995 1.1202
0.5 1.119
0.5005 1.1179
0.501 1.1167
0.5015 1.1155
0.502 1.1144
0.5025 1.1132
0.503 1.1121
0.5035 1.1109
0.504 1.1098
0.5045 1.1087
0.50501 1.1076
0.50551 1.1065
0.50601 1.1055
0.50651 1.1045
0.50701 1.1034
0.50751 1.1025
0.50801 1.1015
0.50851 1.1005
0.50901 1.0995
0.50951 1.0986
0.51001 1.0976
0.51051 1.0967
0.51101 1.0957
0.51151 1.0948
0.51201 1.0938
0.51251 1.0928
0.51301 1.0918
0.51351 1.0907
0.51401 1.0897
0.51451 1.0886
0.51502 1.0875
0.51552 1.0864
0.51602 1.0853
0.51652 1.0842
0.51702 1.0831
0.51752 1.0819
0.51802 1.0808
0.51852 1.0797
0.51902 1.0785
0.51952 1.0774
0.52002 1.0763
0.52052 1.0752
0.52102 1.0741
0.52152 1.0731
0.52202 1.072
0.52252 1.071
0.52302 1.07
0.52352 1.0691
0.52402 1.0681
0.52452 1.0672
0.52503 1.0662
0.52553 1.0653
0.52603 1.0644
0.52653 1.0635
0.52703 1.0625
0.52753 1.0616
0.52803 1.0607
0.52853 1.0597
0.52903 1.0587
0.52953 1.0577
0.53003 1.0567
0.53053 1.0556
0.53103 1.0546
0.53153 1.0535
0.53203 1.0523
0.53253 1.0512
0.53303 1.05
0.53353 1.0489
0.53403 1.0477
0.53453 1.0465
0.53504 1.0453
0.53554 1.0442
0.53604 1.043
0.53654 1.0419
0.53704 1.0408
0.53754 1.0397
0.53804 1.0386
0.53854 1.0376
0.53904 1.0366
0.53954 1.0357
0.54004 1.0347
0.54054 1.0338
0.54104 1.0329
0.54154 1.0321
0.54204 1.0312
0.54254 1.0304
0.54304 1.0296
0.54354 1.0288
0.54404 1.0279
0.54454 1.0271
0.54505 1.0262
0.54555 1.0254
0.54605 1.0244
0.54655 1.0235
0.54705 1.0225
0.54755 1.0215
0.54805 1.0205
0.54855 1.0194
0.54905 1.0183
0.54955 1.0171
0.55005 1.0159
0.55055 1.0147
0.55105 1.0135
0.55155 1.0123
0.55205 1.0111
0.55255 1.0099
0.55305 1.0087
0.55355 1.0076
0.55405 1.0064
0.55455 1.0053
0.55506 1.0043
0.55556 1.0032
0.55606 1.0022
0.55656 1.0013
0.55706 1.0004
0.55756 0.99954
0.55806 0.99872
0.55856 0.99793
0.55906 0.99717
0.55956 0.99642
0.56006 0.99569
0.56056 0.99497
0.56106 0.99424
0.56156 0.9935
0.56206 0.99274
0.56256 0.99195
0.56306 0.99113
0.56356 0.99028
0.56406 0.98938
0.56456 0.98844
0.56507 0.98745
0.56557 0.98642
0.56607 0.98534
0.56657 0.98423
0.56707 0.98308
0.56757 0.98191
0.56807 0.98071
0.56857 0.9795
0.56907 0.97828
0.56957 0.97707
0.57007 0.97587
0.57057 0.9747
0.57107 0.97355
0.57157 0.97244
0.57207 0.97137
0.57257 0.97035
0.57307 0.96938
0.57357 0.96846
0.57407 0.96759
0.57457 0.96677
0.57508 0.966
0.57558 0.96527
0.57608 0.96457
0.57658 0.96391
0.57708 0.96326
0.57758 0.96262
0.57808 0.96199
0.57858 0.96134
0.57908 0.96068
0.57958 0.96
0.58008 0.95928
0.58058 0.95851
0.58108 0.95771
0.58158 0.95685
0.58208 0.95595
0.58258 0.95499
0.58308 0.95398
0.58358 0.95293
0.58408 0.95183
0.58458 0.9507
0.58509 0.94955
0.58559 0.94837
0.58609 0.94719
0.58659 0.94601
0.58709 0.94484
0.58759 0.94369
0.58809 0.94257
0.58859 0.94148
0.58909 0.94045
0.58959 0.93946
0.59009 0.93853
0.59059 0.93765
0.59109 0.93683
0.59159 0.93607
0.59209 0.93535
0.59259 0.93469
0.59309 0.93406
0.59359 0.93347
0.59409 0.9329
0.59459 0.93234
0.5951 0.93179
0.5956 0.93123
0.5961 0.93065
0.5966 0.93005
0.5971 0.92941
0.5976 0.92873
0.5981 0.928
0.5986 0.92722
0.5991 0.92639
0.5996 0.9255
0.6001 0.92457
0.6006 0.92358
0.6011 0.92256
0.6016 0.9215
0.6021 0.92041
0.6026 0.9193
0.6031 0.91819
0.6036 0.91708
0.6041 0.91598
0.6046 0.91491
0.60511 0.91387
0.60561 0.91287
0.60611 0.91192
0.60661 0.91102
0.60711 0.91018
0.60761 0.9094
0.60811 0.90867
0.60861 0.908
0.60911 0.90739
0.60961 0.90682
0.61011 0.90628
0.61061 0.90578
0.61111 0.9053
0.61161 0.90482
0.61211 0.90435
0.61261 0.90386
0.61311 0.90335
0.61361 0.90281
0.61411 0.90222
0.61461 0.9016
0.61512 0.90092
0.61562 0.90019
0.61612 0.89941
0.61662 0.89857
0.61712 0.89769
0.61762 0.89676
0.61812 0.89579
0.61862 0.8948
0.61912 0.89378
0.61962 0.89276
0.62012 0.89174
0.62062 0.89073
0.62112 0.88974
0.62162 0.88879
0.62212 0.88788
0.62262 0.88702
0.62312 0.88622
0.62362 0.88547
0.62412 0.88479
0.62462 0.88417
0.62513 0.8836
0.62563 0.88309
0.62613 0.88262
0.62663 0.8822
0.62713 0.8818
0.62763 0.88143
0.62813 0.88106
0.62863 0.88069
0.62913 0.88031
0.62963 0.8799
0.63013 0.87945
0.63063 0.87897
0.63113 0.87843
0.63163 0.87784
0.63213 0.87719
0.63263 0.87649
0.63313 0.87573
0.63363 0.87492
0.63413 0.87406
0.63463 0.87316
0.63514 0.87224
0.63564 0.8713
0.63614 0.87036
0.63664 0.86942
0.63714 0.8685
0.63764 0.86761
0.63814 0.86676
0.63864 0.86597
0.63914 0.86523
0.63964 0.86455
0.64014 0.86395
0.64064 0.86341
0.64114 0.86294
0.64164 0.86253
0.64214 0.86219
0.64264 0.86189
0.64314 0.86163
0.64364 0.8614
0.64414 0.86119
0.64464 0.86099
0.64515 0.86077
0.64565 0.86053
0.64615 0.86026
0.64665 0.85995
0.64715 0.85958
0.64765 0.85915
0.64815 0.85865
0.64865 0.85809
0.64915 0.85746
0.64965 0.85677
0.65015 0.85602
0.65065 0.85522
0.65115 0.85438
0.65165 0.85352
0.65215 0.85263
0.65265 0.85175
0.65315 0.85089
0.65365 0.85005
0.65415 0.84925
0.65465 0.84851
0.65516 0.84783
0.65566 0.84722
0.65616 0.8467
0.65666 0.84625
0.65716 0.84589
0.65766 0.8456
0.65816 0.84539
0.65866 0.84525
0.65916 0.84517
0.65966 0.84512
0.66016 0.84511
0.66066 0.84511
0.66116 0.84512
0.66166 0.8451
0.66216 0.84505
0.66266 0.84496
0.66316 0.84481
0.66366 0.84459
0.66416 0.8443
0.66466 0.84393
0.66517 0.84348
0.66567 0.84294
0.66617 0.84233
0.66667 0.84166
0.66717 0.84092
0.66767 0.84015
0.66817 0.83934
0.66867 0.83853
0.66917 0.83771
0.66967 0.83692
0.67017 0.83617
0.67067 0.83547
0.67117 0.83484
0.67167 0.8343
0.67217 0.83384
0.67267 0.83347
0.67317 0.83321
0.67367 0.83304
0.67417 0.83297
0.67467 0.83299
0.67518 0.83308
0.67568 0.83323
0.67618 0.83343
0.67668 0.83367
0.67718 0.83391
0.67768 0.83415
0.67818 0.83436
0.67868 0.83454
0.67918 0.83465
0.67968 0.83469
0.68018 0.83464
0.68068 0.83451
0.68118 0.83427
0.68168 0.83395
0.68218 0.83352
0.68268 0.83301
0.68318 0.83243
0.68368 0.83178
0.68418 0.83109
0.68468 0.83037
0.68519 0.82963
0.68569 0.82892
0.68619 0.82823
0.68669 0.82759
0.68719 0.82703
0.68769 0.82655
0.68819 0.82616
0.68869 0.82589
0.68919 0.82573
0.68969 0.82568
0.69019 0.82575
0.69069 0.82593
0.69119 0.8262
0.69169 0.82656
0.69219 0.82698
0.69269 0.82745
0.69319 0.82795
0.69369 0.82846
0.69419 0.82895
0.69469 0.8294
0.6952 0.8298
0.6957 0.83012
0.6962 0.83035
0.6967 0.83048
0.6972 0.8305
0.6977 0.8304
0.6982 0.8302
0.6987 0.82989
0.6992 0.82949
0.6997 0.82901
0.7002 0.82846
0.7007 0.82787
0.7012 0.82726
0.7017 0.82665
0.7022 0.82607
0.7027 0.82553
0.7032 0.82506
0.7037 0.82469
0.7042 0.82441
0.7047 0.82426
0.70521 0.82423
0.70571 0.82433
0.70621 0.82457
0.70671 0.82493
0.70721 0.8254
0.70771 0.82598
0.70821 0.82664
0.70871 0.82737
0.70921 0.82814
0.70971 0.82892
0.71021 0.82969
0.71071 0.83043
0.71121 0.83111
0.71171 0.83172
0.71221 0.83222
0.71271 0.83262
0.71321 0.8329
0.71371 0.83305
0.71421 0.83307
0.71471 0.83298
0.71522 0.83277
0.71572 0.83247
0.71622 0.83209
0.71672 0.83166
0.71722 0.83119
0.71772 0.83073
0.71822 0.83028
0.71872 0.82989
0.71922 0.82957
0.71972 0.82935
0.72022 0.82924
0.72072 0.82926
0.72122 0.82943
0.72172 0.82974
0.72222 0.8302
0.72272 0.8308
0.72322 0.83154
0.72372 0.83239
0.72422 0.83333
0.72472 0.83435
0.72523 0.83542
0.72573 0.8365
0.72623 0.83757
0.72673 0.83861
0.72723 0.83958
0.72773 0.84046
0.72823 0.84123
0.72873 0.84187
0.72923 0.84238
0.72973 0.84274
0.73023 0.84297
0.73073 0.84305
0.73123 0.84302
0.73173 0.84288
0.73223 0.84265
0.73273 0.84236
0.73323 0.84205
0.73373 0.84174
0.73423 0.84146
0.73473 0.84124
0.73524 0.84111
0.73574 0.8411
0.73624 0.84122
0.73674 0.8415
0.73724 0.84195
0.73774 0.84256
0.73824 0.84335
0.73874 0.84429
0.73924 0.84538
0.73974 0.8466
0.74024 0.84791
0.74074 0.8493
0.74124 0.85074
0.74174 0.85218
0.74224 0.85359
0.74274 0.85495
0.74324 0.85621
0.74374 0.85736
0.74424 0.85837
0.74474 0.85923
0.74525 0.85991
0.74575 0.86043
0.74625 0.86077
0.74675 0.86097
0.74725 0.86102
0.74775 0.86096
0.74825 0.86081
0.74875 0.86061
0.74925 0.8604
0.74975 0.86021
0.75025 0.86007
0.75075 0.86004
0.75125 0.86013
0.75175 0.86038
0.75225 0.86082
0.75275 0.86145
0.75325 0.86229
0.75375 0.86333
0.75425 0.86458
0.75475 0.86602
0.75526 0.86762
0.75576 0.86936
0.75626 0.8712
0.75676 0.87311
0.75726 0.87503
0.75776 0.87693
0.75826 0.87876
0.75876 0.88048
0.75926 0.88206
0.75976 0.88346
0.76026 0.88466
0.76076 0.88564
0.76126 0.8864
0.76176 0.88693
0.76226 0.88725
0.76276 0.88738
0.76326 0.88736
0.76376 0.8872
0.76426 0.88697
0.76476 0.88671
0.76527 0.88647
0.76577 0.8863
0.76627 0.88626
0.76677 0.88639
0.76727 0.88673
0.76777 0.88731
0.76827 0.88817
0.76877 0.88932
0.76927 0.89075
0.76977 0.89248
0.77027 0.89446
0.77077 0.89668
0.77127 0.8991
0.77177 0.90166
0.77227 0.90431
0.77277 0.90698
0.77327 0.90961
0.77377 0.91214
0.77427 0.9145
0.77477 0.91663
0.77528 0.91848
0.77578 0.92001
0.77628 0.9212
0.77678 0.92203
0.77728 0.92251
0.77778 0.92264
0.77828 0.92247
0.77878 0.92204
0.77928 0.92142
0.77978 0.92067
0.78028 0.91988
0.78078 0.91914
0.78128 0.91853
0.78178 0.91814
0.78228 0.91805
0.78278 0.91835
0.78328 0.91907
0.78378 0.92028
0.78428 0.92198
0.78478 0.92419
0.78529 0.92687
0.78579 0.92997
0.78629 0.93341
0.78679 0.93709
0.78729 0.94088
0.78779 0.94462
0.78829 0.94813
0.78879 0.95121
0.78929 0.95367
0.78979 0.9553
0.79029 0.95588
0.79079 0.95522
0.79129 0.95314
0.79179 0.94949
0.79229 0.94416
0.79279 0.93708
0.79329 0.92823
0.79379 0.91764
0.79429 0.9054
0.79479 0.89166
0.7953 0.87661
0.7958 0.86049
0.7963 0.84357
0.7968 0.82613
0.7973 0.80846
0.7978 0.79085
0.7983 0.77355
0.7988 0.75679
0.7993 0.74075
0.7998 0.72557
0.8003 0.71135
0.8008 0.69816
0.8013 0.68601
0.8018 0.67489
0.8023 0.66478
0.8028 0.65562
0.8033 0.64736
0.8038 0.63992
0.8043 0.63325
0.8048 0.62728
0.80531 0.62194
0.80581 0.61717
0.80631 0.61292
0.80681 0.60913
0.80731 0.60576
0.80781 0.60278
0.80831 0.60015
0.80881 0.59783
0.80931 0.59581
0.80981 0.59405
0.81031 0.59254
0.81081 0.59125
0.81131 0.59018
0.81181 0.58931
0.81231 0.58862
0.81281 0.5881
0.81331 0.58775
0.81381 0.58754
0.81431 0.58748
0.81481 0.58755
0.81532 0.58774
0.81582 0.58805
0.81632 0.58847
0.81682 0.58898
0.81732 0.58958
0.81782 0.59026
0.81832 0.59102
0.81882 0.59184
0.81932 0.59272
0.81982 0.59365
0.82032 0.59462
0.82082 0.59563
0.82132 0.59667
0.82182 0.59773
0.82232 0.59881
0.82282 0.5999
0.82332 0.60099
0.82382 0.60208
0.82432 0.60316
0.82482 0.60423
0.82533 0.60529
0.82583 0.60633
0.82633 0.60734
0.82683 0.60833
0.82733 0.60929
0.82783 0.61021
0.82833 0.61111
0.82883 0.61197
0.82933 0.6128
0.82983 0.61359
0.83033 0.61434
0.83083 0.61507
0.83133 0.61576
0.83183 0.61641
0.83233 0.61704
0.83283 0.61764
0.83333 0.61821
0.83383 0.61875
0.83433 0.61928
0.83483 0.61978
0.83534 0.62027
0.83584 0.62075
0.83634 0.62122
0.83684 0.62169
0.83734 0.62215
0.83784 0.62261
0.83834 0.62307
0.83884 0.62354
0.83934 0.62402
0.83984 0.62452
0.84034 0.62503
0.84084 0.62556
0.84134 0.62611
0.84184 0.62668
0.84234 0.62728
0.84284 0.6279
0.84334 0.62855
0.84384 0.62923
0.84434 0.62995
0.84484 0.63069
0.84535 0.63146
0.84585 0.63226
0.84635 0.63309
0.84685 0.63396
0.84735 0.63485
0.84785 0.63577
0.84835 0.63672
0.84885 0.63769
0.84935 0.63869
0.84985 0.63971
0.85035 0.64075
0.85085 0.6418
0.85135 0.64287
0.85185 0.64396
0.85235 0.64505
0.85285 0.64616
0.85335 0.64727
0.85385 0.64838
0.85435 0.64949
0.85485 0.65061
0.85536 0.65172
0.85586 0.65282
0.85636 0.65391
0.85686 0.655
0.85736 0.65607
0.85786 0.65713
0.85836 0.65818
0.85886 0.65921
0.85936 0.66022
0.85986 0.66121
0.86036 0.66219
0.86086 0.66315
0.86136 0.66409
0.86186 0.66501
0.86236 0.66591
0.86286 0.6668
0.86336 0.66767
0.86386 0.66852
0.86436 0.66936
0.86486 0.67018
0.86537 0.67099
0.86587 0.6718
0.86637 0.67259
0.86687 0.67338
0.86737 0.67416
0.86787 0.67494
0.86837 0.67571
0.86887 0.67649
0.86937 0.67727
0.86987 0.67806
0.87037 0.67885
0.87087 0.67965
0.87137 0.68046
0.87187 0.68129
0.87237 0.68213
0.87287 0.68298
0.87337 0.68385
0.87387 0.68474
0.87437 0.68565
0.87487 0.68657
0.87538 0.68752
0.87588 0.68848
0.87638 0.68947
0.87688 0.69048
0.87738 0.69151
0.87788 0.69255
0.87838 0.69362
0.87888 0.69471
0.87938 0.69581
0.87988 0.69694
0.88038 0.69807
0.88088 0.69923
0.88138 0.70039
0.88188 0.70157
0.88238 0.70276
0.88288 0.70395
0.88338 0.70515
0.88388 0.70636
0.88438 0.70757
0.88488 0.70878
0.88539 0.70999
0.88589 0.7112
0.88639 0.71241
0.88689 0.7136
0.88739 0.7148
0.88789 0.71598
0.88839 0.71716
0.88889 0.71832
0.88939 0.71947
0.88989 0.72061
0.89039 0.72174
0.89089 0.72286
0.89139 0.72396
0.89189 0.72504
0.89239 0.72612
0.89289 0.72717
0.89339 0.72822
0.89389 0.72925
0.89439 0.73028
0.89489 0.73129
0.8954 0.73229
0.8959 0.73328
0.8964 0.73427
0.8969 0.73524
0.8974 0.73622
0.8979 0.73719
0.8984 0.73816
0.8989 0.73913
0.8994 0.7401
0.8999 0.74107
0.9004 0.74204
0.9009 0.74303
0.9014 0.74402
0.9019 0.74502
0.9024 0.74603
0.9029 0.74705
0.9034 0.74808
0.9039 0.74912
0.9044 0.75018
0.9049 0.75126
0.90541 0.75235
0.90591 0.75345
0.90641 0.75458
0.90691 0.75571
0.90741 0.75687
0.90791 0.75803
0.90841 0.75922
0.90891 0.76041
0.90941 0.76162
0.90991 0.76285
0.91041 0.76408
0.91091 0.76533
0.91141 0.76658
0.91191 0.76785
0.91241 0.76912
0.91291 0.77039
0.91341 0.77167
0.91391 0.77295
0.91441 0.77423
0.91491 0.77551
0.91542 0.77679
0.91592 0.77807
0.91642 0.77934
0.91692 0.7806
0.91742 0.78186
0.91792 0.7831
0.91842 0.78434
0.91892 0.78557
0.91942 0.78679
0.91992 0.78799
0.92042 0.78919
0.92092 0.79037
0.92142 0.79154
0.92192 0.79269
0.92242 0.79384
0.92292 0.79497
0.92342 0.7961
0.92392 0.79721
0.92442 0.79831
0.92492 0.7994
0.92543 0.80049
0.92593 0.80157
0.92643 0.80264
0.92693 0.80371
0.92743 0.80478
0.92793 0.80585
0.92843 0.80691
0.92893 0.80798
0.92943 0.80905
0.92993 0.81013
0.93043 0.81121
0.93093 0.81229
0.93143 0.81339
0.93193 0.81449
0.93243 0.81561
0.93293 0.81673
0.93343 0.81787
0.93393 0.81901
0.93443 0.82017
0.93493 0.82135
0.93544 0.82253
0.93594 0.82373
0.93644 0.82494
0.93694 0.82616
0.93744 0.8274
0.93794 0.82864
0.93844 0.8299
0.93894 0.83117
0.93944 0.83244
0.93994 0.83372
0.94044 0.83501
0.94094 0.8363
0.94144 0.8376
0.94194 0.8389
0.94244 0.8402
0.94294 0.8415
0.94344 0.84279
0.94394 0.84409
0.94444 0.84538
0.94494 0.84666
0.94545 0.84794
0.94595 0.84921
0.94645 0.85047
0.94695 0.85172
0.94745 0.85296
0.94795 0.85419
0.94845 0.85541
0.94895 0.85661
0.94945 0.8578
0.94995 0.85899
0.95045 0.86015
0.95095 0.86131
0.95145 0.86246
0.95195 0.86359
0.95245 0.86472
0.95295 0.86584
0.95345 0.86695
0.95395 0.86805
0.95445 0.86915
0.95495 0.87024
0.95546 0.87133
0.95596 0.87241
0.95646 0.8735
0.95696 0.87458
0.95746 0.87567
0.95796 0.87676
0.95846 0.87786
0.95896 0.87896
0.95946 0.88007
0.95996 0.88118
0.96046 0.8823
0.96096 0.88344
0.96146 0.88458
0.96196 0.88573
0.96246 0.88689
0.96296 0.88806
0.96346 0.88924
0.96396 0.89043
0.96446 0.89164
0.96496 0.89285
0.96547 0.89407
0.96597 0.8953
0.96647 0.89653
0.96697 0.89777
0.96747 0.89902
0.96797 0.90027
0.96847 0.90152
0.96897 0.90278
0.96947 0.90403
0.96997 0.90529
0.97047 0.90654
0.97097 0.90778
0.97147 0.90903
0.97197 0.91026
0.97247 0.91149
0.97297 0.91271
0.97347 0.91392
0.97397 0.91512
0.97447 0.91631
0.97497 0.91748
0.97548 0.91865
0.97598 0.9198
0.97648 0.92094
0.97698 0.92207
0.97748 0.92319
0.97798 0.9243
0.97848 0.92539
0.97898 0.92647
0.97948 0.92755
0.97998 0.92862
0.98048 0.92967
0.98098 0.93073
0.98148 0.93177
0.98198 0.93282
0.98248 0.93386
0.98298 0.93489
0.98348 0.93593
0.98398 0.93697
0.98448 0.93801
0.98498 0.93906
0.98549 0.94011
0.98599 0.94117
0.98649 0.94223
0.98699 0.9433
0.98749 0.94437
0.98799 0.94546
0.98849 0.94655
0.98899 0.94765
0.98949 0.94876
0.98999 0.94988
0.99049 0.95101
0.99099 0.95215
0.99149 0.95329
0.99199 0.95444
0.99249 0.95559
0.99299 0.95675
0.99349 0.95791
0.99399 0.95908
0.99449 0.96024
0.99499 0.96141
0.9955 0.96257
0.996 0.96373
0.9965 0.96488
0.997 0.96603
0.9975 0.96717
0.998 0.9683
0.9985 0.96943
0.999 0.97054
0.9995 0.97164
1 0.97274
