time energy 
0 1.2797
0.0005005 1.2794
0.001001 1.2791
0.0015015 1.2788
0.002002 1.2785
0.0025025 1.2782
0.003003 1.2779
0.0035035 1.2777
0.004004 1.2774
0.0045045 1.2771
0.005005 1.2768
0.0055055 1.2765
0.006006 1.2762
0.0065065 1.2759
0.007007 1.2756
0.0075075 1.2754
0.008008 1.2751
0.0085085 1.2748
0.009009 1.2745
0.0095095 1.2742
0.01001 1.2739
0.010511 1.2736
0.011011 1.2734
0.011512 1.2731
0.012012 1.2728
0.012513 1.2725
0.013013 1.2722
0.013514 1.272
0.014014 1.2717
0.014515 1.2714
0.015015 1.2711
0.015516 1.2709
0.016016 1.2706
0.016517 1.2703
0.017017 1.27
0.017518 1.2698
0.018018 1.2695
0.018519 1.2692
0.019019 1.269
0.01952 1.2687
0.02002 1.2684
0.020521 1.2681
0.021021 1.2679
0.021522 1.2676
0.022022 1.2673
0.022523 1.2671
0.023023 1.2668
0.023524 1.2666
0.024024 1.2663
0.024525 1.266
0.025025 1.2658
0.025526 1.2655
0.026026 1.2652
0.026527 1.265
0.027027 1.2647
0.027528 1.2645
0.028028 1.2642
0.028529 1.2639
0.029029 1.2637
0.02953 1.2634
0.03003 1.2632
0.030531 1.2629
0.031031 1.2627
0.031532 1.2624
0.032032 1.2622
0.032533 1.2619
0.033033 1.2616
0.033534 1.2614
0.034034 1.2611
0.034535 1.2609
0.035035 1.2606
0.035536 1.2604
0.036036 1.2601
0.036537 1.2599
0.037037 1.2596
0.037538 1.2594
0.038038 1.2591
0.038539 1.2589
0.039039 1.2586
0.03954 1.2583
0.04004 1.2581
0.040541 1.2578
0.041041 1.2576
0.041542 1.2573
0.042042 1.2571
0.042543 1.2568
0.043043 1.2566
0.043544 1.2563
0.044044 1.256
0.044545 1.2558
0.045045 1.2555
0.045546 1.2553
0.046046 1.255
0.046547 1.2547
0.047047 1.2545
0.047548 1.2542
0.048048 1.2539
0.048549 1.2537
0.049049 1.2534
0.04955 1.2531
0.05005 1.2529
0.050551 1.2526
0.051051 1.2523
0.051552 1.2521
0.052052 1.2518
0.052553 1.2515
0.053053 1.2512
0.053554 1.251
0.054054 1.2507
0.054555 1.2504
0.055055 1.2501
0.055556 1.2498
0.056056 1.2496
0.056557 1.2493
0.057057 1.249
0.057558 1.2487
0.058058 1.2484
0.058559 1.2481
0.059059 1.2478
0.05956 1.2475
0.06006 1.2472
0.060561 1.2469
0.061061 1.2467
0.061562 1.2464
0.062062 1.2461
0.062563 1.2458
0.063063 1.2454
0.063564 1.2451
0.064064 1.2448
0.064565 1.2445
0.065065 1.2442
0.065566 1.2439
0.066066 1.2436
0.066567 1.2433
0.067067 1.243
0.067568 1.2427
0.068068 1.2423
0.068569 1.242
0.069069 1.2417
0.06957 1.2414
0.07007 1.2411
0.070571 1.2407
0.071071 1.2404
0.071572 1.2401
0.072072 1.2398
0.072573 1.2394
0.073073 1.2391
0.073574 1.2388
0.074074 1.2385
0.074575 1.2381
0.075075 1.2378
0.075576 1.2374
0.076076 1.2371
0.076577 1.2368
0.077077 1.2364
0.077578 1.2361
0.078078 1.2358
0.078579 1.2354
0.079079 1.2351
0.07958 1.2347
0.08008 1.2344
0.080581 1.234
0.081081 1.2337
0.081582 1.2333
0.082082 1.233
0.082583 1.2327
0.083083 1.2323
0.083584 1.232
0.084084 1.2316
0.084585 1.2312
0.085085 1.2309
0.085586 1.2305
0.086086 1.2302
0.086587 1.2298
0.087087 1.2295
0.087588 1.2291
0.088088 1.2288
0.088589 1.2284
0.089089 1.2281
0.08959 1.2277
0.09009 1.2273
0.090591 1.227
0.091091 1.2266
0.091592 1.2263
0.092092 1.2259
0.092593 1.2256
0.093093 1.2252
0.093594 1.2248
0.094094 1.2245
0.094595 1.2241
0.095095 1.2238
0.095596 1.2234
0.096096 1.223
0.096597 1.2227
0.097097 1.2223
0.097598 1.222
0.098098 1.2216
0.098599 1.2212
0.099099 1.2209
0.0996 1.2205
0.1001 1.2201
0.1006 1.2198
0.1011 1.2194
0.1016 1.2191
0.1021 1.2187
0.1026 1.2183
0.1031 1.218
0.1036 1.2176
0.1041 1.2172
0.1046 1.2169
0.10511 1.2165
0.10561 1.2162
0.10611 1.2158
0.10661 1.2154
0.10711 1.2151
0.10761 1.2147
0.10811 1.2143
0.10861 1.214
0.10911 1.2136
0.10961 1.2132
0.11011 1.2129
0.11061 1.2125
0.11111 1.2122
0.11161 1.2118
0.11211 1.2114
0.11261 1.2111
0.11311 1.2107
0.11361 1.2103
0.11411 1.21
0.11461 1.2096
0.11512 1.2092
0.11562 1.2089
0.11612 1.2085
0.11662 1.2081
0.11712 1.2077
0.11762 1.2074
0.11812 1.207
0.11862 1.2066
0.11912 1.2063
0.11962 1.2059
0.12012 1.2055
0.12062 1.2051
0.12112 1.2048
0.12162 1.2044
0.12212 1.204
0.12262 1.2036
0.12312 1.2033
0.12362 1.2029
0.12412 1.2025
0.12462 1.2021
0.12513 1.2018
0.12563 1.2014
0.12613 1.201
0.12663 1.2006
0.12713 1.2002
0.12763 1.1998
0.12813 1.1995
0.12863 1.1991
0.12913 1.1987
0.12963 1.1983
0.13013 1.1979
0.13063 1.1975
0.13113 1.1971
0.13163 1.1967
0.13213 1.1963
0.13263 1.1959
0.13313 1.1955
0.13363 1.1951
0.13413 1.1947
0.13463 1.1943
0.13514 1.1939
0.13564 1.1935
0.13614 1.1931
0.13664 1.1927
0.13714 1.1923
0.13764 1.1919
0.13814 1.1915
0.13864 1.1911
0.13914 1.1906
0.13964 1.1902
0.14014 1.1898
0.14064 1.1894
0.14114 1.189
0.14164 1.1886
0.14214 1.1881
0.14264 1.1877
0.14314 1.1873
0.14364 1.1869
0.14414 1.1864
0.14464 1.186
0.14515 1.1856
0.14565 1.1851
0.14615 1.1847
0.14665 1.1843
0.14715 1.1838
0.14765 1.1834
0.14815 1.183
0.14865 1.1825
0.14915 1.1821
0.14965 1.1816
0.15015 1.1812
0.15065 1.1808
0.15115 1.1803
0.15165 1.1799
0.15215 1.1794
0.15265 1.179
0.15315 1.1785
0.15365 1.1781
0.15415 1.1776
0.15465 1.1772
0.15516 1.1767
0.15566 1.1763
0.15616 1.1758
0.15666 1.1754
0.15716 1.1749
0.15766 1.1744
0.15816 1.174
0.15866 1.1735
0.15916 1.1731
0.15966 1.1726
0.16016 1.1722
0.16066 1.1717
0.16116 1.1712
0.16166 1.1708
0.16216 1.1703
0.16266 1.1699
0.16316 1.1694
0.16366 1.1689
0.16416 1.1685
0.16466 1.168
0.16517 1.1676
0.16567 1.1671
0.16617 1.1666
0.16667 1.1662
0.16717 1.1657
0.16767 1.1652
0.16817 1.1648
0.16867 1.1643
0.16917 1.1639
0.16967 1.1634
0.17017 1.1629
0.17067 1.1625
0.17117 1.162
0.17167 1.1615
0.17217 1.1611
0.17267 1.1606
0.17317 1.1601
0.17367 1.1597
0.17417 1.1592
0.17467 1.1587
0.17518 1.1582
0.17568 1.1578
0.17618 1.1573
0.17668 1.1568
0.17718 1.1564
0.17768 1.1559
0.17818 1.1554
0.17868 1.1549
0.17918 1.1545
0.17968 1.154
0.18018 1.1535
0.18068 1.153
0.18118 1.1525
0.18168 1.152
0.18218 1.1516
0.18268 1.1511
0.18318 1.1506
0.18368 1.1501
0.18418 1.1496
0.18468 1.1491
0.18519 1.1486
0.18569 1.1481
0.18619 1.1476
0.18669 1.1471
0.18719 1.1466
0.18769 1.1461
0.18819 1.1456
0.18869 1.1451
0.18919 1.1446
0.18969 1.1441
0.19019 1.1436
0.19069 1.143
0.19119 1.1425
0.19169 1.142
0.19219 1.1415
0.19269 1.141
0.19319 1.1404
0.19369 1.1399
0.19419 1.1394
0.19469 1.1388
0.1952 1.1383
0.1957 1.1378
0.1962 1.1372
0.1967 1.1367
0.1972 1.1362
0.1977 1.1356
0.1982 1.1351
0.1987 1.1345
0.1992 1.134
0.1997 1.1334
0.2002 1.1329
0.2007 1.1323
0.2012 1.1318
0.2017 1.1313
0.2022 1.1307
0.2027 1.1302
0.2032 1.1296
0.2037 1.1291
0.2042 1.1285
0.2047 1.128
0.20521 1.1274
0.20571 1.1269
0.20621 1.1264
0.20671 1.1258
0.20721 1.1253
0.20771 1.1248
0.20821 1.1242
0.20871 1.1237
0.20921 1.1232
0.20971 1.1226
0.21021 1.1221
0.21071 1.1216
0.21121 1.121
0.21171 1.1205
0.21221 1.12
0.21271 1.1195
0.21321 1.119
0.21371 1.1184
0.21421 1.1179
0.21471 1.1174
0.21522 1.1169
0.21572 1.1164
0.21622 1.1159
0.21672 1.1153
0.21722 1.1148
0.21772 1.1143
0.21822 1.1138
0.21872 1.1133
0.21922 1.1128
0.21972 1.1123
0.22022 1.1118
0.22072 1.1112
0.22122 1.1107
0.22172 1.1102
0.22222 1.1097
0.22272 1.1092
0.22322 1.1086
0.22372 1.1081
0.22422 1.1076
0.22472 1.1071
0.22523 1.1065
0.22573 1.106
0.22623 1.1055
0.22673 1.105
0.22723 1.1044
0.22773 1.1039
0.22823 1.1033
0.22873 1.1028
0.22923 1.1023
0.22973 1.1017
0.23023 1.1012
0.23073 1.1006
0.23123 1.1001
0.23173 1.0995
0.23223 1.099
0.23273 1.0984
0.23323 1.0979
0.23373 1.0973
0.23423 1.0967
0.23473 1.0962
0.23524 1.0956
0.23574 1.095
0.23624 1.0945
0.23674 1.0939
0.23724 1.0933
0.23774 1.0927
0.23824 1.0922
0.23874 1.0916
0.23924 1.091
0.23974 1.0904
0.24024 1.0898
0.24074 1.0892
0.24124 1.0887
0.24174 1.0881
0.24224 1.0875
0.24274 1.0869
0.24324 1.0863
0.24374 1.0857
0.24424 1.0851
0.24474 1.0845
0.24525 1.0839
0.24575 1.0833
0.24625 1.0827
0.24675 1.0821
0.24725 1.0815
0.24775 1.0809
0.24825 1.0802
0.24875 1.0796
0.24925 1.079
0.24975 1.0784
0.25025 1.0778
0.25075 1.0772
0.25125 1.0766
0.25175 1.076
0.25225 1.0753
0.25275 1.0747
0.25325 1.0741
0.25375 1.0735
0.25425 1.0729
0.25475 1.0723
0.25526 1.0716
0.25576 1.071
0.25626 1.0704
0.25676 1.0698
0.25726 1.0692
0.25776 1.0686
0.25826 1.0679
0.25876 1.0673
0.25926 1.0667
0.25976 1.0661
0.26026 1.0655
0.26076 1.0648
0.26126 1.0642
0.26176 1.0636
0.26226 1.063
0.26276 1.0624
0.26326 1.0617
0.26376 1.0611
0.26426 1.0605
0.26476 1.0599
0.26527 1.0593
0.26577 1.0587
0.26627 1.058
0.26677 1.0574
0.26727 1.0568
0.26777 1.0562
0.26827 1.0556
0.26877 1.055
0.26927 1.0543
0.26977 1.0537
0.27027 1.0531
0.27077 1.0525
0.27127 1.0519
0.27177 1.0513
0.27227 1.0507
0.27277 1.0501
0.27327 1.0494
0.27377 1.0488
0.27427 1.0482
0.27477 1.0476
0.27528 1.047
0.27578 1.0464
0.27628 1.0458
0.27678 1.0452
0.27728 1.0446
0.27778 1.044
0.27828 1.0434
0.27878 1.0427
0.27928 1.0421
0.27978 1.0415
0.28028 1.0409
0.28078 1.0403
0.28128 1.0397
0.28178 1.0391
0.28228 1.0385
0.28278 1.0379
0.28328 1.0373
0.28378 1.0367
0.28428 1.0361
0.28478 1.0355
0.28529 1.0349
0.28579 1.0343
0.28629 1.0337
0.28679 1.0331
0.28729 1.0324
0.28779 1.0318
0.28829 1.0312
0.28879 1.0306
0.28929 1.03
0.28979 1.0294
0.29029 1.0288
0.29079 1.0282
0.29129 1.0276
0.29179 1.027
0.29229 1.0264
0.29279 1.0258
0.29329 1.0252
0.29379 1.0245
0.29429 1.0239
0.29479 1.0233
0.2953 1.0227
0.2958 1.0221
0.2963 1.0215
0.2968 1.0209
0.2973 1.0203
0.2978 1.0196
0.2983 1.019
0.2988 1.0184
0.2993 1.0178
0.2998 1.0172
0.3003 1.0165
0.3008 1.0159
0.3013 1.0153
0.3018 1.0147
0.3023 1.0141
0.3028 1.0134
0.3033 1.0128
0.3038 1.0122
0.3043 1.0116
0.3048 1.0109
0.30531 1.0103
0.30581 1.0097
0.30631 1.0091
0.30681 1.0084
0.30731 1.0078
0.30781 1.0072
0.30831 1.0065
0.30881 1.0059
0.30931 1.0053
0.30981 1.0046
0.31031 1.004
0.31081 1.0034
0.31131 1.0027
0.31181 1.0021
0.31231 1.0014
0.31281 1.0008
0.31331 1.0002
0.31381 0.99953
0.31431 0.99889
0.31481 0.99824
0.31532 0.9976
0.31582 0.99696
0.31632 0.99631
0.31682 0.99567
0.31732 0.99502
0.31782 0.99438
0.31832 0.99373
0.31882 0.99308
0.31932 0.99243
0.31982 0.99178
0.32032 0.99113
0.32082 0.99048
0.32132 0.98983
0.32182 0.98918
0.32232 0.98853
0.32282 0.98788
0.32332 0.98723
0.32382 0.98658
0.32432 0.98593
0.32482 0.98527
0.32533 0.98462
0.32583 0.98397
0.32633 0.98331
0.32683 0.98266
0.32733 0.98201
0.32783 0.98135
0.32833 0.9807
0.32883 0.98005
0.32933 0.97939
0.32983 0.97874
0.33033 0.97808
0.33083 0.97743
0.33133 0.97678
0.33183 0.97612
0.33233 0.97547
0.33283 0.97482
0.33333 0.97416
0.33383 0.97351
0.33433 0.97286
0.33483 0.97221
0.33534 0.97155
0.33584 0.9709
0.33634 0.97025
0.33684 0.9696
0.33734 0.96895
0.33784 0.9683
0.33834 0.96765
0.33884 0.967
0.33934 0.96635
0.33984 0.9657
0.34034 0.96506
0.34084 0.96441
0.34134 0.96376
0.34184 0.96311
0.34234 0.96247
0.34284 0.96182
0.34334 0.96118
0.34384 0.96054
0.34434 0.95989
0.34484 0.95925
0.34535 0.95861
0.34585 0.95796
0.34635 0.95732
0.34685 0.95668
0.34735 0.95604
0.34785 0.9554
0.34835 0.95477
0.34885 0.95413
0.34935 0.95349
0.34985 0.95285
0.35035 0.95222
0.35085 0.95158
0.35135 0.95095
0.35185 0.95032
0.35235 0.94968
0.35285 0.94905
0.35335 0.94842
0.35385 0.94779
0.35435 0.94715
0.35485 0.94652
0.35536 0.9459
0.35586 0.94527
0.35636 0.94464
0.35686 0.94401
0.35736 0.94338
0.35786 0.94276
0.35836 0.94213
0.35886 0.9415
0.35936 0.94088
0.35986 0.94025
0.36036 0.93963
0.36086 0.93901
0.36136 0.93838
0.36186 0.93776
0.36236 0.93714
0.36286 0.93652
0.36336 0.93589
0.36386 0.93527
0.36436 0.93465
0.36486 0.93403
0.36537 0.93341
0.36587 0.93279
0.36637 0.93217
0.36687 0.93155
0.36737 0.93094
0.36787 0.93032
0.36837 0.9297
0.36887 0.92908
0.36937 0.92846
0.36987 0.92785
0.37037 0.92723
0.37087 0.92661
0.37137 0.92599
0.37187 0.92538
0.37237 0.92476
0.37287 0.92414
0.37337 0.92353
0.37387 0.92291
0.37437 0.9223
0.37487 0.92168
0.37538 0.92106
0.37588 0.92045
0.37638 0.91983
0.37688 0.91922
0.37738 0.9186
0.37788 0.91798
0.37838 0.91737
0.37888 0.91675
0.37938 0.91614
0.37988 0.91552
0.38038 0.9149
0.38088 0.91429
0.38138 0.91367
0.38188 0.91306
0.38238 0.91244
0.38288 0.91183
0.38338 0.91121
0.38388 0.91059
0.38438 0.90998
0.38488 0.90936
0.38539 0.90875
0.38589 0.90813
0.38639 0.90752
0.38689 0.9069
0.38739 0.90628
0.38789 0.90567
0.38839 0.90505
0.38889 0.90444
0.38939 0.90382
0.38989 0.90321
0.39039 0.90259
0.39089 0.90197
0.39139 0.90136
0.39189 0.90074
0.39239 0.90013
0.39289 0.89951
0.39339 0.8989
0.39389 0.89828
0.39439 0.89767
0.39489 0.89706
0.3954 0.89644
0.3959 0.89583
0.3964 0.89521
0.3969 0.8946
0.3974 0.89399
0.3979 0.89338
0.3984 0.89276
0.3989 0.89215
0.3994 0.89154
0.3999 0.89093
0.4004 0.89032
0.4009 0.88971
0.4014 0.8891
0.4019 0.88849
0.4024 0.88788
0.4029 0.88727
0.4034 0.88666
0.4039 0.88605
0.4044 0.88544
0.4049 0.88484
0.40541 0.88423
0.40591 0.88363
0.40641 0.88302
0.40691 0.88242
0.40741 0.88181
0.40791 0.88121
0.40841 0.88061
0.40891 0.88001
0.40941 0.87941
0.40991 0.87881
0.41041 0.87821
0.41091 0.87761
0.41141 0.87701
0.41191 0.87642
0.41241 0.87582
0.41291 0.87523
0.41341 0.87463
0.41391 0.87404
0.41441 0.87345
0.41491 0.87286
0.41542 0.87227
0.41592 0.87168
0.41642 0.87109
0.41692 0.8705
0.41742 0.86992
0.41792 0.86933
0.41842 0.86875
0.41892 0.86817
0.41942 0.86759
0.41992 0.86701
0.42042 0.86643
0.42092 0.86585
0.42142 0.86527
0.42192 0.8647
0.42242 0.86412
0.42292 0.86355
0.42342 0.86298
0.42392 0.86241
0.42442 0.86184
0.42492 0.86127
0.42543 0.8607
0.42593 0.86014
0.42643 0.85957
0.42693 0.85901
0.42743 0.85845
0.42793 0.85788
0.42843 0.85732
0.42893 0.85677
0.42943 0.85621
0.42993 0.85565
0.43043 0.8551
0.43093 0.85455
0.43143 0.85399
0.43193 0.85344
0.43243 0.85289
0.43293 0.85234
0.43343 0.8518
0.43393 0.85125
0.43443 0.85071
0.43493 0.85016
0.43544 0.84962
0.43594 0.84908
0.43644 0.84854
0.43694 0.848
0.43744 0.84746
0.43794 0.84692
0.43844 0.84639
0.43894 0.84586
0.43944 0.84532
0.43994 0.84479
0.44044 0.84426
0.44094 0.84373
0.44144 0.8432
0.44194 0.84267
0.44244 0.84215
0.44294 0.84162
0.44344 0.8411
0.44394 0.84058
0.44444 0.84005
0.44494 0.83953
0.44545 0.83901
0.44595 0.83849
0.44645 0.83798
0.44695 0.83746
0.44745 0.83694
0.44795 0.83643
0.44845 0.83591
0.44895 0.8354
0.44945 0.83489
0.44995 0.83438
0.45045 0.83387
0.45095 0.83336
0.45145 0.83285
0.45195 0.83234
0.45245 0.83184
0.45295 0.83133
0.45345 0.83083
0.45395 0.83032
0.45445 0.82982
0.45495 0.82932
0.45546 0.82882
0.45596 0.82832
0.45646 0.82782
0.45696 0.82732
0.45746 0.82682
0.45796 0.82632
0.45846 0.82583
0.45896 0.82533
0.45946 0.82484
0.45996 0.82435
0.46046 0.82385
0.46096 0.82336
0.46146 0.82287
0.46196 0.82238
0.46246 0.82189
0.46296 0.82141
0.46346 0.82092
0.46396 0.82043
0.46446 0.81995
0.46496 0.81946
0.46547 0.81898
0.46597 0.8185
0.46647 0.81802
0.46697 0.81754
0.46747 0.81706
0.46797 0.81658
0.46847 0.8161
0.46897 0.81562
0.46947 0.81515
0.46997 0.81467
0.47047 0.8142
0.47097 0.81373
0.47147 0.81326
0.47197 0.81279
0.47247 0.81232
0.47297 0.81185
0.47347 0.81138
0.47397 0.81091
0.47447 0.81045
0.47497 0.80999
0.47548 0.80952
0.47598 0.80906
0.47648 0.8086
0.47698 0.80814
0.47748 0.80768
0.47798 0.80723
0.47848 0.80677
0.47898 0.80632
0.47948 0.80586
0.47998 0.80541
0.48048 0.80496
0.48098 0.80451
0.48148 0.80407
0.48198 0.80362
0.48248 0.80318
0.48298 0.80273
0.48348 0.80229
0.48398 0.80185
0.48448 0.80141
0.48498 0.80098
0.48549 0.80054
0.48599 0.80011
0.48649 0.79967
0.48699 0.79924
0.48749 0.79881
0.48799 0.79839
0.48849 0.79796
0.48899 0.79754
0.48949 0.79711
0.48999 0.79669
0.49049 0.79627
0.49099 0.79585
0.49149 0.79544
0.49199 0.79503
0.49249 0.79461
0.49299 0.7942
0.49349 0.79379
0.49399 0.79339
0.49449 0.79298
0.49499 0.79258
0.4955 0.79218
0.496 0.79178
0.4965 0.79138
0.497 0.79099
0.4975 0.79059
0.498 0.7902
0.4985 0.78981
0.499 0.78943
0.4995 0.78904
0.5 0.78866
0.5005 0.78827
0.501 0.7879
0.5015 0.78752
0.502 0.78714
0.5025 0.78677
0.503 0.7864
0.5035 0.78603
0.504 0.78566
0.5045 0.7853
0.50501 0.78493
0.50551 0.78457
0.50601 0.78421
0.50651 0.78386
0.50701 0.7835
0.50751 0.78315
0.50801 0.7828
0.50851 0.78245
0.50901 0.78211
0.50951 0.78176
0.51001 0.78142
0.51051 0.78108
0.51101 0.78074
0.51151 0.78041
0.51201 0.78007
0.51251 0.77974
0.51301 0.77941
0.51351 0.77909
0.51401 0.77876
0.51451 0.77844
0.51502 0.77812
0.51552 0.7778
0.51602 0.77748
0.51652 0.77717
0.51702 0.77686
0.51752 0.77655
0.51802 0.77624
0.51852 0.77593
0.51902 0.77563
0.51952 0.77533
0.52002 0.77503
0.52052 0.77473
0.52102 0.77443
0.52152 0.77414
0.52202 0.77385
0.52252 0.77356
0.52302 0.77327
0.52352 0.77299
0.52402 0.7727
0.52452 0.77242
0.52503 0.77214
0.52553 0.77187
0.52603 0.77159
0.52653 0.77132
0.52703 0.77105
0.52753 0.77078
0.52803 0.77051
0.52853 0.77025
0.52903 0.76998
0.52953 0.76972
0.53003 0.76946
0.53053 0.76921
0.53103 0.76895
0.53153 0.7687
0.53203 0.76845
0.53253 0.7682
0.53303 0.76795
0.53353 0.7677
0.53403 0.76746
0.53453 0.76722
0.53504 0.76698
0.53554 0.76674
0.53604 0.76651
0.53654 0.76627
0.53704 0.76604
0.53754 0.76581
0.53804 0.76559
0.53854 0.76536
0.53904 0.76514
0.53954 0.76492
0.54004 0.7647
0.54054 0.76448
0.54104 0.76426
0.54154 0.76405
0.54204 0.76384
0.54254 0.76363
0.54304 0.76342
0.54354 0.76322
0.54404 0.76301
0.54454 0.76281
0.54505 0.76261
0.54555 0.76241
0.54605 0.76222
0.54655 0.76203
0.54705 0.76184
0.54755 0.76165
0.54805 0.76146
0.54855 0.76128
0.54905 0.76109
0.54955 0.76091
0.55005 0.76074
0.55055 0.76056
0.55105 0.76039
0.55155 0.76022
0.55205 0.76005
0.55255 0.75988
0.55305 0.75972
0.55355 0.75955
0.55405 0.75939
0.55455 0.75924
0.55506 0.75908
0.55556 0.75893
0.55606 0.75878
0.55656 0.75863
0.55706 0.75849
0.55756 0.75834
0.55806 0.7582
0.55856 0.75807
0.55906 0.75793
0.55956 0.7578
0.56006 0.75767
0.56056 0.75754
0.56106 0.75742
0.56156 0.75729
0.56206 0.75717
0.56256 0.75706
0.56306 0.75694
0.56356 0.75683
0.56406 0.75672
0.56456 0.75662
0.56507 0.75651
0.56557 0.75641
0.56607 0.75632
0.56657 0.75622
0.56707 0.75613
0.56757 0.75604
0.56807 0.75595
0.56857 0.75587
0.56907 0.75579
0.56957 0.75571
0.57007 0.75564
0.57057 0.75557
0.57107 0.7555
0.57157 0.75544
0.57207 0.75537
0.57257 0.75531
0.57307 0.75526
0.57357 0.75521
0.57407 0.75516
0.57457 0.75511
0.57508 0.75507
0.57558 0.75503
0.57608 0.75499
0.57658 0.75496
0.57708 0.75493
0.57758 0.7549
0.57808 0.75488
0.57858 0.75486
0.57908 0.75484
0.57958 0.75483
0.58008 0.75482
0.58058 0.75482
0.58108 0.75481
0.58158 0.75481
0.58208 0.75482
0.58258 0.75482
0.58308 0.75484
0.58358 0.75485
0.58408 0.75487
0.58458 0.75489
0.58509 0.75491
0.58559 0.75494
0.58609 0.75498
0.58659 0.75501
0.58709 0.75505
0.58759 0.75509
0.58809 0.75514
0.58859 0.75519
0.58909 0.75524
0.58959 0.7553
0.59009 0.75536
0.59059 0.75542
0.59109 0.75549
0.59159 0.75556
0.59209 0.75564
0.59259 0.75572
0.59309 0.7558
0.59359 0.75589
0.59409 0.75598
0.59459 0.75607
0.5951 0.75617
0.5956 0.75627
0.5961 0.75637
0.5966 0.75648
0.5971 0.75659
0.5976 0.75671
0.5981 0.75683
0.5986 0.75695
0.5991 0.75708
0.5996 0.75721
0.6001 0.75734
0.6006 0.75748
0.6011 0.75762
0.6016 0.75777
0.6021 0.75792
0.6026 0.75807
0.6031 0.75823
0.6036 0.75839
0.6041 0.75855
0.6046 0.75872
0.60511 0.75889
0.60561 0.75907
0.60611 0.75925
0.60661 0.75943
0.60711 0.75962
0.60761 0.75981
0.60811 0.76
0.60861 0.7602
0.60911 0.7604
0.60961 0.76061
0.61011 0.76082
0.61061 0.76103
0.61111 0.76125
0.61161 0.76147
0.61211 0.76169
0.61261 0.76192
0.61311 0.76215
0.61361 0.76239
0.61411 0.76263
0.61461 0.76287
0.61512 0.76312
0.61562 0.76337
0.61612 0.76363
0.61662 0.76389
0.61712 0.76415
0.61762 0.76442
0.61812 0.76469
0.61862 0.76496
0.61912 0.76524
0.61962 0.76553
0.62012 0.76581
0.62062 0.7661
0.62112 0.7664
0.62162 0.7667
0.62212 0.767
0.62262 0.76731
0.62312 0.76762
0.62362 0.76793
0.62412 0.76825
0.62462 0.76858
0.62513 0.7689
0.62563 0.76924
0.62613 0.76957
0.62663 0.76991
0.62713 0.77025
0.62763 0.7706
0.62813 0.77096
0.62863 0.77131
0.62913 0.77167
0.62963 0.77204
0.63013 0.77241
0.63063 0.77278
0.63113 0.77316
0.63163 0.77354
0.63213 0.77393
0.63263 0.77432
0.63313 0.77472
0.63363 0.77512
0.63413 0.77552
0.63463 0.77593
0.63514 0.77635
0.63564 0.77677
0.63614 0.77719
0.63664 0.77762
0.63714 0.77805
0.63764 0.77849
0.63814 0.77893
0.63864 0.77938
0.63914 0.77983
0.63964 0.78029
0.64014 0.78075
0.64064 0.78121
0.64114 0.78168
0.64164 0.78216
0.64214 0.78264
0.64264 0.78313
0.64314 0.78362
0.64364 0.78411
0.64414 0.78461
0.64464 0.78512
0.64515 0.78563
0.64565 0.78615
0.64615 0.78667
0.64665 0.7872
0.64715 0.78773
0.64765 0.78826
0.64815 0.78881
0.64865 0.78935
0.64915 0.78991
0.64965 0.79047
0.65015 0.79103
0.65065 0.7916
0.65115 0.79217
0.65165 0.79275
0.65215 0.79334
0.65265 0.79393
0.65315 0.79453
0.65365 0.79513
0.65415 0.79574
0.65465 0.79635
0.65516 0.79697
0.65566 0.7976
0.65616 0.79823
0.65666 0.79886
0.65716 0.79951
0.65766 0.80015
0.65816 0.80081
0.65866 0.80147
0.65916 0.80213
0.65966 0.8028
0.66016 0.80348
0.66066 0.80416
0.66116 0.80485
0.66166 0.80555
0.66216 0.80625
0.66266 0.80695
0.66316 0.80767
0.66366 0.80839
0.66416 0.80911
0.66466 0.80984
0.66517 0.81058
0.66567 0.81132
0.66617 0.81207
0.66667 0.81283
0.66717 0.81359
0.66767 0.81436
0.66817 0.81513
0.66867 0.81591
0.66917 0.8167
0.66967 0.81749
0.67017 0.81829
0.67067 0.81909
0.67117 0.8199
0.67167 0.82072
0.67217 0.82154
0.67267 0.82237
0.67317 0.82321
0.67367 0.82405
0.67417 0.8249
0.67467 0.82576
0.67518 0.82662
0.67568 0.82749
0.67618 0.82836
0.67668 0.82924
0.67718 0.83013
0.67768 0.83102
0.67818 0.83192
0.67868 0.83283
0.67918 0.83374
0.67968 0.83466
0.68018 0.83558
0.68068 0.83651
0.68118 0.83745
0.68168 0.8384
0.68218 0.83935
0.68268 0.8403
0.68318 0.84127
0.68368 0.84224
0.68418 0.84321
0.68468 0.8442
0.68519 0.84519
0.68569 0.84618
0.68619 0.84718
0.68669 0.84819
0.68719 0.84921
0.68769 0.85023
0.68819 0.85126
0.68869 0.85229
0.68919 0.85333
0.68969 0.85438
0.69019 0.85543
0.69069 0.85649
0.69119 0.85756
0.69169 0.85863
0.69219 0.85971
0.69269 0.8608
0.69319 0.86189
0.69369 0.86299
0.69419 0.8641
0.69469 0.86521
0.6952 0.86633
0.6957 0.86745
0.6962 0.86858
0.6967 0.86972
0.6972 0.87086
0.6977 0.87201
0.6982 0.87317
0.6987 0.87434
0.6992 0.87551
0.6997 0.87668
0.7002 0.87787
0.7007 0.87906
0.7012 0.88025
0.7017 0.88145
0.7022 0.88266
0.7027 0.88388
0.7032 0.8851
0.7037 0.88633
0.7042 0.88756
0.7047 0.88881
0.70521 0.89005
0.70571 0.89131
0.70621 0.89257
0.70671 0.89384
0.70721 0.89511
0.70771 0.89639
0.70821 0.89768
0.70871 0.89897
0.70921 0.90027
0.70971 0.90158
0.71021 0.90289
0.71071 0.90421
0.71121 0.90553
0.71171 0.90686
0.71221 0.9082
0.71271 0.90955
0.71321 0.9109
0.71371 0.91226
0.71421 0.91362
0.71471 0.91499
0.71522 0.91637
0.71572 0.91775
0.71622 0.91914
0.71672 0.92053
0.71722 0.92193
0.71772 0.92334
0.71822 0.92476
0.71872 0.92618
0.71922 0.9276
0.71972 0.92904
0.72022 0.93048
0.72072 0.93192
0.72122 0.93337
0.72172 0.93483
0.72222 0.9363
0.72272 0.93777
0.72322 0.93924
0.72372 0.94072
0.72422 0.94221
0.72472 0.94371
0.72523 0.94521
0.72573 0.94672
0.72623 0.94823
0.72673 0.94975
0.72723 0.95127
0.72773 0.9528
0.72823 0.95434
0.72873 0.95588
0.72923 0.95743
0.72973 0.95898
0.73023 0.96054
0.73073 0.96211
0.73123 0.96368
0.73173 0.96525
0.73223 0.96684
0.73273 0.96842
0.73323 0.97002
0.73373 0.97161
0.73423 0.97322
0.73473 0.97483
0.73524 0.97644
0.73574 0.97806
0.73624 0.97969
0.73674 0.98132
0.73724 0.98296
0.73774 0.9846
0.73824 0.98624
0.73874 0.98789
0.73924 0.98955
0.73974 0.99121
0.74024 0.99288
0.74074 0.99455
0.74124 0.99623
0.74174 0.99791
0.74224 0.99959
0.74274 1.0013
0.74324 1.003
0.74374 1.0047
0.74424 1.0064
0.74474 1.0081
0.74525 1.0098
0.74575 1.0115
0.74625 1.0132
0.74675 1.015
0.74725 1.0167
0.74775 1.0184
0.74825 1.0202
0.74875 1.0219
0.74925 1.0236
0.74975 1.0254
0.75025 1.0271
0.75075 1.0289
0.75125 1.0307
0.75175 1.0324
0.75225 1.0342
0.75275 1.036
0.75325 1.0377
0.75375 1.0395
0.75425 1.0413
0.75475 1.0431
0.75526 1.0449
0.75576 1.0466
0.75626 1.0484
0.75676 1.0502
0.75726 1.052
0.75776 1.0538
0.75826 1.0556
0.75876 1.0574
0.75926 1.0592
0.75976 1.061
0.76026 1.0629
0.76076 1.0647
0.76126 1.0665
0.76176 1.0683
0.76226 1.0701
0.76276 1.0719
0.76326 1.0738
0.76376 1.0756
0.76426 1.0774
0.76476 1.0792
0.76527 1.0811
0.76577 1.0829
0.76627 1.0847
0.76677 1.0865
0.76727 1.0884
0.76777 1.0902
0.76827 1.092
0.76877 1.0939
0.76927 1.0957
0.76977 1.0975
0.77027 1.0994
0.77077 1.1012
0.77127 1.1031
0.77177 1.1049
0.77227 1.1067
0.77277 1.1086
0.77327 1.1104
0.77377 1.1122
0.77427 1.1141
0.77477 1.1159
0.77528 1.1177
0.77578 1.1196
0.77628 1.1214
0.77678 1.1232
0.77728 1.1251
0.77778 1.1269
0.77828 1.1287
0.77878 1.1305
0.77928 1.1324
0.77978 1.1342
0.78028 1.136
0.78078 1.1378
0.78128 1.1396
0.78178 1.1415
0.78228 1.1433
0.78278 1.1451
0.78328 1.1469
0.78378 1.1487
0.78428 1.1505
0.78478 1.1523
0.78529 1.1541
0.78579 1.1559
0.78629 1.1577
0.78679 1.1594
0.78729 1.1612
0.78779 1.163
0.78829 1.1648
0.78879 1.1665
0.78929 1.1683
0.78979 1.1701
0.79029 1.1718
0.79079 1.1736
0.79129 1.1753
0.79179 1.177
0.79229 1.1788
0.79279 1.1805
0.79329 1.1822
0.79379 1.1839
0.79429 1.1856
0.79479 1.1873
0.7953 1.189
0.7958 1.1907
0.7963 1.1923
0.7968 1.194
0.7973 1.1956
0.7978 1.1972
0.7983 1.1988
0.7988 1.2004
0.7993 1.202
0.7998 1.2036
0.8003 1.2051
0.8008 1.2067
0.8013 1.2082
0.8018 1.2097
0.8023 1.2112
0.8028 1.2127
0.8033 1.2142
0.8038 1.2157
0.8043 1.2171
0.8048 1.2186
0.80531 1.22
0.80581 1.2214
0.80631 1.2228
0.80681 1.2242
0.80731 1.2256
0.80781 1.227
0.80831 1.2284
0.80881 1.2298
0.80931 1.2312
0.80981 1.2325
0.81031 1.2339
0.81081 1.2352
0.81131 1.2365
0.81181 1.2379
0.81231 1.2392
0.81281 1.2405
0.81331 1.2418
0.81381 1.2431
0.81431 1.2444
0.81481 1.2457
0.81532 1.2469
0.81582 1.2482
0.81632 1.2494
0.81682 1.2507
0.81732 1.2519
0.81782 1.2532
0.81832 1.2544
0.81882 1.2556
0.81932 1.2568
0.81982 1.258
0.82032 1.2592
0.82082 1.2604
0.82132 1.2615
0.82182 1.2627
0.82232 1.2638
0.82282 1.265
0.82332 1.2661
0.82382 1.2672
0.82432 1.2683
0.82482 1.2694
0.82533 1.2705
0.82583 1.2716
0.82633 1.2727
0.82683 1.2738
0.82733 1.2748
0.82783 1.2759
0.82833 1.2769
0.82883 1.2779
0.82933 1.279
0.82983 1.28
0.83033 1.281
0.83083 1.282
0.83133 1.2829
0.83183 1.2839
0.83233 1.2849
0.83283 1.2858
0.83333 1.2868
0.83383 1.2877
0.83433 1.2886
0.83483 1.2895
0.83534 1.2904
0.83584 1.2913
0.83634 1.2922
0.83684 1.293
0.83734 1.2939
0.83784 1.2947
0.83834 1.2956
0.83884 1.2964
0.83934 1.2972
0.83984 1.298
0.84034 1.2988
0.84084 1.2996
0.84134 1.3004
0.84184 1.3011
0.84234 1.3019
0.84284 1.3026
0.84334 1.3034
0.84384 1.3041
0.84434 1.3048
0.84484 1.3055
0.84535 1.3062
0.84585 1.3069
0.84635 1.3075
0.84685 1.3082
0.84735 1.3088
0.84785 1.3095
0.84835 1.3101
0.84885 1.3107
0.84935 1.3113
0.84985 1.3119
0.85035 1.3125
0.85085 1.3131
0.85135 1.3136
0.85185 1.3142
0.85235 1.3147
0.85285 1.3153
0.85335 1.3158
0.85385 1.3163
0.85435 1.3168
0.85485 1.3173
0.85536 1.3178
0.85586 1.3182
0.85636 1.3187
0.85686 1.3191
0.85736 1.3196
0.85786 1.32
0.85836 1.3204
0.85886 1.3208
0.85936 1.3212
0.85986 1.3216
0.86036 1.322
0.86086 1.3224
0.86136 1.3227
0.86186 1.3231
0.86236 1.3234
0.86286 1.3238
0.86336 1.3241
0.86386 1.3244
0.86436 1.3247
0.86486 1.325
0.86537 1.3253
0.86587 1.3256
0.86637 1.3258
0.86687 1.3261
0.86737 1.3263
0.86787 1.3266
0.86837 1.3268
0.86887 1.327
0.86937 1.3272
0.86987 1.3274
0.87037 1.3276
0.87087 1.3278
0.87137 1.328
0.87187 1.3282
0.87237 1.3283
0.87287 1.3285
0.87337 1.3286
0.87387 1.3288
0.87437 1.3289
0.87487 1.329
0.87538 1.3292
0.87588 1.3293
0.87638 1.3294
0.87688 1.3295
0.87738 1.3295
0.87788 1.3296
0.87838 1.3297
0.87888 1.3297
0.87938 1.3298
0.87988 1.3299
0.88038 1.3299
0.88088 1.3299
0.88138 1.33
0.88188 1.33
0.88238 1.33
0.88288 1.33
0.88338 1.33
0.88388 1.33
0.88438 1.33
0.88488 1.33
0.88539 1.33
0.88589 1.3299
0.88639 1.3299
0.88689 1.3299
0.88739 1.3298
0.88789 1.3298
0.88839 1.3297
0.88889 1.3297
0.88939 1.3296
0.88989 1.3295
0.89039 1.3295
0.89089 1.3294
0.89139 1.3293
0.89189 1.3292
0.89239 1.3291
0.89289 1.329
0.89339 1.3289
0.89389 1.3288
0.89439 1.3287
0.89489 1.3286
0.8954 1.3285
0.8959 1.3283
0.8964 1.3282
0.8969 1.3281
0.8974 1.328
0.8979 1.3278
0.8984 1.3277
0.8989 1.3275
0.8994 1.3274
0.8999 1.3272
0.9004 1.3271
0.9009 1.3269
0.9014 1.3268
0.9019 1.3266
0.9024 1.3264
0.9029 1.3263
0.9034 1.3261
0.9039 1.3259
0.9044 1.3258
0.9049 1.3256
0.90541 1.3254
0.90591 1.3252
0.90641 1.325
0.90691 1.3249
0.90741 1.3247
0.90791 1.3245
0.90841 1.3243
0.90891 1.3241
0.90941 1.3239
0.90991 1.3237
0.91041 1.3235
0.91091 1.3233
0.91141 1.3231
0.91191 1.3229
0.91241 1.3227
0.91291 1.3225
0.91341 1.3223
0.91391 1.3221
0.91441 1.3219
0.91491 1.3216
0.91542 1.3214
0.91592 1.3212
0.91642 1.321
0.91692 1.3208
0.91742 1.3206
0.91792 1.3204
0.91842 1.3202
0.91892 1.3199
0.91942 1.3197
0.91992 1.3195
0.92042 1.3193
0.92092 1.3191
0.92142 1.3188
0.92192 1.3186
0.92242 1.3184
0.92292 1.3182
0.92342 1.318
0.92392 1.3177
0.92442 1.3175
0.92492 1.3173
0.92543 1.3171
0.92593 1.3169
0.92643 1.3166
0.92693 1.3164
0.92743 1.3162
0.92793 1.316
0.92843 1.3158
0.92893 1.3155
0.92943 1.3153
0.92993 1.3151
0.93043 1.3149
0.93093 1.3146
0.93143 1.3144
0.93193 1.3142
0.93243 1.314
0.93293 1.3137
0.93343 1.3135
0.93393 1.3133
0.93443 1.3131
0.93493 1.3129
0.93544 1.3126
0.93594 1.3124
0.93644 1.3122
0.93694 1.312
0.93744 1.3117
0.93794 1.3115
0.93844 1.3113
0.93894 1.3111
0.93944 1.3109
0.93994 1.3106
0.94044 1.3104
0.94094 1.3102
0.94144 1.31
0.94194 1.3097
0.94244 1.3095
0.94294 1.3093
0.94344 1.3091
0.94394 1.3088
0.94444 1.3086
0.94494 1.3084
0.94545 1.3082
0.94595 1.308
0.94645 1.3077
0.94695 1.3075
0.94745 1.3073
0.94795 1.3071
0.94845 1.3068
0.94895 1.3066
0.94945 1.3064
0.94995 1.3062
0.95045 1.3059
0.95095 1.3057
0.95145 1.3055
0.95195 1.3053
0.95245 1.305
0.95295 1.3048
0.95345 1.3046
0.95395 1.3043
0.95445 1.3041
0.95495 1.3039
0.95546 1.3036
0.95596 1.3034
0.95646 1.3032
0.95696 1.303
0.95746 1.3027
0.95796 1.3025
0.95846 1.3023
0.95896 1.302
0.95946 1.3018
0.95996 1.3015
0.96046 1.3013
0.96096 1.3011
0.96146 1.3008
0.96196 1.3006
0.96246 1.3004
0.96296 1.3001
0.96346 1.2999
0.96396 1.2996
0.96446 1.2994
0.96496 1.2991
0.96547 1.2989
0.96597 1.2987
0.96647 1.2984
0.96697 1.2982
0.96747 1.2979
0.96797 1.2977
0.96847 1.2974
0.96897 1.2972
0.96947 1.2969
0.96997 1.2967
0.97047 1.2964
0.97097 1.2961
0.97147 1.2959
0.97197 1.2956
0.97247 1.2954
0.97297 1.2951
0.97347 1.2949
0.97397 1.2946
0.97447 1.2943
0.97497 1.2941
0.97548 1.2938
0.97598 1.2935
0.97648 1.2933
0.97698 1.293
0.97748 1.2927
0.97798 1.2925
0.97848 1.2922
0.97898 1.2919
0.97948 1.2917
0.97998 1.2914
0.98048 1.2911
0.98098 1.2908
0.98148 1.2906
0.98198 1.2903
0.98248 1.29
0.98298 1.2897
0.98348 1.2895
0.98398 1.2892
0.98448 1.2889
0.98498 1.2886
0.98549 1.2883
0.98599 1.2881
0.98649 1.2878
0.98699 1.2875
0.98749 1.2872
0.98799 1.2869
0.98849 1.2866
0.98899 1.2864
0.98949 1.2861
0.98999 1.2858
0.99049 1.2855
0.99099 1.2852
0.99149 1.2849
0.99199 1.2846
0.99249 1.2843
0.99299 1.2841
0.99349 1.2838
0.99399 1.2835
0.99449 1.2832
0.99499 1.2829
0.9955 1.2826
0.996 1.2823
0.9965 1.282
0.997 1.2817
0.9975 1.2814
0.998 1.2811
0.9985 1.2809
0.999 1.2806
0.9995 1.2803
1 1.28
