time energy 
0 0.97318
0.0005005 0.97423
0.001001 0.97529
0.0015015 0.97634
0.002002 0.97738
0.0025025 0.97843
0.003003 0.97947
0.0035035 0.98051
0.004004 0.98155
0.0045045 0.98259
0.005005 0.98362
0.0055055 0.98465
0.006006 0.98568
0.0065065 0.98671
0.007007 0.98773
0.0075075 0.98876
0.008008 0.98978
0.0085085 0.99079
0.009009 0.99181
0.0095095 0.99282
0.01001 0.99383
0.010511 0.99484
0.011011 0.99584
0.011512 0.99684
0.012012 0.99784
0.012513 0.99884
0.013013 0.99984
0.013514 1.0008
0.014014 1.0018
0.014515 1.0028
0.015015 1.0038
0.015516 1.0048
0.016016 1.0057
0.016517 1.0067
0.017017 1.0077
0.017518 1.0087
0.018018 1.0096
0.018519 1.0106
0.019019 1.0116
0.01952 1.0125
0.02002 1.0135
0.020521 1.0144
0.021021 1.0154
0.021522 1.0163
0.022022 1.0173
0.022523 1.0182
0.023023 1.0192
0.023524 1.0201
0.024024 1.0211
0.024525 1.022
0.025025 1.0229
0.025526 1.0238
0.026026 1.0248
0.026527 1.0257
0.027027 1.0266
0.027528 1.0275
0.028028 1.0284
0.028529 1.0294
0.029029 1.0303
0.02953 1.0312
0.03003 1.0321
0.030531 1.033
0.031031 1.0339
0.031532 1.0348
0.032032 1.0356
0.032533 1.0365
0.033033 1.0374
0.033534 1.0383
0.034034 1.0392
0.034535 1.0401
0.035035 1.0409
0.035536 1.0418
0.036036 1.0427
0.036537 1.0435
0.037037 1.0444
0.037538 1.0453
0.038038 1.0461
0.038539 1.047
0.039039 1.0478
0.03954 1.0487
0.04004 1.0495
0.040541 1.0504
0.041041 1.0512
0.041542 1.052
0.042042 1.0529
0.042543 1.0537
0.043043 1.0545
0.043544 1.0553
0.044044 1.0562
0.044545 1.057
0.045045 1.0578
0.045546 1.0586
0.046046 1.0594
0.046547 1.0602
0.047047 1.061
0.047548 1.0618
0.048048 1.0626
0.048549 1.0634
0.049049 1.0642
0.04955 1.065
0.05005 1.0658
0.050551 1.0666
0.051051 1.0674
0.051552 1.0681
0.052052 1.0689
0.052553 1.0697
0.053053 1.0704
0.053554 1.0712
0.054054 1.072
0.054555 1.0727
0.055055 1.0735
0.055556 1.0742
0.056056 1.075
0.056557 1.0757
0.057057 1.0765
0.057558 1.0772
0.058058 1.078
0.058559 1.0787
0.059059 1.0794
0.05956 1.0802
0.06006 1.0809
0.060561 1.0816
0.061061 1.0823
0.061562 1.0831
0.062062 1.0838
0.062563 1.0845
0.063063 1.0852
0.063564 1.0859
0.064064 1.0866
0.064565 1.0873
0.065065 1.088
0.065566 1.0887
0.066066 1.0894
0.066567 1.0901
0.067067 1.0908
0.067568 1.0914
0.068068 1.0921
0.068569 1.0928
0.069069 1.0935
0.06957 1.0941
0.07007 1.0948
0.070571 1.0955
0.071071 1.0961
0.071572 1.0968
0.072072 1.0975
0.072573 1.0981
0.073073 1.0988
0.073574 1.0994
0.074074 1.1001
0.074575 1.1007
0.075075 1.1014
0.075576 1.102
0.076076 1.1026
0.076577 1.1033
0.077077 1.1039
0.077578 1.1045
0.078078 1.1051
0.078579 1.1058
0.079079 1.1064
0.07958 1.107
0.08008 1.1076
0.080581 1.1082
0.081081 1.1088
0.081582 1.1094
0.082082 1.11
0.082583 1.1106
0.083083 1.1112
0.083584 1.1118
0.084084 1.1124
0.084585 1.113
0.085085 1.1136
0.085586 1.1142
0.086086 1.1148
0.086587 1.1154
0.087087 1.1159
0.087588 1.1165
0.088088 1.1171
0.088589 1.1176
0.089089 1.1182
0.08959 1.1188
0.09009 1.1193
0.090591 1.1199
0.091091 1.1205
0.091592 1.121
0.092092 1.1216
0.092593 1.1221
0.093093 1.1227
0.093594 1.1232
0.094094 1.1237
0.094595 1.1243
0.095095 1.1248
0.095596 1.1253
0.096096 1.1259
0.096597 1.1264
0.097097 1.1269
0.097598 1.1275
0.098098 1.128
0.098599 1.1285
0.099099 1.129
0.0996 1.1295
0.1001 1.13
0.1006 1.1306
0.1011 1.1311
0.1016 1.1316
0.1021 1.1321
0.1026 1.1326
0.1031 1.1331
0.1036 1.1336
0.1041 1.1341
0.1046 1.1346
0.10511 1.135
0.10561 1.1355
0.10611 1.136
0.10661 1.1365
0.10711 1.137
0.10761 1.1375
0.10811 1.1379
0.10861 1.1384
0.10911 1.1389
0.10961 1.1394
0.11011 1.1398
0.11061 1.1403
0.11111 1.1408
0.11161 1.1412
0.11211 1.1417
0.11261 1.1422
0.11311 1.1426
0.11361 1.1431
0.11411 1.1435
0.11461 1.144
0.11512 1.1444
0.11562 1.1449
0.11612 1.1453
0.11662 1.1458
0.11712 1.1462
0.11762 1.1466
0.11812 1.1471
0.11862 1.1475
0.11912 1.148
0.11962 1.1484
0.12012 1.1488
0.12062 1.1493
0.12112 1.1497
0.12162 1.1501
0.12212 1.1505
0.12262 1.151
0.12312 1.1514
0.12362 1.1518
0.12412 1.1522
0.12462 1.1526
0.12513 1.1531
0.12563 1.1535
0.12613 1.1539
0.12663 1.1543
0.12713 1.1547
0.12763 1.1551
0.12813 1.1555
0.12863 1.1559
0.12913 1.1563
0.12963 1.1567
0.13013 1.1571
0.13063 1.1575
0.13113 1.1579
0.13163 1.1583
0.13213 1.1587
0.13263 1.1591
0.13313 1.1595
0.13363 1.1599
0.13413 1.1603
0.13463 1.1607
0.13514 1.1611
0.13564 1.1615
0.13614 1.1619
0.13664 1.1623
0.13714 1.1626
0.13764 1.163
0.13814 1.1634
0.13864 1.1638
0.13914 1.1642
0.13964 1.1646
0.14014 1.1649
0.14064 1.1653
0.14114 1.1657
0.14164 1.1661
0.14214 1.1665
0.14264 1.1668
0.14314 1.1672
0.14364 1.1676
0.14414 1.168
0.14464 1.1684
0.14515 1.1687
0.14565 1.1691
0.14615 1.1695
0.14665 1.1699
0.14715 1.1702
0.14765 1.1706
0.14815 1.171
0.14865 1.1713
0.14915 1.1717
0.14965 1.1721
0.15015 1.1725
0.15065 1.1728
0.15115 1.1732
0.15165 1.1736
0.15215 1.174
0.15265 1.1743
0.15315 1.1747
0.15365 1.1751
0.15415 1.1755
0.15465 1.1758
0.15516 1.1762
0.15566 1.1766
0.15616 1.177
0.15666 1.1774
0.15716 1.1777
0.15766 1.1781
0.15816 1.1785
0.15866 1.1789
0.15916 1.1793
0.15966 1.1796
0.16016 1.18
0.16066 1.1804
0.16116 1.1808
0.16166 1.1812
0.16216 1.1816
0.16266 1.182
0.16316 1.1824
0.16366 1.1828
0.16416 1.1832
0.16466 1.1836
0.16517 1.184
0.16567 1.1844
0.16617 1.1848
0.16667 1.1852
0.16717 1.1856
0.16767 1.186
0.16817 1.1864
0.16867 1.1868
0.16917 1.1873
0.16967 1.1877
0.17017 1.1881
0.17067 1.1886
0.17117 1.189
0.17167 1.1894
0.17217 1.1899
0.17267 1.1903
0.17317 1.1908
0.17367 1.1912
0.17417 1.1917
0.17467 1.1922
0.17518 1.1926
0.17568 1.1931
0.17618 1.1936
0.17668 1.1941
0.17718 1.1946
0.17768 1.1951
0.17818 1.1956
0.17868 1.1961
0.17918 1.1967
0.17968 1.1972
0.18018 1.1978
0.18068 1.1983
0.18118 1.1989
0.18168 1.1995
0.18218 1.2
0.18268 1.2006
0.18318 1.2013
0.18368 1.2019
0.18418 1.2025
0.18468 1.2032
0.18519 1.2039
0.18569 1.2045
0.18619 1.2053
0.18669 1.206
0.18719 1.2067
0.18769 1.2075
0.18819 1.2083
0.18869 1.2091
0.18919 1.2099
0.18969 1.2108
0.19019 1.2117
0.19069 1.2126
0.19119 1.2136
0.19169 1.2146
0.19219 1.2157
0.19269 1.2167
0.19319 1.2179
0.19369 1.219
0.19419 1.2203
0.19469 1.2215
0.1952 1.2229
0.1957 1.2243
0.1962 1.2257
0.1967 1.2273
0.1972 1.2289
0.1977 1.2305
0.1982 1.2323
0.1987 1.2342
0.1992 1.2361
0.1997 1.2382
0.2002 1.2403
0.2007 1.2426
0.2012 1.2449
0.2017 1.2474
0.2022 1.25
0.2027 1.2527
0.2032 1.2556
0.2037 1.2586
0.2042 1.2617
0.2047 1.2649
0.20521 1.2683
0.20571 1.2718
0.20621 1.2754
0.20671 1.2791
0.20721 1.283
0.20771 1.2869
0.20821 1.291
0.20871 1.2951
0.20921 1.2992
0.20971 1.3035
0.21021 1.3077
0.21071 1.312
0.21121 1.3163
0.21171 1.3206
0.21221 1.3249
0.21271 1.3292
0.21321 1.3333
0.21371 1.3375
0.21421 1.3415
0.21471 1.3454
0.21522 1.3493
0.21572 1.353
0.21622 1.3567
0.21672 1.3602
0.21722 1.3636
0.21772 1.3668
0.21822 1.37
0.21872 1.373
0.21922 1.3759
0.21972 1.3786
0.22022 1.3813
0.22072 1.3838
0.22122 1.3862
0.22172 1.3885
0.22222 1.3907
0.22272 1.3928
0.22322 1.3947
0.22372 1.3966
0.22422 1.3985
0.22472 1.4002
0.22523 1.4018
0.22573 1.4034
0.22623 1.4049
0.22673 1.4063
0.22723 1.4077
0.22773 1.409
0.22823 1.4103
0.22873 1.4115
0.22923 1.4126
0.22973 1.4137
0.23023 1.4148
0.23073 1.4158
0.23123 1.4168
0.23173 1.4178
0.23223 1.4187
0.23273 1.4195
0.23323 1.4204
0.23373 1.4212
0.23423 1.422
0.23473 1.4227
0.23524 1.4235
0.23574 1.4242
0.23624 1.4249
0.23674 1.4255
0.23724 1.4262
0.23774 1.4268
0.23824 1.4274
0.23874 1.428
0.23924 1.4285
0.23974 1.4291
0.24024 1.4296
0.24074 1.4301
0.24124 1.4306
0.24174 1.4311
0.24224 1.4315
0.24274 1.432
0.24324 1.4324
0.24374 1.4328
0.24424 1.4332
0.24474 1.4336
0.24525 1.434
0.24575 1.4344
0.24625 1.4347
0.24675 1.4351
0.24725 1.4354
0.24775 1.4358
0.24825 1.4361
0.24875 1.4364
0.24925 1.4367
0.24975 1.4369
0.25025 1.4372
0.25075 1.4375
0.25125 1.4377
0.25175 1.438
0.25225 1.4382
0.25275 1.4384
0.25325 1.4386
0.25375 1.4389
0.25425 1.4391
0.25475 1.4392
0.25526 1.4394
0.25576 1.4396
0.25626 1.4398
0.25676 1.4399
0.25726 1.4401
0.25776 1.4402
0.25826 1.4403
0.25876 1.4405
0.25926 1.4406
0.25976 1.4407
0.26026 1.4408
0.26076 1.4409
0.26126 1.441
0.26176 1.4411
0.26226 1.4412
0.26276 1.4412
0.26326 1.4413
0.26376 1.4413
0.26426 1.4414
0.26476 1.4414
0.26527 1.4415
0.26577 1.4415
0.26627 1.4415
0.26677 1.4415
0.26727 1.4415
0.26777 1.4415
0.26827 1.4415
0.26877 1.4415
0.26927 1.4415
0.26977 1.4415
0.27027 1.4415
0.27077 1.4414
0.27127 1.4414
0.27177 1.4414
0.27227 1.4413
0.27277 1.4413
0.27327 1.4412
0.27377 1.4411
0.27427 1.4411
0.27477 1.441
0.27528 1.4409
0.27578 1.4408
0.27628 1.4407
0.27678 1.4406
0.27728 1.4405
0.27778 1.4404
0.27828 1.4403
0.27878 1.4402
0.27928 1.4401
0.27978 1.4399
0.28028 1.4398
0.28078 1.4397
0.28128 1.4395
0.28178 1.4394
0.28228 1.4392
0.28278 1.439
0.28328 1.4389
0.28378 1.4387
0.28428 1.4385
0.28478 1.4384
0.28529 1.4382
0.28579 1.438
0.28629 1.4378
0.28679 1.4376
0.28729 1.4374
0.28779 1.4372
0.28829 1.437
0.28879 1.4368
0.28929 1.4366
0.28979 1.4363
0.29029 1.4361
0.29079 1.4359
0.29129 1.4356
0.29179 1.4354
0.29229 1.4352
0.29279 1.4349
0.29329 1.4346
0.29379 1.4344
0.29429 1.4341
0.29479 1.4339
0.2953 1.4336
0.2958 1.4333
0.2963 1.433
0.2968 1.4328
0.2973 1.4325
0.2978 1.4322
0.2983 1.4319
0.2988 1.4316
0.2993 1.4313
0.2998 1.431
0.3003 1.4307
0.3008 1.4304
0.3013 1.43
0.3018 1.4297
0.3023 1.4294
0.3028 1.4291
0.3033 1.4287
0.3038 1.4284
0.3043 1.428
0.3048 1.4277
0.30531 1.4273
0.30581 1.427
0.30631 1.4266
0.30681 1.4263
0.30731 1.4259
0.30781 1.4255
0.30831 1.4252
0.30881 1.4248
0.30931 1.4244
0.30981 1.424
0.31031 1.4237
0.31081 1.4233
0.31131 1.4229
0.31181 1.4225
0.31231 1.4221
0.31281 1.4217
0.31331 1.4213
0.31381 1.4209
0.31431 1.4205
0.31481 1.42
0.31532 1.4196
0.31582 1.4192
0.31632 1.4188
0.31682 1.4183
0.31732 1.4179
0.31782 1.4175
0.31832 1.417
0.31882 1.4166
0.31932 1.4161
0.31982 1.4157
0.32032 1.4152
0.32082 1.4148
0.32132 1.4143
0.32182 1.4139
0.32232 1.4134
0.32282 1.4129
0.32332 1.4125
0.32382 1.412
0.32432 1.4115
0.32482 1.411
0.32533 1.4106
0.32583 1.4101
0.32633 1.4096
0.32683 1.4091
0.32733 1.4086
0.32783 1.4081
0.32833 1.4076
0.32883 1.4071
0.32933 1.4066
0.32983 1.4061
0.33033 1.4055
0.33083 1.405
0.33133 1.4045
0.33183 1.404
0.33233 1.4035
0.33283 1.4029
0.33333 1.4024
0.33383 1.4019
0.33433 1.4013
0.33483 1.4008
0.33534 1.4003
0.33584 1.3997
0.33634 1.3992
0.33684 1.3986
0.33734 1.3981
0.33784 1.3975
0.33834 1.3969
0.33884 1.3964
0.33934 1.3958
0.33984 1.3953
0.34034 1.3947
0.34084 1.3941
0.34134 1.3935
0.34184 1.393
0.34234 1.3924
0.34284 1.3918
0.34334 1.3912
0.34384 1.3906
0.34434 1.39
0.34484 1.3894
0.34535 1.3888
0.34585 1.3882
0.34635 1.3876
0.34685 1.387
0.34735 1.3864
0.34785 1.3858
0.34835 1.3852
0.34885 1.3846
0.34935 1.384
0.34985 1.3834
0.35035 1.3828
0.35085 1.3821
0.35135 1.3815
0.35185 1.3809
0.35235 1.3802
0.35285 1.3796
0.35335 1.379
0.35385 1.3783
0.35435 1.3777
0.35485 1.3771
0.35536 1.3764
0.35586 1.3758
0.35636 1.3751
0.35686 1.3745
0.35736 1.3738
0.35786 1.3732
0.35836 1.3725
0.35886 1.3718
0.35936 1.3712
0.35986 1.3705
0.36036 1.3698
0.36086 1.3692
0.36136 1.3685
0.36186 1.3678
0.36236 1.3671
0.36286 1.3665
0.36336 1.3658
0.36386 1.3651
0.36436 1.3644
0.36486 1.3637
0.36537 1.363
0.36587 1.3624
0.36637 1.3617
0.36687 1.361
0.36737 1.3603
0.36787 1.3596
0.36837 1.3589
0.36887 1.3582
0.36937 1.3575
0.36987 1.3568
0.37037 1.356
0.37087 1.3553
0.37137 1.3546
0.37187 1.3539
0.37237 1.3532
0.37287 1.3525
0.37337 1.3517
0.37387 1.351
0.37437 1.3503
0.37487 1.3496
0.37538 1.3488
0.37588 1.3481
0.37638 1.3474
0.37688 1.3466
0.37738 1.3459
0.37788 1.3452
0.37838 1.3444
0.37888 1.3437
0.37938 1.3429
0.37988 1.3422
0.38038 1.3414
0.38088 1.3407
0.38138 1.3399
0.38188 1.3392
0.38238 1.3384
0.38288 1.3377
0.38338 1.3369
0.38388 1.3362
0.38438 1.3354
0.38488 1.3346
0.38539 1.3339
0.38589 1.3331
0.38639 1.3323
0.38689 1.3316
0.38739 1.3308
0.38789 1.33
0.38839 1.3293
0.38889 1.3285
0.38939 1.3277
0.38989 1.3269
0.39039 1.3261
0.39089 1.3254
0.39139 1.3246
0.39189 1.3238
0.39239 1.323
0.39289 1.3222
0.39339 1.3214
0.39389 1.3206
0.39439 1.3199
0.39489 1.3191
0.3954 1.3183
0.3959 1.3175
0.3964 1.3167
0.3969 1.3159
0.3974 1.3151
0.3979 1.3143
0.3984 1.3135
0.3989 1.3127
0.3994 1.3119
0.3999 1.3111
0.4004 1.3102
0.4009 1.3094
0.4014 1.3086
0.4019 1.3078
0.4024 1.307
0.4029 1.3062
0.4034 1.3054
0.4039 1.3046
0.4044 1.3038
0.4049 1.3029
0.40541 1.3021
0.40591 1.3013
0.40641 1.3005
0.40691 1.2997
0.40741 1.2988
0.40791 1.298
0.40841 1.2972
0.40891 1.2964
0.40941 1.2955
0.40991 1.2947
0.41041 1.2939
0.41091 1.2931
0.41141 1.2922
0.41191 1.2914
0.41241 1.2906
0.41291 1.2898
0.41341 1.2889
0.41391 1.2881
0.41441 1.2873
0.41491 1.2864
0.41542 1.2856
0.41592 1.2848
0.41642 1.2839
0.41692 1.2831
0.41742 1.2822
0.41792 1.2814
0.41842 1.2806
0.41892 1.2797
0.41942 1.2789
0.41992 1.2781
0.42042 1.2772
0.42092 1.2764
0.42142 1.2755
0.42192 1.2747
0.42242 1.2739
0.42292 1.273
0.42342 1.2722
0.42392 1.2713
0.42442 1.2705
0.42492 1.2696
0.42543 1.2688
0.42593 1.2679
0.42643 1.2671
0.42693 1.2662
0.42743 1.2654
0.42793 1.2645
0.42843 1.2637
0.42893 1.2628
0.42943 1.262
0.42993 1.2611
0.43043 1.2602
0.43093 1.2594
0.43143 1.2585
0.43193 1.2577
0.43243 1.2568
0.43293 1.2559
0.43343 1.255
0.43393 1.2542
0.43443 1.2533
0.43493 1.2524
0.43544 1.2515
0.43594 1.2507
0.43644 1.2498
0.43694 1.2489
0.43744 1.248
0.43794 1.2471
0.43844 1.2462
0.43894 1.2453
0.43944 1.2444
0.43994 1.2434
0.44044 1.2425
0.44094 1.2416
0.44144 1.2407
0.44194 1.2398
0.44244 1.2388
0.44294 1.2379
0.44344 1.2369
0.44394 1.236
0.44444 1.235
0.44494 1.2341
0.44545 1.2331
0.44595 1.2322
0.44645 1.2312
0.44695 1.2302
0.44745 1.2292
0.44795 1.2283
0.44845 1.2273
0.44895 1.2263
0.44945 1.2253
0.44995 1.2243
0.45045 1.2233
0.45095 1.2223
0.45145 1.2213
0.45195 1.2203
0.45245 1.2193
0.45295 1.2183
0.45345 1.2172
0.45395 1.2162
0.45445 1.2152
0.45495 1.2142
0.45546 1.2131
0.45596 1.2121
0.45646 1.2111
0.45696 1.21
0.45746 1.209
0.45796 1.2079
0.45846 1.2069
0.45896 1.2058
0.45946 1.2048
0.45996 1.2037
0.46046 1.2027
0.46096 1.2016
0.46146 1.2006
0.46196 1.1995
0.46246 1.1985
0.46296 1.1974
0.46346 1.1964
0.46396 1.1953
0.46446 1.1942
0.46496 1.1932
0.46547 1.1921
0.46597 1.191
0.46647 1.19
0.46697 1.1889
0.46747 1.1879
0.46797 1.1868
0.46847 1.1857
0.46897 1.1847
0.46947 1.1836
0.46997 1.1825
0.47047 1.1815
0.47097 1.1804
0.47147 1.1793
0.47197 1.1783
0.47247 1.1772
0.47297 1.1761
0.47347 1.1751
0.47397 1.174
0.47447 1.1729
0.47497 1.1719
0.47548 1.1708
0.47598 1.1697
0.47648 1.1687
0.47698 1.1676
0.47748 1.1665
0.47798 1.1655
0.47848 1.1644
0.47898 1.1633
0.47948 1.1623
0.47998 1.1612
0.48048 1.1601
0.48098 1.1591
0.48148 1.158
0.48198 1.1569
0.48248 1.1559
0.48298 1.1548
0.48348 1.1537
0.48398 1.1527
0.48448 1.1516
0.48498 1.1506
0.48549 1.1495
0.48599 1.1484
0.48649 1.1474
0.48699 1.1463
0.48749 1.1452
0.48799 1.1442
0.48849 1.1431
0.48899 1.142
0.48949 1.141
0.48999 1.1399
0.49049 1.1389
0.49099 1.1378
0.49149 1.1367
0.49199 1.1357
0.49249 1.1346
0.49299 1.1336
0.49349 1.1325
0.49399 1.1314
0.49449 1.1304
0.49499 1.1293
0.4955 1.1282
0.496 1.1272
0.4965 1.1261
0.497 1.1251
0.4975 1.124
0.498 1.123
0.4985 1.1219
0.499 1.1208
0.4995 1.1198
0.5 1.1187
0.5005 1.1177
0.501 1.1166
0.5015 1.1156
0.502 1.1145
0.5025 1.1134
0.503 1.1124
0.5035 1.1113
0.504 1.1103
0.5045 1.1092
0.50501 1.1082
0.50551 1.1071
0.50601 1.1061
0.50651 1.105
0.50701 1.1039
0.50751 1.1029
0.50801 1.1018
0.50851 1.1008
0.50901 1.0997
0.50951 1.0987
0.51001 1.0976
0.51051 1.0966
0.51101 1.0955
0.51151 1.0945
0.51201 1.0934
0.51251 1.0924
0.51301 1.0913
0.51351 1.0903
0.51401 1.0892
0.51451 1.0882
0.51502 1.0871
0.51552 1.0861
0.51602 1.0851
0.51652 1.084
0.51702 1.083
0.51752 1.0819
0.51802 1.0809
0.51852 1.0798
0.51902 1.0788
0.51952 1.0777
0.52002 1.0767
0.52052 1.0757
0.52102 1.0746
0.52152 1.0736
0.52202 1.0725
0.52252 1.0715
0.52302 1.0705
0.52352 1.0694
0.52402 1.0684
0.52452 1.0673
0.52503 1.0663
0.52553 1.0653
0.52603 1.0642
0.52653 1.0632
0.52703 1.0622
0.52753 1.0611
0.52803 1.0601
0.52853 1.0591
0.52903 1.058
0.52953 1.057
0.53003 1.056
0.53053 1.0549
0.53103 1.0539
0.53153 1.0529
0.53203 1.0519
0.53253 1.0508
0.53303 1.0498
0.53353 1.0488
0.53403 1.0477
0.53453 1.0467
0.53504 1.0457
0.53554 1.0447
0.53604 1.0437
0.53654 1.0426
0.53704 1.0416
0.53754 1.0406
0.53804 1.0396
0.53854 1.0386
0.53904 1.0375
0.53954 1.0365
0.54004 1.0355
0.54054 1.0345
0.54104 1.0335
0.54154 1.0325
0.54204 1.0315
0.54254 1.0304
0.54304 1.0294
0.54354 1.0284
0.54404 1.0274
0.54454 1.0264
0.54505 1.0254
0.54555 1.0244
0.54605 1.0234
0.54655 1.0224
0.54705 1.0214
0.54755 1.0204
0.54805 1.0194
0.54855 1.0184
0.54905 1.0174
0.54955 1.0164
0.55005 1.0154
0.55055 1.0144
0.55105 1.0134
0.55155 1.0124
0.55205 1.0114
0.55255 1.0104
0.55305 1.0094
0.55355 1.0085
0.55405 1.0075
0.55455 1.0065
0.55506 1.0055
0.55556 1.0045
0.55606 1.0035
0.55656 1.0025
0.55706 1.0016
0.55756 1.0006
0.55806 0.99961
0.55856 0.99863
0.55906 0.99766
0.55956 0.99668
0.56006 0.99571
0.56056 0.99474
0.56106 0.99377
0.56156 0.9928
0.56206 0.99183
0.56256 0.99086
0.56306 0.9899
0.56356 0.98894
0.56406 0.98797
0.56456 0.98701
0.56507 0.98605
0.56557 0.9851
0.56607 0.98414
0.56657 0.98318
0.56707 0.98223
0.56757 0.98128
0.56807 0.98033
0.56857 0.97938
0.56907 0.97843
0.56957 0.97748
0.57007 0.97654
0.57057 0.9756
0.57107 0.97465
0.57157 0.97371
0.57207 0.97278
0.57257 0.97184
0.57307 0.9709
0.57357 0.96997
0.57407 0.96904
0.57457 0.96811
0.57508 0.96718
0.57558 0.96625
0.57608 0.96533
0.57658 0.9644
0.57708 0.96348
0.57758 0.96256
0.57808 0.96164
0.57858 0.96072
0.57908 0.95981
0.57958 0.95889
0.58008 0.95798
0.58058 0.95707
0.58108 0.95616
0.58158 0.95526
0.58208 0.95435
0.58258 0.95345
0.58308 0.95255
0.58358 0.95165
0.58408 0.95075
0.58458 0.94986
0.58509 0.94897
0.58559 0.94807
0.58609 0.94718
0.58659 0.9463
0.58709 0.94541
0.58759 0.94453
0.58809 0.94365
0.58859 0.94277
0.58909 0.94189
0.58959 0.94101
0.59009 0.94014
0.59059 0.93927
0.59109 0.9384
0.59159 0.93753
0.59209 0.93667
0.59259 0.9358
0.59309 0.93494
0.59359 0.93408
0.59409 0.93323
0.59459 0.93237
0.5951 0.93152
0.5956 0.93067
0.5961 0.92982
0.5966 0.92898
0.5971 0.92813
0.5976 0.92729
0.5981 0.92645
0.5986 0.92562
0.5991 0.92478
0.5996 0.92395
0.6001 0.92312
0.6006 0.92229
0.6011 0.92147
0.6016 0.92065
0.6021 0.91983
0.6026 0.91901
0.6031 0.91819
0.6036 0.91738
0.6041 0.91657
0.6046 0.91576
0.60511 0.91495
0.60561 0.91415
0.60611 0.91335
0.60661 0.91255
0.60711 0.91176
0.60761 0.91096
0.60811 0.91017
0.60861 0.90939
0.60911 0.9086
0.60961 0.90782
0.61011 0.90704
0.61061 0.90626
0.61111 0.90549
0.61161 0.90472
0.61211 0.90395
0.61261 0.90318
0.61311 0.90242
0.61361 0.90165
0.61411 0.9009
0.61461 0.90014
0.61512 0.89939
0.61562 0.89864
0.61612 0.89789
0.61662 0.89715
0.61712 0.89641
0.61762 0.89567
0.61812 0.89493
0.61862 0.8942
0.61912 0.89347
0.61962 0.89274
0.62012 0.89202
0.62062 0.8913
0.62112 0.89058
0.62162 0.88986
0.62212 0.88915
0.62262 0.88844
0.62312 0.88774
0.62362 0.88704
0.62412 0.88634
0.62462 0.88564
0.62513 0.88495
0.62563 0.88426
0.62613 0.88357
0.62663 0.88288
0.62713 0.8822
0.62763 0.88153
0.62813 0.88085
0.62863 0.88018
0.62913 0.87951
0.62963 0.87885
0.63013 0.87819
0.63063 0.87753
0.63113 0.87688
0.63163 0.87622
0.63213 0.87558
0.63263 0.87493
0.63313 0.87429
0.63363 0.87365
0.63413 0.87302
0.63463 0.87239
0.63514 0.87176
0.63564 0.87114
0.63614 0.87052
0.63664 0.8699
0.63714 0.86929
0.63764 0.86868
0.63814 0.86807
0.63864 0.86747
0.63914 0.86687
0.63964 0.86628
0.64014 0.86569
0.64064 0.8651
0.64114 0.86451
0.64164 0.86393
0.64214 0.86336
0.64264 0.86278
0.64314 0.86222
0.64364 0.86165
0.64414 0.86109
0.64464 0.86053
0.64515 0.85998
0.64565 0.85943
0.64615 0.85888
0.64665 0.85834
0.64715 0.8578
0.64765 0.85727
0.64815 0.85674
0.64865 0.85621
0.64915 0.85569
0.64965 0.85517
0.65015 0.85466
0.65065 0.85415
0.65115 0.85364
0.65165 0.85314
0.65215 0.85264
0.65265 0.85215
0.65315 0.85166
0.65365 0.85117
0.65415 0.85069
0.65465 0.85021
0.65516 0.84974
0.65566 0.84927
0.65616 0.84881
0.65666 0.84835
0.65716 0.84789
0.65766 0.84744
0.65816 0.84699
0.65866 0.84655
0.65916 0.84611
0.65966 0.84568
0.66016 0.84525
0.66066 0.84483
0.66116 0.84441
0.66166 0.84399
0.66216 0.84358
0.66266 0.84317
0.66316 0.84277
0.66366 0.84237
0.66416 0.84198
0.66466 0.84159
0.66517 0.84121
0.66567 0.84083
0.66617 0.84046
0.66667 0.84009
0.66717 0.83972
0.66767 0.83936
0.66817 0.83901
0.66867 0.83866
0.66917 0.83831
0.66967 0.83797
0.67017 0.83763
0.67067 0.8373
0.67117 0.83698
0.67167 0.83666
0.67217 0.83634
0.67267 0.83603
0.67317 0.83572
0.67367 0.83542
0.67417 0.83512
0.67467 0.83483
0.67518 0.83455
0.67568 0.83427
0.67618 0.83399
0.67668 0.83372
0.67718 0.83345
0.67768 0.83319
0.67818 0.83294
0.67868 0.83269
0.67918 0.83244
0.67968 0.83221
0.68018 0.83197
0.68068 0.83174
0.68118 0.83152
0.68168 0.8313
0.68218 0.83109
0.68268 0.83088
0.68318 0.83068
0.68368 0.83048
0.68418 0.83029
0.68468 0.83011
0.68519 0.82993
0.68569 0.82975
0.68619 0.82959
0.68669 0.82942
0.68719 0.82927
0.68769 0.82911
0.68819 0.82897
0.68869 0.82883
0.68919 0.82869
0.68969 0.82856
0.69019 0.82844
0.69069 0.82832
0.69119 0.82821
0.69169 0.82811
0.69219 0.82801
0.69269 0.82791
0.69319 0.82782
0.69369 0.82774
0.69419 0.82767
0.69469 0.8276
0.6952 0.82753
0.6957 0.82747
0.6962 0.82742
0.6967 0.82738
0.6972 0.82734
0.6977 0.8273
0.6982 0.82727
0.6987 0.82725
0.6992 0.82724
0.6997 0.82723
0.7002 0.82723
0.7007 0.82723
0.7012 0.82724
0.7017 0.82725
0.7022 0.82728
0.7027 0.82731
0.7032 0.82734
0.7037 0.82738
0.7042 0.82743
0.7047 0.82748
0.70521 0.82754
0.70571 0.82761
0.70621 0.82769
0.70671 0.82777
0.70721 0.82785
0.70771 0.82795
0.70821 0.82805
0.70871 0.82815
0.70921 0.82827
0.70971 0.82839
0.71021 0.82851
0.71071 0.82865
0.71121 0.82879
0.71171 0.82893
0.71221 0.82909
0.71271 0.82925
0.71321 0.82942
0.71371 0.82959
0.71421 0.82977
0.71471 0.82996
0.71522 0.83016
0.71572 0.83036
0.71622 0.83057
0.71672 0.83078
0.71722 0.83101
0.71772 0.83124
0.71822 0.83148
0.71872 0.83172
0.71922 0.83197
0.71972 0.83223
0.72022 0.8325
0.72072 0.83277
0.72122 0.83305
0.72172 0.83334
0.72222 0.83363
0.72272 0.83394
0.72322 0.83425
0.72372 0.83456
0.72422 0.83489
0.72472 0.83522
0.72523 0.83556
0.72573 0.83591
0.72623 0.83626
0.72673 0.83662
0.72723 0.83699
0.72773 0.83737
0.72823 0.83775
0.72873 0.83815
0.72923 0.83855
0.72973 0.83895
0.73023 0.83937
0.73073 0.83979
0.73123 0.84022
0.73173 0.84066
0.73223 0.84111
0.73273 0.84156
0.73323 0.84202
0.73373 0.84249
0.73423 0.84297
0.73473 0.84345
0.73524 0.84395
0.73574 0.84445
0.73624 0.84496
0.73674 0.84547
0.73724 0.846
0.73774 0.84653
0.73824 0.84707
0.73874 0.84762
0.73924 0.84818
0.73974 0.84874
0.74024 0.84931
0.74074 0.8499
0.74124 0.85048
0.74174 0.85108
0.74224 0.85169
0.74274 0.8523
0.74324 0.85292
0.74374 0.85355
0.74424 0.85419
0.74474 0.85484
0.74525 0.85549
0.74575 0.85616
0.74625 0.85683
0.74675 0.85751
0.74725 0.8582
0.74775 0.85889
0.74825 0.8596
0.74875 0.86031
0.74925 0.86103
0.74975 0.86177
0.75025 0.8625
0.75075 0.86325
0.75125 0.86401
0.75175 0.86477
0.75225 0.86555
0.75275 0.86633
0.75325 0.86712
0.75375 0.86792
0.75425 0.86872
0.75475 0.86954
0.75526 0.87036
0.75576 0.8712
0.75626 0.87204
0.75676 0.87289
0.75726 0.87375
0.75776 0.87462
0.75826 0.87549
0.75876 0.87638
0.75926 0.87727
0.75976 0.87817
0.76026 0.87908
0.76076 0.88
0.76126 0.88093
0.76176 0.88187
0.76226 0.88282
0.76276 0.88377
0.76326 0.88473
0.76376 0.88571
0.76426 0.88669
0.76476 0.88768
0.76527 0.88867
0.76577 0.88968
0.76627 0.8907
0.76677 0.89172
0.76727 0.89275
0.76777 0.8938
0.76827 0.89485
0.76877 0.89591
0.76927 0.89697
0.76977 0.89805
0.77027 0.89913
0.77077 0.90023
0.77127 0.90133
0.77177 0.90244
0.77227 0.90356
0.77277 0.90469
0.77327 0.90582
0.77377 0.90697
0.77427 0.90812
0.77477 0.90928
0.77528 0.91045
0.77578 0.91163
0.77628 0.91281
0.77678 0.914
0.77728 0.9152
0.77778 0.91641
0.77828 0.91762
0.77878 0.91885
0.77928 0.92007
0.77978 0.92131
0.78028 0.92255
0.78078 0.92379
0.78128 0.92504
0.78178 0.92629
0.78228 0.92754
0.78278 0.9288
0.78328 0.93005
0.78378 0.93129
0.78428 0.93252
0.78478 0.93374
0.78529 0.93494
0.78579 0.93611
0.78629 0.93723
0.78679 0.9383
0.78729 0.93928
0.78779 0.94016
0.78829 0.9409
0.78879 0.94145
0.78929 0.94175
0.78979 0.94175
0.79029 0.94134
0.79079 0.94044
0.79129 0.9389
0.79179 0.9366
0.79229 0.93338
0.79279 0.92907
0.79329 0.9235
0.79379 0.91652
0.79429 0.90798
0.79479 0.8978
0.7953 0.88595
0.7958 0.87244
0.7963 0.8574
0.7968 0.84102
0.7973 0.82356
0.7978 0.80533
0.7983 0.78671
0.7988 0.76805
0.7993 0.7497
0.7998 0.73198
0.8003 0.71515
0.8008 0.69941
0.8013 0.68489
0.8018 0.67168
0.8023 0.65979
0.8028 0.6492
0.8033 0.63987
0.8038 0.63172
0.8043 0.62466
0.8048 0.61858
0.80531 0.61339
0.80581 0.609
0.80631 0.6053
0.80681 0.60221
0.80731 0.59965
0.80781 0.59755
0.80831 0.59585
0.80881 0.59449
0.80931 0.59342
0.80981 0.5926
0.81031 0.59199
0.81081 0.59156
0.81131 0.59129
0.81181 0.59116
0.81231 0.59113
0.81281 0.5912
0.81331 0.59135
0.81381 0.59157
0.81431 0.59185
0.81481 0.59218
0.81532 0.59256
0.81582 0.59297
0.81632 0.59341
0.81682 0.59388
0.81732 0.59438
0.81782 0.59489
0.81832 0.59543
0.81882 0.59598
0.81932 0.59654
0.81982 0.59712
0.82032 0.59771
0.82082 0.59831
0.82132 0.59891
0.82182 0.59953
0.82232 0.60016
0.82282 0.60079
0.82332 0.60143
0.82382 0.60207
0.82432 0.60272
0.82482 0.60338
0.82533 0.60404
0.82583 0.60471
0.82633 0.60538
0.82683 0.60606
0.82733 0.60674
0.82783 0.60743
0.82833 0.60812
0.82883 0.60881
0.82933 0.60951
0.82983 0.61022
0.83033 0.61093
0.83083 0.61164
0.83133 0.61236
0.83183 0.61308
0.83233 0.6138
0.83283 0.61453
0.83333 0.61526
0.83383 0.616
0.83433 0.61674
0.83483 0.61749
0.83534 0.61824
0.83584 0.61899
0.83634 0.61975
0.83684 0.62051
0.83734 0.62127
0.83784 0.62204
0.83834 0.62281
0.83884 0.62358
0.83934 0.62436
0.83984 0.62515
0.84034 0.62593
0.84084 0.62672
0.84134 0.62752
0.84184 0.62831
0.84234 0.62911
0.84284 0.62992
0.84334 0.63073
0.84384 0.63154
0.84434 0.63235
0.84484 0.63317
0.84535 0.63399
0.84585 0.63482
0.84635 0.63565
0.84685 0.63648
0.84735 0.63731
0.84785 0.63815
0.84835 0.639
0.84885 0.63984
0.84935 0.64069
0.84985 0.64154
0.85035 0.6424
0.85085 0.64326
0.85135 0.64412
0.85185 0.64499
0.85235 0.64586
0.85285 0.64673
0.85335 0.6476
0.85385 0.64848
0.85435 0.64936
0.85485 0.65025
0.85536 0.65114
0.85586 0.65203
0.85636 0.65292
0.85686 0.65382
0.85736 0.65472
0.85786 0.65563
0.85836 0.65653
0.85886 0.65744
0.85936 0.65836
0.85986 0.65927
0.86036 0.66019
0.86086 0.66112
0.86136 0.66204
0.86186 0.66297
0.86236 0.6639
0.86286 0.66484
0.86336 0.66577
0.86386 0.66671
0.86436 0.66766
0.86486 0.6686
0.86537 0.66955
0.86587 0.67051
0.86637 0.67146
0.86687 0.67242
0.86737 0.67338
0.86787 0.67434
0.86837 0.67531
0.86887 0.67628
0.86937 0.67725
0.86987 0.67822
0.87037 0.6792
0.87087 0.68018
0.87137 0.68116
0.87187 0.68215
0.87237 0.68314
0.87287 0.68413
0.87337 0.68512
0.87387 0.68612
0.87437 0.68712
0.87487 0.68812
0.87538 0.68912
0.87588 0.69013
0.87638 0.69114
0.87688 0.69215
0.87738 0.69317
0.87788 0.69418
0.87838 0.6952
0.87888 0.69622
0.87938 0.69725
0.87988 0.69828
0.88038 0.69931
0.88088 0.70034
0.88138 0.70137
0.88188 0.70241
0.88238 0.70345
0.88288 0.70449
0.88338 0.70553
0.88388 0.70658
0.88438 0.70763
0.88488 0.70868
0.88539 0.70973
0.88589 0.71078
0.88639 0.71184
0.88689 0.7129
0.88739 0.71396
0.88789 0.71503
0.88839 0.71609
0.88889 0.71716
0.88939 0.71823
0.88989 0.71931
0.89039 0.72038
0.89089 0.72146
0.89139 0.72254
0.89189 0.72362
0.89239 0.7247
0.89289 0.72579
0.89339 0.72688
0.89389 0.72796
0.89439 0.72906
0.89489 0.73015
0.8954 0.73124
0.8959 0.73234
0.8964 0.73344
0.8969 0.73454
0.8974 0.73565
0.8979 0.73675
0.8984 0.73786
0.8989 0.73897
0.8994 0.74008
0.8999 0.74119
0.9004 0.7423
0.9009 0.74342
0.9014 0.74453
0.9019 0.74565
0.9024 0.74677
0.9029 0.7479
0.9034 0.74902
0.9039 0.75015
0.9044 0.75127
0.9049 0.7524
0.90541 0.75353
0.90591 0.75467
0.90641 0.7558
0.90691 0.75694
0.90741 0.75807
0.90791 0.75921
0.90841 0.76035
0.90891 0.76149
0.90941 0.76263
0.90991 0.76378
0.91041 0.76492
0.91091 0.76607
0.91141 0.76722
0.91191 0.76837
0.91241 0.76952
0.91291 0.77067
0.91341 0.77182
0.91391 0.77298
0.91441 0.77414
0.91491 0.77529
0.91542 0.77645
0.91592 0.77761
0.91642 0.77877
0.91692 0.77993
0.91742 0.7811
0.91792 0.78226
0.91842 0.78343
0.91892 0.78459
0.91942 0.78576
0.91992 0.78693
0.92042 0.7881
0.92092 0.78927
0.92142 0.79044
0.92192 0.79161
0.92242 0.79278
0.92292 0.79396
0.92342 0.79513
0.92392 0.79631
0.92442 0.79748
0.92492 0.79866
0.92543 0.79984
0.92593 0.80102
0.92643 0.8022
0.92693 0.80338
0.92743 0.80456
0.92793 0.80574
0.92843 0.80692
0.92893 0.80811
0.92943 0.80929
0.92993 0.81047
0.93043 0.81166
0.93093 0.81284
0.93143 0.81403
0.93193 0.81522
0.93243 0.8164
0.93293 0.81759
0.93343 0.81878
0.93393 0.81997
0.93443 0.82116
0.93493 0.82235
0.93544 0.82353
0.93594 0.82472
0.93644 0.82591
0.93694 0.8271
0.93744 0.8283
0.93794 0.82949
0.93844 0.83068
0.93894 0.83187
0.93944 0.83306
0.93994 0.83425
0.94044 0.83544
0.94094 0.83664
0.94144 0.83783
0.94194 0.83902
0.94244 0.84021
0.94294 0.8414
0.94344 0.8426
0.94394 0.84379
0.94444 0.84498
0.94494 0.84617
0.94545 0.84737
0.94595 0.84856
0.94645 0.84975
0.94695 0.85094
0.94745 0.85213
0.94795 0.85332
0.94845 0.85451
0.94895 0.85571
0.94945 0.8569
0.94995 0.85809
0.95045 0.85928
0.95095 0.86047
0.95145 0.86166
0.95195 0.86284
0.95245 0.86403
0.95295 0.86522
0.95345 0.86641
0.95395 0.8676
0.95445 0.86878
0.95495 0.86997
0.95546 0.87116
0.95596 0.87234
0.95646 0.87353
0.95696 0.87471
0.95746 0.87589
0.95796 0.87708
0.95846 0.87826
0.95896 0.87944
0.95946 0.88062
0.95996 0.8818
0.96046 0.88298
0.96096 0.88416
0.96146 0.88534
0.96196 0.88652
0.96246 0.88769
0.96296 0.88887
0.96346 0.89004
0.96396 0.89122
0.96446 0.89239
0.96496 0.89356
0.96547 0.89473
0.96597 0.8959
0.96647 0.89707
0.96697 0.89824
0.96747 0.89941
0.96797 0.90057
0.96847 0.90174
0.96897 0.9029
0.96947 0.90406
0.96997 0.90523
0.97047 0.90639
0.97097 0.90755
0.97147 0.9087
0.97197 0.90986
0.97247 0.91102
0.97297 0.91217
0.97347 0.91332
0.97397 0.91448
0.97447 0.91563
0.97497 0.91678
0.97548 0.91792
0.97598 0.91907
0.97648 0.92021
0.97698 0.92136
0.97748 0.9225
0.97798 0.92364
0.97848 0.92478
0.97898 0.92592
0.97948 0.92705
0.97998 0.92819
0.98048 0.92932
0.98098 0.93045
0.98148 0.93158
0.98198 0.93271
0.98248 0.93384
0.98298 0.93496
0.98348 0.93609
0.98398 0.93721
0.98448 0.93833
0.98498 0.93945
0.98549 0.94057
0.98599 0.94168
0.98649 0.94279
0.98699 0.94391
0.98749 0.94502
0.98799 0.94612
0.98849 0.94723
0.98899 0.94833
0.98949 0.94944
0.98999 0.95054
0.99049 0.95163
0.99099 0.95273
0.99149 0.95383
0.99199 0.95492
0.99249 0.95601
0.99299 0.9571
0.99349 0.95818
0.99399 0.95927
0.99449 0.96035
0.99499 0.96143
0.9955 0.96251
0.996 0.96359
0.9965 0.96466
0.997 0.96573
0.9975 0.9668
0.998 0.96787
0.9985 0.96894
0.999 0.97
0.9995 0.97106
1 0.97212
