time energy 
0 0.65898
0.0005005 0.65985
0.001001 0.66069
0.0015015 0.6615
0.002002 0.66226
0.0025025 0.66298
0.003003 0.66366
0.0035035 0.66429
0.004004 0.66488
0.0045045 0.66544
0.005005 0.66595
0.0055055 0.66643
0.006006 0.66687
0.0065065 0.66729
0.007007 0.66769
0.0075075 0.66806
0.008008 0.66843
0.0085085 0.66879
0.009009 0.66915
0.0095095 0.66952
0.01001 0.6699
0.010511 0.67031
0.011011 0.67074
0.011512 0.6712
0.012012 0.6717
0.012513 0.67225
0.013013 0.67285
0.013514 0.67349
0.014014 0.6742
0.014515 0.67496
0.015015 0.67578
0.015516 0.67666
0.016016 0.6776
0.016517 0.67859
0.017017 0.67965
0.017518 0.68076
0.018018 0.68192
0.018519 0.68313
0.019019 0.68438
0.01952 0.68566
0.02002 0.68698
0.020521 0.68832
0.021021 0.68967
0.021522 0.69104
0.022022 0.6924
0.022523 0.69377
0.023023 0.69512
0.023524 0.69646
0.024024 0.69777
0.024525 0.69905
0.025025 0.7003
0.025526 0.70151
0.026026 0.70268
0.026527 0.70381
0.027027 0.70489
0.027528 0.70592
0.028028 0.7069
0.028529 0.70784
0.029029 0.70874
0.02953 0.7096
0.03003 0.71041
0.030531 0.7112
0.031031 0.71196
0.031532 0.7127
0.032032 0.71343
0.032533 0.71415
0.033033 0.71488
0.033534 0.71561
0.034034 0.71636
0.034535 0.71713
0.035035 0.71794
0.035536 0.71878
0.036036 0.71968
0.036537 0.72062
0.037037 0.72162
0.037538 0.72269
0.038038 0.72382
0.038539 0.72502
0.039039 0.72629
0.03954 0.72763
0.04004 0.72904
0.040541 0.73052
0.041041 0.73207
0.041542 0.73368
0.042042 0.73534
0.042543 0.73706
0.043043 0.73883
0.043544 0.74063
0.044044 0.74247
0.044545 0.74433
0.045045 0.74621
0.045546 0.74809
0.046046 0.74997
0.046547 0.75184
0.047047 0.7537
0.047548 0.75553
0.048048 0.75733
0.048549 0.75909
0.049049 0.76081
0.04955 0.76249
0.05005 0.76411
0.050551 0.76568
0.051051 0.7672
0.051552 0.76866
0.052052 0.77007
0.052553 0.77144
0.053053 0.77276
0.053554 0.77404
0.054054 0.77528
0.054555 0.7765
0.055055 0.77769
0.055556 0.77887
0.056056 0.78005
0.056557 0.78124
0.057057 0.78243
0.057558 0.78365
0.058058 0.7849
0.058559 0.78619
0.059059 0.78753
0.05956 0.78892
0.06006 0.79037
0.060561 0.7919
0.061061 0.79349
0.061562 0.79516
0.062062 0.79691
0.062563 0.79874
0.063063 0.80065
0.063564 0.80264
0.064064 0.8047
0.064565 0.80684
0.065065 0.80904
0.065566 0.8113
0.066066 0.81361
0.066567 0.81598
0.067067 0.81838
0.067568 0.82081
0.068068 0.82326
0.068569 0.82572
0.069069 0.82818
0.06957 0.83064
0.07007 0.83307
0.070571 0.83549
0.071071 0.83788
0.071572 0.84022
0.072072 0.84253
0.072573 0.84479
0.073073 0.847
0.073574 0.84915
0.074074 0.85126
0.074575 0.85331
0.075075 0.85532
0.075576 0.85728
0.076076 0.8592
0.076577 0.86109
0.077077 0.86295
0.077578 0.86479
0.078078 0.86662
0.078579 0.86844
0.079079 0.87027
0.07958 0.87212
0.08008 0.87399
0.080581 0.87589
0.081081 0.87783
0.081582 0.87983
0.082082 0.88188
0.082583 0.884
0.083083 0.88618
0.083584 0.88844
0.084084 0.89078
0.084585 0.89319
0.085085 0.89567
0.085586 0.89824
0.086086 0.90087
0.086587 0.90358
0.087087 0.90635
0.087588 0.90918
0.088088 0.91206
0.088589 0.91498
0.089089 0.91794
0.08959 0.92093
0.09009 0.92393
0.090591 0.92694
0.091091 0.92995
0.091592 0.93295
0.092092 0.93593
0.092593 0.93889
0.093093 0.94181
0.093594 0.9447
0.094094 0.94755
0.094595 0.95035
0.095095 0.95311
0.095596 0.95583
0.096096 0.9585
0.096597 0.96113
0.097097 0.96373
0.097598 0.9663
0.098098 0.96884
0.098599 0.97137
0.099099 0.9739
0.0996 0.97643
0.1001 0.97897
0.1006 0.98154
0.1011 0.98414
0.1016 0.98678
0.1021 0.98948
0.1026 0.99224
0.1031 0.99507
0.1036 0.99797
0.1041 1.001
0.1046 1.004
0.10511 1.0072
0.10561 1.0104
0.10611 1.0138
0.10661 1.0172
0.10711 1.0207
0.10761 1.0242
0.10811 1.0278
0.10861 1.0315
0.10911 1.0353
0.10961 1.039
0.11011 1.0428
0.11061 1.0466
0.11111 1.0504
0.11161 1.0542
0.11211 1.0579
0.11261 1.0616
0.11311 1.0653
0.11361 1.0689
0.11411 1.0725
0.11461 1.0759
0.11512 1.0793
0.11562 1.0827
0.11612 1.0859
0.11662 1.0891
0.11712 1.0922
0.11762 1.0952
0.11812 1.0982
0.11862 1.1011
0.11912 1.104
0.11962 1.1069
0.12012 1.1097
0.12062 1.1126
0.12112 1.1155
0.12162 1.1185
0.12212 1.1215
0.12262 1.1246
0.12312 1.1278
0.12362 1.1312
0.12412 1.1346
0.12462 1.1382
0.12513 1.1419
0.12563 1.1457
0.12613 1.1498
0.12663 1.1539
0.12713 1.1582
0.12763 1.1627
0.12813 1.1673
0.12863 1.172
0.12913 1.1768
0.12963 1.1817
0.13013 1.1867
0.13063 1.1917
0.13113 1.1968
0.13163 1.2019
0.13213 1.207
0.13263 1.212
0.13313 1.217
0.13363 1.2219
0.13413 1.2267
0.13463 1.2314
0.13514 1.236
0.13564 1.2404
0.13614 1.2447
0.13664 1.2488
0.13714 1.2527
0.13764 1.2565
0.13814 1.2602
0.13864 1.2637
0.13914 1.267
0.13964 1.2703
0.14014 1.2734
0.14064 1.2765
0.14114 1.2795
0.14164 1.2824
0.14214 1.2854
0.14264 1.2884
0.14314 1.2914
0.14364 1.2946
0.14414 1.2978
0.14464 1.3012
0.14515 1.3048
0.14565 1.3085
0.14615 1.3125
0.14665 1.3166
0.14715 1.321
0.14765 1.3257
0.14815 1.3306
0.14865 1.3357
0.14915 1.3411
0.14965 1.3466
0.15015 1.3524
0.15065 1.3584
0.15115 1.3645
0.15165 1.3707
0.15215 1.3771
0.15265 1.3834
0.15315 1.3899
0.15365 1.3963
0.15415 1.4026
0.15465 1.4089
0.15516 1.4151
0.15566 1.4211
0.15616 1.4269
0.15666 1.4325
0.15716 1.438
0.15766 1.4431
0.15816 1.4481
0.15866 1.4528
0.15916 1.4572
0.15966 1.4614
0.16016 1.4653
0.16066 1.469
0.16116 1.4725
0.16166 1.4759
0.16216 1.4791
0.16266 1.4821
0.16316 1.4851
0.16366 1.4881
0.16416 1.4911
0.16466 1.4941
0.16517 1.4972
0.16567 1.5004
0.16617 1.5038
0.16667 1.5074
0.16717 1.5112
0.16767 1.5153
0.16817 1.5197
0.16867 1.5243
0.16917 1.5293
0.16967 1.5346
0.17017 1.5402
0.17067 1.5461
0.17117 1.5523
0.17167 1.5588
0.17217 1.5655
0.17267 1.5724
0.17317 1.5794
0.17367 1.5866
0.17417 1.5939
0.17467 1.6011
0.17518 1.6084
0.17568 1.6156
0.17618 1.6227
0.17668 1.6296
0.17718 1.6364
0.17768 1.6429
0.17818 1.6491
0.17868 1.6551
0.17918 1.6607
0.17968 1.6661
0.18018 1.6711
0.18068 1.6757
0.18118 1.6801
0.18168 1.6841
0.18218 1.6879
0.18268 1.6914
0.18318 1.6946
0.18368 1.6977
0.18418 1.7007
0.18468 1.7035
0.18519 1.7064
0.18569 1.7092
0.18619 1.7121
0.18669 1.715
0.18719 1.7182
0.18769 1.7215
0.18819 1.7251
0.18869 1.7289
0.18919 1.7331
0.18969 1.7375
0.19019 1.7423
0.19069 1.7475
0.19119 1.753
0.19169 1.7588
0.19219 1.765
0.19269 1.7715
0.19319 1.7782
0.19369 1.7852
0.19419 1.7923
0.19469 1.7996
0.1952 1.807
0.1957 1.8144
0.1962 1.8218
0.1967 1.8291
0.1972 1.8363
0.1977 1.8433
0.1982 1.8501
0.1987 1.8566
0.1992 1.8628
0.1997 1.8687
0.2002 1.8742
0.2007 1.8794
0.2012 1.8841
0.2017 1.8886
0.2022 1.8926
0.2027 1.8963
0.2032 1.8997
0.2037 1.9028
0.2042 1.9057
0.2047 1.9083
0.20521 1.9109
0.20571 1.9133
0.20621 1.9156
0.20671 1.918
0.20721 1.9205
0.20771 1.923
0.20821 1.9258
0.20871 1.9287
0.20921 1.9319
0.20971 1.9354
0.21021 1.9393
0.21071 1.9434
0.21121 1.9479
0.21171 1.9528
0.21221 1.9579
0.21271 1.9635
0.21321 1.9693
0.21371 1.9754
0.21421 1.9817
0.21471 1.9882
0.21522 1.9948
0.21572 2.0015
0.21622 2.0083
0.21672 2.015
0.21722 2.0217
0.21772 2.0282
0.21822 2.0345
0.21872 2.0405
0.21922 2.0463
0.21972 2.0517
0.22022 2.0568
0.22072 2.0616
0.22122 2.0659
0.22172 2.0698
0.22222 2.0734
0.22272 2.0765
0.22322 2.0794
0.22372 2.0819
0.22422 2.0841
0.22472 2.086
0.22523 2.0878
0.22573 2.0894
0.22623 2.0909
0.22673 2.0924
0.22723 2.0939
0.22773 2.0954
0.22823 2.0971
0.22873 2.099
0.22923 2.101
0.22973 2.1034
0.23023 2.106
0.23073 2.1089
0.23123 2.1121
0.23173 2.1157
0.23223 2.1196
0.23273 2.1238
0.23323 2.1283
0.23373 2.133
0.23423 2.138
0.23473 2.1431
0.23524 2.1484
0.23574 2.1538
0.23624 2.1592
0.23674 2.1646
0.23724 2.1699
0.23774 2.175
0.23824 2.18
0.23874 2.1847
0.23924 2.1891
0.23974 2.1932
0.24024 2.1969
0.24074 2.2003
0.24124 2.2033
0.24174 2.2059
0.24224 2.2081
0.24274 2.2099
0.24324 2.2114
0.24374 2.2125
0.24424 2.2133
0.24474 2.214
0.24525 2.2144
0.24575 2.2146
0.24625 2.2148
0.24675 2.2149
0.24725 2.215
0.24775 2.2152
0.24825 2.2155
0.24875 2.216
0.24925 2.2166
0.24975 2.2175
0.25025 2.2187
0.25075 2.2201
0.25125 2.2218
0.25175 2.2238
0.25225 2.2261
0.25275 2.2287
0.25325 2.2315
0.25375 2.2345
0.25425 2.2377
0.25475 2.2411
0.25526 2.2445
0.25576 2.2479
0.25626 2.2513
0.25676 2.2546
0.25726 2.2578
0.25776 2.2608
0.25826 2.2636
0.25876 2.2661
0.25926 2.2682
0.25976 2.2701
0.26026 2.2715
0.26076 2.2726
0.26126 2.2733
0.26176 2.2735
0.26226 2.2734
0.26276 2.273
0.26326 2.2722
0.26376 2.2711
0.26426 2.2698
0.26476 2.2683
0.26527 2.2665
0.26577 2.2647
0.26627 2.2628
0.26677 2.261
0.26727 2.2591
0.26777 2.2574
0.26827 2.2558
0.26877 2.2543
0.26927 2.2531
0.26977 2.2521
0.27027 2.2513
0.27077 2.2508
0.27127 2.2505
0.27177 2.2505
0.27227 2.2507
0.27277 2.2511
0.27327 2.2516
0.27377 2.2523
0.27427 2.2531
0.27477 2.2539
0.27528 2.2547
0.27578 2.2554
0.27628 2.256
0.27678 2.2564
0.27728 2.2566
0.27778 2.2565
0.27828 2.2561
0.27878 2.2554
0.27928 2.2543
0.27978 2.2529
0.28028 2.251
0.28078 2.2487
0.28128 2.2461
0.28178 2.2431
0.28228 2.2397
0.28278 2.2361
0.28328 2.2321
0.28378 2.228
0.28428 2.2236
0.28478 2.2191
0.28529 2.2145
0.28579 2.2099
0.28629 2.2053
0.28679 2.2007
0.28729 2.1963
0.28779 2.192
0.28829 2.1878
0.28879 2.1839
0.28929 2.1802
0.28979 2.1766
0.29029 2.1733
0.29079 2.1703
0.29129 2.1674
0.29179 2.1647
0.29229 2.1621
0.29279 2.1596
0.29329 2.1572
0.29379 2.1548
0.29429 2.1524
0.29479 2.1498
0.2953 2.1472
0.2958 2.1443
0.2963 2.1412
0.2968 2.1379
0.2973 2.1342
0.2978 2.1302
0.2983 2.1259
0.2988 2.1211
0.2993 2.116
0.2998 2.1105
0.3003 2.1046
0.3008 2.0984
0.3013 2.0919
0.3018 2.0851
0.3023 2.078
0.3028 2.0707
0.3033 2.0633
0.3038 2.0557
0.3043 2.0481
0.3048 2.0405
0.30531 2.0329
0.30581 2.0255
0.30631 2.0181
0.30681 2.0109
0.30731 2.0039
0.30781 1.9972
0.30831 1.9906
0.30881 1.9843
0.30931 1.9783
0.30981 1.9724
0.31031 1.9668
0.31081 1.9613
0.31131 1.9561
0.31181 1.9509
0.31231 1.9458
0.31281 1.9407
0.31331 1.9356
0.31381 1.9304
0.31431 1.9252
0.31481 1.9197
0.31532 1.9141
0.31582 1.9082
0.31632 1.9021
0.31682 1.8957
0.31732 1.889
0.31782 1.882
0.31832 1.8746
0.31882 1.867
0.31932 1.8591
0.31982 1.851
0.32032 1.8426
0.32082 1.8341
0.32132 1.8254
0.32182 1.8166
0.32232 1.8078
0.32282 1.799
0.32332 1.7902
0.32382 1.7816
0.32432 1.7731
0.32482 1.7648
0.32533 1.7567
0.32583 1.7489
0.32633 1.7414
0.32683 1.7342
0.32733 1.7274
0.32783 1.7208
0.32833 1.7146
0.32883 1.7086
0.32933 1.7029
0.32983 1.6975
0.33033 1.6922
0.33083 1.6871
0.33133 1.6822
0.33183 1.6773
0.33233 1.6724
0.33283 1.6675
0.33333 1.6626
0.33383 1.6575
0.33433 1.6523
0.33483 1.6469
0.33534 1.6412
0.33584 1.6354
0.33634 1.6293
0.33684 1.623
0.33734 1.6165
0.33784 1.6098
0.33834 1.6028
0.33884 1.5957
0.33934 1.5885
0.33984 1.5811
0.34034 1.5738
0.34084 1.5664
0.34134 1.5591
0.34184 1.5519
0.34234 1.5448
0.34284 1.5379
0.34334 1.5313
0.34384 1.5249
0.34434 1.5188
0.34484 1.5131
0.34535 1.5076
0.34585 1.5026
0.34635 1.4978
0.34685 1.4935
0.34735 1.4894
0.34785 1.4856
0.34835 1.4821
0.34885 1.4788
0.34935 1.4757
0.34985 1.4727
0.35035 1.4698
0.35085 1.467
0.35135 1.4641
0.35185 1.4612
0.35235 1.4581
0.35285 1.4549
0.35335 1.4516
0.35385 1.448
0.35435 1.4441
0.35485 1.4401
0.35536 1.4357
0.35586 1.4312
0.35636 1.4264
0.35686 1.4214
0.35736 1.4162
0.35786 1.4109
0.35836 1.4054
0.35886 1.3999
0.35936 1.3944
0.35986 1.3889
0.36036 1.3835
0.36086 1.3783
0.36136 1.3732
0.36186 1.3684
0.36236 1.3638
0.36286 1.3595
0.36336 1.3555
0.36386 1.3518
0.36436 1.3485
0.36486 1.3455
0.36537 1.3429
0.36587 1.3406
0.36637 1.3385
0.36687 1.3367
0.36737 1.3351
0.36787 1.3337
0.36837 1.3324
0.36887 1.3311
0.36937 1.3299
0.36987 1.3286
0.37037 1.3272
0.37087 1.3256
0.37137 1.3239
0.37187 1.3219
0.37237 1.3197
0.37287 1.3173
0.37337 1.3145
0.37387 1.3114
0.37437 1.3081
0.37487 1.3045
0.37538 1.3007
0.37588 1.2967
0.37638 1.2925
0.37688 1.2881
0.37738 1.2837
0.37788 1.2793
0.37838 1.2749
0.37888 1.2705
0.37938 1.2664
0.37988 1.2623
0.38038 1.2586
0.38088 1.2551
0.38138 1.2519
0.38188 1.249
0.38238 1.2464
0.38288 1.2442
0.38338 1.2424
0.38388 1.2408
0.38438 1.2396
0.38488 1.2387
0.38539 1.238
0.38589 1.2375
0.38639 1.2371
0.38689 1.2368
0.38739 1.2366
0.38789 1.2363
0.38839 1.2359
0.38889 1.2354
0.38939 1.2347
0.38989 1.2338
0.39039 1.2326
0.39089 1.2311
0.39139 1.2293
0.39189 1.2272
0.39239 1.2248
0.39289 1.222
0.39339 1.219
0.39389 1.2157
0.39439 1.2121
0.39489 1.2084
0.3954 1.2046
0.3959 1.2007
0.3964 1.1968
0.3969 1.1929
0.3974 1.1891
0.3979 1.1855
0.3984 1.1821
0.3989 1.179
0.3994 1.1761
0.3999 1.1736
0.4004 1.1714
0.4009 1.1696
0.4014 1.1682
0.4019 1.1672
0.4024 1.1664
0.4029 1.166
0.4034 1.1659
0.4039 1.166
0.4044 1.1662
0.4049 1.1666
0.40541 1.167
0.40591 1.1674
0.40641 1.1677
0.40691 1.1679
0.40741 1.1679
0.40791 1.1677
0.40841 1.1672
0.40891 1.1663
0.40941 1.1651
0.40991 1.1636
0.41041 1.1617
0.41091 1.1594
0.41141 1.1568
0.41191 1.1539
0.41241 1.1507
0.41291 1.1473
0.41341 1.1437
0.41391 1.14
0.41441 1.1363
0.41491 1.1326
0.41542 1.129
0.41592 1.1255
0.41642 1.1223
0.41692 1.1193
0.41742 1.1166
0.41792 1.1143
0.41842 1.1123
0.41892 1.1108
0.41942 1.1096
0.41992 1.1089
0.42042 1.1085
0.42092 1.1085
0.42142 1.1088
0.42192 1.1093
0.42242 1.1101
0.42292 1.1109
0.42342 1.1119
0.42392 1.1128
0.42442 1.1137
0.42492 1.1144
0.42543 1.115
0.42593 1.1152
0.42643 1.1152
0.42693 1.1147
0.42743 1.1139
0.42793 1.1127
0.42843 1.1111
0.42893 1.1091
0.42943 1.1067
0.42993 1.104
0.43043 1.1009
0.43093 1.0976
0.43143 1.0941
0.43193 1.0905
0.43243 1.0867
0.43293 1.083
0.43343 1.0794
0.43393 1.076
0.43443 1.0727
0.43493 1.0698
0.43544 1.0672
0.43594 1.0649
0.43644 1.0631
0.43694 1.0618
0.43744 1.0608
0.43794 1.0604
0.43844 1.0603
0.43894 1.0607
0.43944 1.0613
0.43994 1.0623
0.44044 1.0635
0.44094 1.0649
0.44144 1.0663
0.44194 1.0677
0.44244 1.0691
0.44294 1.0703
0.44344 1.0712
0.44394 1.0719
0.44444 1.0721
0.44494 1.072
0.44545 1.0715
0.44595 1.0705
0.44645 1.069
0.44695 1.0671
0.44745 1.0647
0.44795 1.0619
0.44845 1.0588
0.44895 1.0555
0.44945 1.0518
0.44995 1.0481
0.45045 1.0442
0.45095 1.0404
0.45145 1.0367
0.45195 1.0331
0.45245 1.0298
0.45295 1.0269
0.45345 1.0243
0.45395 1.0221
0.45445 1.0204
0.45495 1.0193
0.45546 1.0186
0.45596 1.0184
0.45646 1.0187
0.45696 1.0195
0.45746 1.0206
0.45796 1.022
0.45846 1.0237
0.45896 1.0255
0.45946 1.0274
0.45996 1.0293
0.46046 1.0311
0.46096 1.0327
0.46146 1.034
0.46196 1.0349
0.46246 1.0354
0.46296 1.0355
0.46346 1.035
0.46396 1.0341
0.46446 1.0326
0.46496 1.0306
0.46547 1.0281
0.46597 1.0252
0.46647 1.0219
0.46697 1.0183
0.46747 1.0145
0.46797 1.0105
0.46847 1.0064
0.46897 1.0024
0.46947 0.99853
0.46997 0.99485
0.47047 0.99148
0.47097 0.98849
0.47147 0.98595
0.47197 0.98391
0.47247 0.98241
0.47297 0.98147
0.47347 0.98111
0.47397 0.9813
0.47447 0.98202
0.47497 0.98322
0.47548 0.98483
0.47598 0.98677
0.47648 0.98896
0.47698 0.9913
0.47748 0.99368
0.47798 0.996
0.47848 0.99815
0.47898 1
0.47948 1.0016
0.47998 1.0027
0.48048 1.0033
0.48098 1.0034
0.48148 1.0029
0.48198 1.0019
0.48248 1.0002
0.48298 0.99798
0.48348 0.99524
0.48398 0.99203
0.48448 0.98842
0.48498 0.98449
0.48549 0.98033
0.48599 0.97604
0.48649 0.97172
0.48699 0.96748
0.48749 0.96343
0.48799 0.95965
0.48849 0.95626
0.48899 0.95333
0.48949 0.95093
0.48999 0.94911
0.49049 0.94792
0.49099 0.94736
0.49149 0.94745
0.49199 0.94814
0.49249 0.9494
0.49299 0.95117
0.49349 0.95335
0.49399 0.95586
0.49449 0.95859
0.49499 0.96143
0.4955 0.96424
0.496 0.96693
0.4965 0.96937
0.497 0.97145
0.4975 0.9731
0.498 0.97422
0.4985 0.97476
0.499 0.97467
0.4995 0.97392
0.5 0.97253
0.5005 0.97049
0.501 0.96785
0.5015 0.96466
0.502 0.96099
0.5025 0.95693
0.503 0.95257
0.5035 0.94802
0.504 0.94339
0.5045 0.93881
0.50501 0.93438
0.50551 0.93023
0.50601 0.92647
0.50651 0.92318
0.50701 0.92047
0.50751 0.91839
0.50801 0.917
0.50851 0.91632
0.50901 0.91635
0.50951 0.91708
0.51001 0.91847
0.51051 0.92044
0.51101 0.92292
0.51151 0.92578
0.51201 0.92893
0.51251 0.93222
0.51301 0.93553
0.51351 0.93872
0.51401 0.94167
0.51451 0.94425
0.51502 0.94635
0.51552 0.94788
0.51602 0.94878
0.51652 0.94898
0.51702 0.94847
0.51752 0.94722
0.51802 0.94525
0.51852 0.94261
0.51902 0.93934
0.51952 0.93552
0.52002 0.93124
0.52052 0.92661
0.52102 0.92174
0.52152 0.91676
0.52202 0.91181
0.52252 0.907
0.52302 0.90248
0.52352 0.89836
0.52402 0.89477
0.52452 0.89179
0.52503 0.88951
0.52553 0.88799
0.52603 0.88727
0.52653 0.88735
0.52703 0.88821
0.52753 0.88981
0.52803 0.89207
0.52853 0.89491
0.52903 0.89819
0.52953 0.9018
0.53003 0.90558
0.53053 0.9094
0.53103 0.91308
0.53153 0.91651
0.53203 0.91952
0.53253 0.92202
0.53303 0.92389
0.53353 0.92505
0.53403 0.92544
0.53453 0.92504
0.53504 0.92383
0.53554 0.92183
0.53604 0.91907
0.53654 0.91563
0.53704 0.91157
0.53754 0.90701
0.53804 0.90205
0.53854 0.89683
0.53904 0.89148
0.53954 0.88615
0.54004 0.88098
0.54054 0.87612
0.54104 0.87171
0.54154 0.86787
0.54204 0.86471
0.54254 0.86233
0.54304 0.86079
0.54354 0.86012
0.54404 0.86034
0.54454 0.86142
0.54505 0.86332
0.54555 0.86594
0.54605 0.86918
0.54655 0.87292
0.54705 0.87698
0.54755 0.88123
0.54805 0.88549
0.54855 0.8896
0.54905 0.89339
0.54955 0.89673
0.55005 0.89948
0.55055 0.90153
0.55105 0.9028
0.55155 0.90324
0.55205 0.9028
0.55255 0.90149
0.55305 0.89933
0.55355 0.89636
0.55405 0.89266
0.55455 0.88831
0.55506 0.88344
0.55556 0.87816
0.55606 0.87262
0.55656 0.86697
0.55706 0.86137
0.55756 0.85597
0.55806 0.85093
0.55856 0.8464
0.55906 0.84252
0.55956 0.83939
0.56006 0.83712
0.56056 0.83577
0.56106 0.83536
0.56156 0.83591
0.56206 0.83737
0.56256 0.83969
0.56306 0.84275
0.56356 0.84644
0.56406 0.8506
0.56456 0.85507
0.56507 0.85967
0.56557 0.86422
0.56607 0.86854
0.56657 0.87247
0.56707 0.87586
0.56757 0.87857
0.56807 0.88051
0.56857 0.88159
0.56907 0.88176
0.56957 0.88101
0.57007 0.87935
0.57057 0.8768
0.57107 0.87344
0.57157 0.86934
0.57207 0.86461
0.57257 0.85939
0.57307 0.85381
0.57357 0.84803
0.57407 0.84221
0.57457 0.83652
0.57508 0.83113
0.57558 0.8262
0.57608 0.82189
0.57658 0.81832
0.57708 0.81561
0.57758 0.81385
0.57808 0.81307
0.57858 0.8133
0.57908 0.81452
0.57958 0.81666
0.58008 0.81964
0.58058 0.82332
0.58108 0.82756
0.58158 0.83218
0.58208 0.83699
0.58258 0.84181
0.58308 0.84644
0.58358 0.8507
0.58408 0.85444
0.58458 0.8575
0.58509 0.85977
0.58559 0.86116
0.58609 0.86162
0.58659 0.86111
0.58709 0.85963
0.58759 0.85722
0.58809 0.85394
0.58859 0.84987
0.58909 0.84513
0.58959 0.83984
0.59009 0.83414
0.59059 0.82821
0.59109 0.82221
0.59159 0.81633
0.59209 0.81073
0.59259 0.80561
0.59309 0.80111
0.59359 0.79739
0.59409 0.79457
0.59459 0.79275
0.5951 0.79197
0.5956 0.79225
0.5961 0.79359
0.5966 0.7959
0.5971 0.79911
0.5976 0.80306
0.5981 0.8076
0.5986 0.81254
0.5991 0.81768
0.5996 0.82281
0.6001 0.82773
0.6006 0.83226
0.6011 0.83621
0.6016 0.83943
0.6021 0.84181
0.6026 0.84324
0.6031 0.84367
0.6036 0.84307
0.6041 0.84145
0.6046 0.83884
0.60511 0.83531
0.60561 0.83095
0.60611 0.82588
0.60661 0.82023
0.60711 0.81417
0.60761 0.80788
0.60811 0.80153
0.60861 0.79533
0.60911 0.78946
0.60961 0.78413
0.61011 0.77949
0.61061 0.77572
0.61111 0.77293
0.61161 0.77124
0.61211 0.77068
0.61261 0.77129
0.61311 0.77303
0.61361 0.77582
0.61411 0.77955
0.61461 0.78407
0.61512 0.78918
0.61562 0.79468
0.61612 0.80036
0.61662 0.80597
0.61712 0.81132
0.61762 0.81619
0.61812 0.82039
0.61862 0.82377
0.61912 0.8262
0.61962 0.8276
0.62012 0.8279
0.62062 0.82709
0.62112 0.82517
0.62162 0.82219
0.62212 0.81823
0.62262 0.81339
0.62312 0.8078
0.62362 0.80162
0.62412 0.79503
0.62462 0.78821
0.62513 0.78137
0.62563 0.77472
0.62613 0.76848
0.62663 0.76285
0.62713 0.75802
0.62763 0.75417
0.62813 0.75142
0.62863 0.74988
0.62913 0.7496
0.62963 0.75059
0.63013 0.75281
0.63063 0.75615
0.63113 0.76049
0.63163 0.76563
0.63213 0.77139
0.63263 0.77751
0.63313 0.78376
0.63363 0.7899
0.63413 0.79568
0.63463 0.8009
0.63514 0.80535
0.63564 0.80888
0.63614 0.81137
0.63664 0.81272
0.63714 0.81289
0.63764 0.81186
0.63814 0.80966
0.63864 0.80633
0.63914 0.80198
0.63964 0.79671
0.64014 0.79067
0.64064 0.78403
0.64114 0.77698
0.64164 0.76973
0.64214 0.7625
0.64264 0.75552
0.64314 0.74902
0.64364 0.74321
0.64414 0.7383
0.64464 0.73446
0.64515 0.73183
0.64565 0.7305
0.64615 0.73051
0.64665 0.73187
0.64715 0.73451
0.64765 0.73832
0.64815 0.74313
0.64865 0.74875
0.64915 0.75495
0.64965 0.76147
0.65015 0.76805
0.65065 0.77445
0.65115 0.78042
0.65165 0.78573
0.65215 0.79021
0.65265 0.7937
0.65315 0.79607
0.65365 0.79725
0.65415 0.7972
0.65465 0.79591
0.65516 0.79343
0.65566 0.78982
0.65616 0.78519
0.65666 0.77965
0.65716 0.77337
0.65766 0.76653
0.65816 0.75933
0.65866 0.75199
0.65916 0.74474
0.65966 0.73782
0.66016 0.73145
0.66066 0.72586
0.66116 0.72124
0.66166 0.71775
0.66216 0.71552
0.66266 0.71463
0.66316 0.7151
0.66366 0.7169
0.66416 0.71995
0.66466 0.72411
0.66517 0.72921
0.66567 0.73502
0.66617 0.74131
0.66667 0.74782
0.66717 0.75429
0.66767 0.76048
0.66817 0.76615
0.66867 0.77109
0.66917 0.77514
0.66967 0.77816
0.67017 0.78005
0.67067 0.78075
0.67117 0.78024
0.67167 0.77853
0.67217 0.77569
0.67267 0.77179
0.67317 0.76694
0.67367 0.76129
0.67417 0.75501
0.67467 0.74828
0.67518 0.74132
0.67568 0.73434
0.67618 0.72757
0.67668 0.72124
0.67718 0.71557
0.67768 0.71075
0.67818 0.70695
0.67868 0.7043
0.67918 0.70291
0.67968 0.7028
0.68018 0.70397
0.68068 0.70636
0.68118 0.70985
0.68168 0.71428
0.68218 0.71946
0.68268 0.72516
0.68318 0.73116
0.68368 0.7372
0.68418 0.74305
0.68468 0.74848
0.68519 0.75329
0.68569 0.75732
0.68619 0.76042
0.68669 0.76249
0.68719 0.76346
0.68769 0.76332
0.68819 0.76206
0.68869 0.75972
0.68919 0.75639
0.68969 0.75216
0.69019 0.74717
0.69069 0.74156
0.69119 0.73551
0.69169 0.72922
0.69219 0.7229
0.69269 0.71674
0.69319 0.71096
0.69369 0.70577
0.69419 0.70133
0.69469 0.69781
0.6952 0.69534
0.6957 0.69398
0.6962 0.69378
0.6967 0.69473
0.6972 0.69677
0.6977 0.6998
0.6982 0.70367
0.6987 0.70821
0.6992 0.71323
0.6997 0.71849
0.7002 0.72379
0.7007 0.72892
0.7012 0.73366
0.7017 0.73785
0.7022 0.74133
0.7027 0.74398
0.7032 0.74571
0.7037 0.74646
0.7042 0.74621
0.7047 0.74498
0.70521 0.74279
0.70571 0.73974
0.70621 0.7359
0.70671 0.73142
0.70721 0.72643
0.70771 0.7211
0.70821 0.71559
0.70871 0.71011
0.70921 0.70483
0.70971 0.69994
0.71021 0.69561
0.71071 0.69199
0.71121 0.6892
0.71171 0.68735
0.71221 0.68648
0.71271 0.68662
0.71321 0.68773
0.71371 0.68976
0.71421 0.69258
0.71471 0.69608
0.71522 0.70009
0.71572 0.70443
0.71622 0.70891
0.71672 0.71334
0.71722 0.71754
0.71772 0.72134
0.71822 0.72461
0.71872 0.72721
0.71922 0.72905
0.71972 0.73007
0.72022 0.73023
0.72072 0.72953
0.72122 0.72799
0.72172 0.72568
0.72222 0.72266
0.72272 0.71903
0.72322 0.71492
0.72372 0.71047
0.72422 0.70582
0.72472 0.70114
0.72523 0.69659
0.72573 0.69233
0.72623 0.68851
0.72673 0.68525
0.72723 0.68269
0.72773 0.68089
0.72823 0.67992
0.72873 0.67979
0.72923 0.6805
0.72973 0.68199
0.73023 0.68418
0.73073 0.68695
0.73123 0.69019
0.73173 0.69372
0.73223 0.69741
0.73273 0.70108
0.73323 0.70459
0.73373 0.70778
0.73423 0.71052
0.73473 0.71272
0.73524 0.71428
0.73574 0.71514
0.73624 0.71529
0.73674 0.7147
0.73724 0.7134
0.73774 0.71143
0.73824 0.70887
0.73874 0.7058
0.73924 0.70232
0.73974 0.69856
0.74024 0.69465
0.74074 0.69072
0.74124 0.68692
0.74174 0.68337
0.74224 0.6802
0.74274 0.67752
0.74324 0.67543
0.74374 0.674
0.74424 0.67326
0.74474 0.67322
0.74525 0.67388
0.74575 0.67518
0.74625 0.67705
0.74675 0.6794
0.74725 0.68211
0.74775 0.68504
0.74825 0.68808
0.74875 0.69107
0.74925 0.6939
0.74975 0.69644
0.75025 0.69858
0.75075 0.70023
0.75125 0.70134
0.75175 0.70185
0.75225 0.70174
0.75275 0.70103
0.75325 0.69972
0.75375 0.69786
0.75425 0.69553
0.75475 0.6928
0.75526 0.68977
0.75576 0.68654
0.75626 0.68323
0.75676 0.67995
0.75726 0.67683
0.75776 0.67396
0.75826 0.67146
0.75876 0.66941
0.75926 0.66788
0.75976 0.66692
0.76026 0.66654
0.76076 0.66675
0.76126 0.66752
0.76176 0.66881
0.76226 0.67054
0.76276 0.67262
0.76326 0.67496
0.76376 0.67743
0.76426 0.67993
0.76476 0.68234
0.76527 0.68456
0.76577 0.68649
0.76627 0.68804
0.76677 0.68916
0.76727 0.68979
0.76777 0.6899
0.76827 0.68949
0.76877 0.68858
0.76927 0.68719
0.76977 0.68537
0.77027 0.68319
0.77077 0.68072
0.77127 0.67805
0.77177 0.67528
0.77227 0.6725
0.77277 0.6698
0.77327 0.6673
0.77377 0.66506
0.77427 0.66317
0.77477 0.6617
0.77528 0.66067
0.77578 0.66013
0.77628 0.66008
0.77678 0.66051
0.77728 0.66137
0.77778 0.66263
0.77828 0.66421
0.77878 0.66603
0.77928 0.668
0.77978 0.67002
0.78028 0.67202
0.78078 0.67388
0.78128 0.67554
0.78178 0.67691
0.78228 0.67794
0.78278 0.67859
0.78328 0.67883
0.78378 0.67864
0.78428 0.67804
0.78478 0.67705
0.78529 0.67571
0.78579 0.67406
0.78629 0.67216
0.78679 0.6701
0.78729 0.66792
0.78779 0.66573
0.78829 0.66358
0.78879 0.66155
0.78929 0.65971
0.78979 0.65811
0.79029 0.6568
0.79079 0.65582
0.79129 0.65517
0.79179 0.65487
0.79229 0.65489
0.79279 0.65522
0.79329 0.65582
0.79379 0.65663
0.79429 0.65761
0.79479 0.65869
0.7953 0.65982
0.7958 0.66093
0.7963 0.66198
0.7968 0.66292
0.7973 0.66373
0.7978 0.66437
0.7983 0.66483
0.7988 0.6651
0.7993 0.66519
0.7998 0.66511
0.8003 0.66487
0.8008 0.66448
0.8013 0.66396
0.8018 0.66333
0.8023 0.66261
0.8028 0.66181
0.8033 0.66095
0.8038 0.66005
0.8043 0.65912
0.8048 0.65817
0.80531 0.65722
0.80581 0.65627
0.80631 0.65533
0.80681 0.65442
0.80731 0.65353
0.80781 0.65269
0.80831 0.65188
0.80881 0.65112
0.80931 0.65042
0.80981 0.64977
0.81031 0.64917
0.81081 0.64864
0.81131 0.64817
0.81181 0.64777
0.81231 0.64742
0.81281 0.64715
0.81331 0.64693
0.81381 0.64678
0.81431 0.64669
0.81481 0.64667
0.81532 0.6467
0.81582 0.64678
0.81632 0.64692
0.81682 0.64711
0.81732 0.64734
0.81782 0.64761
0.81832 0.64791
0.81882 0.64825
0.81932 0.64862
0.81982 0.649
0.82032 0.6494
0.82082 0.64981
0.82132 0.65022
0.82182 0.65064
0.82232 0.65104
0.82282 0.65143
0.82332 0.65181
0.82382 0.65216
0.82432 0.65248
0.82482 0.65278
0.82533 0.65303
0.82583 0.65324
0.82633 0.65341
0.82683 0.65353
0.82733 0.65359
0.82783 0.65361
0.82833 0.65356
0.82883 0.65346
0.82933 0.6533
0.82983 0.65308
0.83033 0.6528
0.83083 0.65247
0.83133 0.65207
0.83183 0.65162
0.83233 0.65111
0.83283 0.65055
0.83333 0.64995
0.83383 0.64929
0.83433 0.6486
0.83483 0.64786
0.83534 0.64709
0.83584 0.6463
0.83634 0.64548
0.83684 0.64463
0.83734 0.64378
0.83784 0.64292
0.83834 0.64205
0.83884 0.64119
0.83934 0.64033
0.83984 0.63949
0.84034 0.63866
0.84084 0.63786
0.84134 0.63708
0.84184 0.63634
0.84234 0.63564
0.84284 0.63497
0.84334 0.63435
0.84384 0.63378
0.84434 0.63326
0.84484 0.63279
0.84535 0.63238
0.84585 0.63202
0.84635 0.63172
0.84685 0.63147
0.84735 0.63128
0.84785 0.63115
0.84835 0.63107
0.84885 0.63105
0.84935 0.63107
0.84985 0.63115
0.85035 0.63127
0.85085 0.63143
0.85135 0.63163
0.85185 0.63187
0.85235 0.63213
0.85285 0.63242
0.85335 0.63273
0.85385 0.63306
0.85435 0.63339
0.85485 0.63373
0.85536 0.63407
0.85586 0.63441
0.85636 0.63473
0.85686 0.63504
0.85736 0.63533
0.85786 0.6356
0.85836 0.63584
0.85886 0.63604
0.85936 0.63621
0.85986 0.63634
0.86036 0.63642
0.86086 0.63647
0.86136 0.63646
0.86186 0.63641
0.86236 0.63631
0.86286 0.63616
0.86336 0.63597
0.86386 0.63572
0.86436 0.63543
0.86486 0.63509
0.86537 0.63471
0.86587 0.63429
0.86637 0.63383
0.86687 0.63333
0.86737 0.63281
0.86787 0.63225
0.86837 0.63168
0.86887 0.63108
0.86937 0.63047
0.86987 0.62985
0.87037 0.62923
0.87087 0.6286
0.87137 0.62798
0.87187 0.62737
0.87237 0.62678
0.87287 0.6262
0.87337 0.62565
0.87387 0.62512
0.87437 0.62462
0.87487 0.62416
0.87538 0.62374
0.87588 0.62335
0.87638 0.62301
0.87688 0.62271
0.87738 0.62246
0.87788 0.62225
0.87838 0.62209
0.87888 0.62197
0.87938 0.6219
0.87988 0.62188
0.88038 0.6219
0.88088 0.62196
0.88138 0.62206
0.88188 0.6222
0.88238 0.62236
0.88288 0.62256
0.88338 0.62279
0.88388 0.62303
0.88438 0.62329
0.88488 0.62357
0.88539 0.62385
0.88589 0.62414
0.88639 0.62443
0.88689 0.62471
0.88739 0.62498
0.88789 0.62523
0.88839 0.62547
0.88889 0.62568
0.88939 0.62587
0.88989 0.62603
0.89039 0.62615
0.89089 0.62624
0.89139 0.62628
0.89189 0.62629
0.89239 0.62626
0.89289 0.62618
0.89339 0.62606
0.89389 0.6259
0.89439 0.62569
0.89489 0.62544
0.8954 0.62516
0.8959 0.62483
0.8964 0.62447
0.8969 0.62407
0.8974 0.62365
0.8979 0.62319
0.8984 0.62272
0.8989 0.62222
0.8994 0.62171
0.8999 0.6212
0.9004 0.62067
0.9009 0.62015
0.9014 0.61963
0.9019 0.61912
0.9024 0.61862
0.9029 0.61814
0.9034 0.61768
0.9039 0.61725
0.9044 0.61685
0.9049 0.61648
0.90541 0.61615
0.90591 0.61586
0.90641 0.61561
0.90691 0.6154
0.90741 0.61524
0.90791 0.61512
0.90841 0.61505
0.90891 0.61503
0.90941 0.61506
0.90991 0.61512
0.91041 0.61523
0.91091 0.61539
0.91141 0.61558
0.91191 0.6158
0.91241 0.61606
0.91291 0.61635
0.91341 0.61666
0.91391 0.61699
0.91441 0.61734
0.91491 0.6177
0.91542 0.61806
0.91592 0.61843
0.91642 0.61879
0.91692 0.61915
0.91742 0.6195
0.91792 0.61982
0.91842 0.62013
0.91892 0.62041
0.91942 0.62067
0.91992 0.62089
0.92042 0.62107
0.92092 0.62122
0.92142 0.62133
0.92192 0.6214
0.92242 0.62143
0.92292 0.62141
0.92342 0.62135
0.92392 0.62125
0.92442 0.62111
0.92492 0.62093
0.92543 0.62071
0.92593 0.62045
0.92643 0.62017
0.92693 0.61985
0.92743 0.61951
0.92793 0.61915
0.92843 0.61877
0.92893 0.61838
0.92943 0.61799
0.92993 0.61759
0.93043 0.6172
0.93093 0.61681
0.93143 0.61643
0.93193 0.61608
0.93243 0.61574
0.93293 0.61543
0.93343 0.61515
0.93393 0.61491
0.93443 0.6147
0.93493 0.61453
0.93544 0.61441
0.93594 0.61433
0.93644 0.6143
0.93694 0.61431
0.93744 0.61437
0.93794 0.61448
0.93844 0.61464
0.93894 0.61484
0.93944 0.61509
0.93994 0.61537
0.94044 0.6157
0.94094 0.61606
0.94144 0.61645
0.94194 0.61688
0.94244 0.61732
0.94294 0.61779
0.94344 0.61826
0.94394 0.61875
0.94444 0.61925
0.94494 0.61974
0.94545 0.62022
0.94595 0.6207
0.94645 0.62116
0.94695 0.6216
0.94745 0.62202
0.94795 0.62241
0.94845 0.62277
0.94895 0.62309
0.94945 0.62338
0.94995 0.62363
0.95045 0.62384
0.95095 0.62401
0.95145 0.62414
0.95195 0.62423
0.95245 0.62427
0.95295 0.62428
0.95345 0.62425
0.95395 0.62419
0.95445 0.62409
0.95495 0.62397
0.95546 0.62382
0.95596 0.62366
0.95646 0.62348
0.95696 0.62329
0.95746 0.62309
0.95796 0.62289
0.95846 0.6227
0.95896 0.62252
0.95946 0.62235
0.95996 0.62221
0.96046 0.62209
0.96096 0.622
0.96146 0.62195
0.96196 0.62193
0.96246 0.62195
0.96296 0.62202
0.96346 0.62213
0.96396 0.6223
0.96446 0.62251
0.96496 0.62277
0.96547 0.62308
0.96597 0.62344
0.96647 0.62385
0.96697 0.6243
0.96747 0.6248
0.96797 0.62533
0.96847 0.6259
0.96897 0.62651
0.96947 0.62714
0.96997 0.6278
0.97047 0.62848
0.97097 0.62917
0.97147 0.62986
0.97197 0.63056
0.97247 0.63126
0.97297 0.63195
0.97347 0.63262
0.97397 0.63328
0.97447 0.63391
0.97497 0.63452
0.97548 0.6351
0.97598 0.63564
0.97648 0.63615
0.97698 0.63661
0.97748 0.63704
0.97798 0.63742
0.97848 0.63777
0.97898 0.63807
0.97948 0.63833
0.97998 0.63856
0.98048 0.63875
0.98098 0.6389
0.98148 0.63903
0.98198 0.63913
0.98248 0.63921
0.98298 0.63928
0.98348 0.63934
0.98398 0.63939
0.98448 0.63944
0.98498 0.6395
0.98549 0.63958
0.98599 0.63967
0.98649 0.63978
0.98699 0.63993
0.98749 0.64011
0.98799 0.64032
0.98849 0.64058
0.98899 0.64089
0.98949 0.64124
0.98999 0.64165
0.99049 0.64211
0.99099 0.64262
0.99149 0.64318
0.99199 0.6438
0.99249 0.64447
0.99299 0.64519
0.99349 0.64596
0.99399 0.64677
0.99449 0.64762
0.99499 0.6485
0.9955 0.64942
0.996 0.65036
0.9965 0.65132
0.997 0.65229
0.9975 0.65327
0.998 0.65425
0.9985 0.65523
0.999 0.6562
0.9995 0.65715
1 0.65808
