time energy 
0 0.65566
0.0005005 0.6563
0.001001 0.65694
0.0015015 0.65758
0.002002 0.65824
0.0025025 0.6589
0.003003 0.65957
0.0035035 0.66024
0.004004 0.66092
0.0045045 0.66161
0.005005 0.66231
0.0055055 0.66302
0.006006 0.66373
0.0065065 0.66445
0.007007 0.66518
0.0075075 0.66591
0.008008 0.66666
0.0085085 0.66741
0.009009 0.66817
0.0095095 0.66893
0.01001 0.66971
0.010511 0.67049
0.011011 0.67128
0.011512 0.67208
0.012012 0.67288
0.012513 0.67369
0.013013 0.67451
0.013514 0.67534
0.014014 0.67618
0.014515 0.67702
0.015015 0.67787
0.015516 0.67872
0.016016 0.67959
0.016517 0.68046
0.017017 0.68134
0.017518 0.68223
0.018018 0.68312
0.018519 0.68402
0.019019 0.68493
0.01952 0.68585
0.02002 0.68677
0.020521 0.68771
0.021021 0.68865
0.021522 0.6896
0.022022 0.69055
0.022523 0.69152
0.023023 0.69249
0.023524 0.69347
0.024024 0.69446
0.024525 0.69546
0.025025 0.69647
0.025526 0.69749
0.026026 0.69851
0.026527 0.69955
0.027027 0.70059
0.027528 0.70164
0.028028 0.70271
0.028529 0.70378
0.029029 0.70486
0.02953 0.70595
0.03003 0.70705
0.030531 0.70817
0.031031 0.70929
0.031532 0.71042
0.032032 0.71156
0.032533 0.71271
0.033033 0.71387
0.033534 0.71504
0.034034 0.71622
0.034535 0.71742
0.035035 0.71862
0.035536 0.71983
0.036036 0.72105
0.036537 0.72228
0.037037 0.72352
0.037538 0.72477
0.038038 0.72603
0.038539 0.7273
0.039039 0.72858
0.03954 0.72987
0.04004 0.73117
0.040541 0.73247
0.041041 0.73379
0.041542 0.73512
0.042042 0.73646
0.042543 0.7378
0.043043 0.73916
0.043544 0.74053
0.044044 0.74191
0.044545 0.74329
0.045045 0.74469
0.045546 0.7461
0.046046 0.74752
0.046547 0.74895
0.047047 0.75039
0.047548 0.75184
0.048048 0.7533
0.048549 0.75477
0.049049 0.75626
0.04955 0.75775
0.05005 0.75926
0.050551 0.76078
0.051051 0.76231
0.051552 0.76385
0.052052 0.76541
0.052553 0.76698
0.053053 0.76856
0.053554 0.77015
0.054054 0.77175
0.054555 0.77337
0.055055 0.775
0.055556 0.77664
0.056056 0.77829
0.056557 0.77996
0.057057 0.78164
0.057558 0.78333
0.058058 0.78503
0.058559 0.78675
0.059059 0.78848
0.05956 0.79022
0.06006 0.79198
0.060561 0.79374
0.061061 0.79552
0.061562 0.79731
0.062062 0.79911
0.062563 0.80093
0.063063 0.80275
0.063564 0.80459
0.064064 0.80644
0.064565 0.80831
0.065065 0.81018
0.065566 0.81207
0.066066 0.81397
0.066567 0.81589
0.067067 0.81781
0.067568 0.81975
0.068068 0.8217
0.068569 0.82366
0.069069 0.82564
0.06957 0.82763
0.07007 0.82963
0.070571 0.83165
0.071071 0.83368
0.071572 0.83573
0.072072 0.83778
0.072573 0.83986
0.073073 0.84194
0.073574 0.84404
0.074074 0.84616
0.074575 0.84829
0.075075 0.85043
0.075576 0.85259
0.076076 0.85477
0.076577 0.85696
0.077077 0.85916
0.077578 0.86138
0.078078 0.86362
0.078579 0.86587
0.079079 0.86813
0.07958 0.87041
0.08008 0.87271
0.080581 0.87502
0.081081 0.87735
0.081582 0.87969
0.082082 0.88204
0.082583 0.88441
0.083083 0.8868
0.083584 0.8892
0.084084 0.89161
0.084585 0.89404
0.085085 0.89648
0.085586 0.89894
0.086086 0.90142
0.086587 0.9039
0.087087 0.90641
0.087588 0.90892
0.088088 0.91145
0.088589 0.914
0.089089 0.91656
0.08959 0.91914
0.09009 0.92173
0.090591 0.92434
0.091091 0.92696
0.091592 0.9296
0.092092 0.93225
0.092593 0.93492
0.093093 0.9376
0.093594 0.9403
0.094094 0.94302
0.094595 0.94575
0.095095 0.9485
0.095596 0.95127
0.096096 0.95405
0.096597 0.95685
0.097097 0.95967
0.097598 0.96251
0.098098 0.96536
0.098599 0.96823
0.099099 0.97112
0.0996 0.97402
0.1001 0.97694
0.1006 0.97988
0.1011 0.98284
0.1016 0.98581
0.1021 0.9888
0.1026 0.99181
0.1031 0.99483
0.1036 0.99787
0.1041 1.0009
0.1046 1.004
0.10511 1.0071
0.10561 1.0102
0.10611 1.0133
0.10661 1.0165
0.10711 1.0196
0.10761 1.0228
0.10811 1.026
0.10861 1.0292
0.10911 1.0324
0.10961 1.0357
0.11011 1.0389
0.11061 1.0422
0.11111 1.0455
0.11161 1.0488
0.11211 1.0521
0.11261 1.0555
0.11311 1.0588
0.11361 1.0622
0.11411 1.0656
0.11461 1.069
0.11512 1.0724
0.11562 1.0759
0.11612 1.0793
0.11662 1.0828
0.11712 1.0863
0.11762 1.0898
0.11812 1.0933
0.11862 1.0969
0.11912 1.1005
0.11962 1.1041
0.12012 1.1077
0.12062 1.1113
0.12112 1.1149
0.12162 1.1186
0.12212 1.1223
0.12262 1.126
0.12312 1.1297
0.12362 1.1334
0.12412 1.1372
0.12462 1.1409
0.12513 1.1447
0.12563 1.1485
0.12613 1.1524
0.12663 1.1562
0.12713 1.16
0.12763 1.1639
0.12813 1.1678
0.12863 1.1717
0.12913 1.1756
0.12963 1.1796
0.13013 1.1835
0.13063 1.1875
0.13113 1.1915
0.13163 1.1955
0.13213 1.1995
0.13263 1.2035
0.13313 1.2076
0.13363 1.2117
0.13413 1.2158
0.13463 1.2199
0.13514 1.224
0.13564 1.2281
0.13614 1.2323
0.13664 1.2364
0.13714 1.2406
0.13764 1.2448
0.13814 1.249
0.13864 1.2533
0.13914 1.2575
0.13964 1.2618
0.14014 1.2661
0.14064 1.2704
0.14114 1.2747
0.14164 1.279
0.14214 1.2834
0.14264 1.2877
0.14314 1.2921
0.14364 1.2965
0.14414 1.301
0.14464 1.3054
0.14515 1.3098
0.14565 1.3143
0.14615 1.3188
0.14665 1.3233
0.14715 1.3278
0.14765 1.3323
0.14815 1.3369
0.14865 1.3414
0.14915 1.346
0.14965 1.3506
0.15015 1.3552
0.15065 1.3598
0.15115 1.3644
0.15165 1.369
0.15215 1.3737
0.15265 1.3783
0.15315 1.383
0.15365 1.3877
0.15415 1.3924
0.15465 1.3971
0.15516 1.4018
0.15566 1.4066
0.15616 1.4113
0.15666 1.4161
0.15716 1.4208
0.15766 1.4256
0.15816 1.4304
0.15866 1.4352
0.15916 1.44
0.15966 1.4449
0.16016 1.4497
0.16066 1.4546
0.16116 1.4594
0.16166 1.4643
0.16216 1.4692
0.16266 1.4741
0.16316 1.479
0.16366 1.484
0.16416 1.4889
0.16466 1.4938
0.16517 1.4988
0.16567 1.5038
0.16617 1.5087
0.16667 1.5137
0.16717 1.5187
0.16767 1.5237
0.16817 1.5287
0.16867 1.5337
0.16917 1.5388
0.16967 1.5438
0.17017 1.5488
0.17067 1.5539
0.17117 1.5589
0.17167 1.564
0.17217 1.5691
0.17267 1.5741
0.17317 1.5792
0.17367 1.5843
0.17417 1.5893
0.17467 1.5944
0.17518 1.5995
0.17568 1.6046
0.17618 1.6097
0.17668 1.6148
0.17718 1.6199
0.17768 1.625
0.17818 1.6301
0.17868 1.6352
0.17918 1.6403
0.17968 1.6455
0.18018 1.6506
0.18068 1.6557
0.18118 1.6608
0.18168 1.666
0.18218 1.6711
0.18268 1.6762
0.18318 1.6814
0.18368 1.6865
0.18418 1.6916
0.18468 1.6968
0.18519 1.7019
0.18569 1.7071
0.18619 1.7122
0.18669 1.7174
0.18719 1.7225
0.18769 1.7276
0.18819 1.7328
0.18869 1.7379
0.18919 1.743
0.18969 1.7481
0.19019 1.7533
0.19069 1.7584
0.19119 1.7635
0.19169 1.7686
0.19219 1.7737
0.19269 1.7788
0.19319 1.7839
0.19369 1.7889
0.19419 1.794
0.19469 1.7991
0.1952 1.8041
0.1957 1.8091
0.1962 1.8142
0.1967 1.8192
0.1972 1.8242
0.1977 1.8292
0.1982 1.8342
0.1987 1.8392
0.1992 1.8442
0.1997 1.8492
0.2002 1.8542
0.2007 1.8591
0.2012 1.8641
0.2017 1.869
0.2022 1.8739
0.2027 1.8789
0.2032 1.8838
0.2037 1.8887
0.2042 1.8936
0.2047 1.8984
0.20521 1.9033
0.20571 1.9081
0.20621 1.913
0.20671 1.9178
0.20721 1.9226
0.20771 1.9274
0.20821 1.9322
0.20871 1.9369
0.20921 1.9417
0.20971 1.9464
0.21021 1.9511
0.21071 1.9558
0.21121 1.9605
0.21171 1.9651
0.21221 1.9697
0.21271 1.9743
0.21321 1.9789
0.21371 1.9835
0.21421 1.988
0.21471 1.9926
0.21522 1.9971
0.21572 2.0016
0.21622 2.006
0.21672 2.0105
0.21722 2.0149
0.21772 2.0193
0.21822 2.0236
0.21872 2.028
0.21922 2.0323
0.21972 2.0366
0.22022 2.0409
0.22072 2.0452
0.22122 2.0494
0.22172 2.0537
0.22222 2.0578
0.22272 2.062
0.22322 2.0662
0.22372 2.0703
0.22422 2.0744
0.22472 2.0785
0.22523 2.0825
0.22573 2.0865
0.22623 2.0905
0.22673 2.0945
0.22723 2.0984
0.22773 2.1023
0.22823 2.1062
0.22873 2.11
0.22923 2.1138
0.22973 2.1176
0.23023 2.1214
0.23073 2.1251
0.23123 2.1287
0.23173 2.1324
0.23223 2.136
0.23273 2.1396
0.23323 2.1431
0.23373 2.1466
0.23423 2.1501
0.23473 2.1536
0.23524 2.157
0.23574 2.1603
0.23624 2.1637
0.23674 2.167
0.23724 2.1703
0.23774 2.1735
0.23824 2.1767
0.23874 2.1798
0.23924 2.183
0.23974 2.186
0.24024 2.1891
0.24074 2.1921
0.24124 2.1951
0.24174 2.198
0.24224 2.2009
0.24274 2.2038
0.24324 2.2066
0.24374 2.2094
0.24424 2.2121
0.24474 2.2148
0.24525 2.2175
0.24575 2.2201
0.24625 2.2227
0.24675 2.2252
0.24725 2.2277
0.24775 2.2302
0.24825 2.2326
0.24875 2.2349
0.24925 2.2373
0.24975 2.2395
0.25025 2.2417
0.25075 2.2439
0.25125 2.246
0.25175 2.2481
0.25225 2.2501
0.25275 2.2521
0.25325 2.254
0.25375 2.2559
0.25425 2.2577
0.25475 2.2595
0.25526 2.2612
0.25576 2.2629
0.25626 2.2645
0.25676 2.2661
0.25726 2.2676
0.25776 2.269
0.25826 2.2705
0.25876 2.2718
0.25926 2.2731
0.25976 2.2744
0.26026 2.2756
0.26076 2.2767
0.26126 2.2778
0.26176 2.2788
0.26226 2.2798
0.26276 2.2807
0.26326 2.2816
0.26376 2.2824
0.26426 2.2832
0.26476 2.2838
0.26527 2.2845
0.26577 2.285
0.26627 2.2855
0.26677 2.286
0.26727 2.2863
0.26777 2.2867
0.26827 2.2869
0.26877 2.2871
0.26927 2.2872
0.26977 2.2872
0.27027 2.2872
0.27077 2.2871
0.27127 2.2869
0.27177 2.2867
0.27227 2.2864
0.27277 2.286
0.27327 2.2855
0.27377 2.285
0.27427 2.2844
0.27477 2.2837
0.27528 2.2829
0.27578 2.2821
0.27628 2.2812
0.27678 2.2802
0.27728 2.2792
0.27778 2.278
0.27828 2.2768
0.27878 2.2755
0.27928 2.2741
0.27978 2.2727
0.28028 2.2711
0.28078 2.2695
0.28128 2.2678
0.28178 2.266
0.28228 2.2641
0.28278 2.2621
0.28328 2.2601
0.28378 2.2579
0.28428 2.2557
0.28478 2.2534
0.28529 2.2509
0.28579 2.2484
0.28629 2.2458
0.28679 2.2431
0.28729 2.2403
0.28779 2.2374
0.28829 2.2344
0.28879 2.2313
0.28929 2.2281
0.28979 2.2248
0.29029 2.2214
0.29079 2.2179
0.29129 2.2142
0.29179 2.2105
0.29229 2.2067
0.29279 2.2028
0.29329 2.1987
0.29379 2.1946
0.29429 2.1903
0.29479 2.1859
0.2953 2.1815
0.2958 2.1769
0.2963 2.1722
0.2968 2.1674
0.2973 2.1625
0.2978 2.1575
0.2983 2.1524
0.2988 2.1471
0.2993 2.1418
0.2998 2.1364
0.3003 2.1308
0.3008 2.1252
0.3013 2.1194
0.3018 2.1135
0.3023 2.1076
0.3028 2.1015
0.3033 2.0953
0.3038 2.089
0.3043 2.0827
0.3048 2.0762
0.30531 2.0696
0.30581 2.0629
0.30631 2.0561
0.30681 2.0493
0.30731 2.0423
0.30781 2.0353
0.30831 2.0281
0.30881 2.0209
0.30931 2.0136
0.30981 2.0062
0.31031 1.9987
0.31081 1.9912
0.31131 1.9836
0.31181 1.976
0.31231 1.9682
0.31281 1.9605
0.31331 1.9526
0.31381 1.9447
0.31431 1.9368
0.31481 1.9288
0.31532 1.9208
0.31582 1.9128
0.31632 1.9047
0.31682 1.8967
0.31732 1.8886
0.31782 1.8804
0.31832 1.8723
0.31882 1.8642
0.31932 1.856
0.31982 1.8479
0.32032 1.8398
0.32082 1.8317
0.32132 1.8236
0.32182 1.8155
0.32232 1.8074
0.32282 1.7994
0.32332 1.7914
0.32382 1.7834
0.32432 1.7755
0.32482 1.7676
0.32533 1.7597
0.32583 1.7519
0.32633 1.7441
0.32683 1.7364
0.32733 1.7288
0.32783 1.7211
0.32833 1.7136
0.32883 1.7061
0.32933 1.6987
0.32983 1.6913
0.33033 1.684
0.33083 1.6768
0.33133 1.6696
0.33183 1.6625
0.33233 1.6555
0.33283 1.6486
0.33333 1.6417
0.33383 1.6349
0.33433 1.6282
0.33483 1.6215
0.33534 1.6149
0.33584 1.6085
0.33634 1.602
0.33684 1.5957
0.33734 1.5895
0.33784 1.5833
0.33834 1.5772
0.33884 1.5711
0.33934 1.5652
0.33984 1.5593
0.34034 1.5535
0.34084 1.5478
0.34134 1.5421
0.34184 1.5366
0.34234 1.5311
0.34284 1.5256
0.34334 1.5203
0.34384 1.515
0.34434 1.5097
0.34484 1.5046
0.34535 1.4995
0.34585 1.4944
0.34635 1.4895
0.34685 1.4845
0.34735 1.4797
0.34785 1.4749
0.34835 1.4702
0.34885 1.4655
0.34935 1.4609
0.34985 1.4564
0.35035 1.4519
0.35085 1.4475
0.35135 1.4431
0.35185 1.4388
0.35235 1.4345
0.35285 1.4303
0.35335 1.4261
0.35385 1.422
0.35435 1.418
0.35485 1.414
0.35536 1.41
0.35586 1.4061
0.35636 1.4023
0.35686 1.3985
0.35736 1.3947
0.35786 1.391
0.35836 1.3873
0.35886 1.3837
0.35936 1.3801
0.35986 1.3766
0.36036 1.3731
0.36086 1.3696
0.36136 1.3662
0.36186 1.3628
0.36236 1.3594
0.36286 1.3561
0.36336 1.3528
0.36386 1.3496
0.36436 1.3464
0.36486 1.3432
0.36537 1.3401
0.36587 1.3369
0.36637 1.3339
0.36687 1.3308
0.36737 1.3278
0.36787 1.3248
0.36837 1.3218
0.36887 1.3189
0.36937 1.316
0.36987 1.3132
0.37037 1.3103
0.37087 1.3075
0.37137 1.3047
0.37187 1.302
0.37237 1.2992
0.37287 1.2965
0.37337 1.2939
0.37387 1.2912
0.37437 1.2886
0.37487 1.286
0.37538 1.2834
0.37588 1.2809
0.37638 1.2784
0.37688 1.2759
0.37738 1.2734
0.37788 1.271
0.37838 1.2685
0.37888 1.2661
0.37938 1.2637
0.37988 1.2614
0.38038 1.259
0.38088 1.2567
0.38138 1.2544
0.38188 1.2521
0.38238 1.2498
0.38288 1.2476
0.38338 1.2453
0.38388 1.2431
0.38438 1.2409
0.38488 1.2387
0.38539 1.2365
0.38589 1.2344
0.38639 1.2322
0.38689 1.2301
0.38739 1.228
0.38789 1.2259
0.38839 1.2238
0.38889 1.2218
0.38939 1.2197
0.38989 1.2177
0.39039 1.2157
0.39089 1.2137
0.39139 1.2118
0.39189 1.2098
0.39239 1.2078
0.39289 1.2059
0.39339 1.204
0.39389 1.2021
0.39439 1.2002
0.39489 1.1984
0.3954 1.1965
0.3959 1.1947
0.3964 1.1928
0.3969 1.191
0.3974 1.1892
0.3979 1.1874
0.3984 1.1856
0.3989 1.1838
0.3994 1.1821
0.3999 1.1803
0.4004 1.1786
0.4009 1.1768
0.4014 1.1751
0.4019 1.1734
0.4024 1.1717
0.4029 1.17
0.4034 1.1683
0.4039 1.1667
0.4044 1.165
0.4049 1.1633
0.40541 1.1617
0.40591 1.1601
0.40641 1.1584
0.40691 1.1568
0.40741 1.1552
0.40791 1.1536
0.40841 1.152
0.40891 1.1505
0.40941 1.1489
0.40991 1.1474
0.41041 1.1458
0.41091 1.1443
0.41141 1.1428
0.41191 1.1412
0.41241 1.1397
0.41291 1.1383
0.41341 1.1368
0.41391 1.1353
0.41441 1.1338
0.41491 1.1324
0.41542 1.1309
0.41592 1.1295
0.41642 1.128
0.41692 1.1266
0.41742 1.1252
0.41792 1.1237
0.41842 1.1223
0.41892 1.1209
0.41942 1.1195
0.41992 1.1181
0.42042 1.1167
0.42092 1.1153
0.42142 1.114
0.42192 1.1126
0.42242 1.1112
0.42292 1.1099
0.42342 1.1085
0.42392 1.1072
0.42442 1.1058
0.42492 1.1045
0.42543 1.1032
0.42593 1.1018
0.42643 1.1005
0.42693 1.0992
0.42743 1.0979
0.42793 1.0966
0.42843 1.0954
0.42893 1.0941
0.42943 1.0928
0.42993 1.0916
0.43043 1.0903
0.43093 1.0891
0.43143 1.0878
0.43193 1.0866
0.43243 1.0854
0.43293 1.0841
0.43343 1.0829
0.43393 1.0817
0.43443 1.0805
0.43493 1.0793
0.43544 1.0781
0.43594 1.0769
0.43644 1.0757
0.43694 1.0745
0.43744 1.0733
0.43794 1.0721
0.43844 1.0709
0.43894 1.0697
0.43944 1.0685
0.43994 1.0674
0.44044 1.0662
0.44094 1.065
0.44144 1.0639
0.44194 1.0627
0.44244 1.0616
0.44294 1.0604
0.44344 1.0593
0.44394 1.0582
0.44444 1.0571
0.44494 1.0559
0.44545 1.0548
0.44595 1.0537
0.44645 1.0526
0.44695 1.0515
0.44745 1.0504
0.44795 1.0493
0.44845 1.0483
0.44895 1.0472
0.44945 1.0461
0.44995 1.045
0.45045 1.044
0.45095 1.0429
0.45145 1.0418
0.45195 1.0408
0.45245 1.0397
0.45295 1.0387
0.45345 1.0376
0.45395 1.0366
0.45445 1.0355
0.45495 1.0345
0.45546 1.0334
0.45596 1.0324
0.45646 1.0313
0.45696 1.0303
0.45746 1.0293
0.45796 1.0283
0.45846 1.0272
0.45896 1.0262
0.45946 1.0252
0.45996 1.0242
0.46046 1.0232
0.46096 1.0222
0.46146 1.0212
0.46196 1.0202
0.46246 1.0192
0.46296 1.0182
0.46346 1.0172
0.46396 1.0162
0.46446 1.0152
0.46496 1.0143
0.46547 1.0133
0.46597 1.0123
0.46647 1.0114
0.46697 1.0104
0.46747 1.0095
0.46797 1.0085
0.46847 1.0076
0.46897 1.0066
0.46947 1.0057
0.46997 1.0047
0.47047 1.0038
0.47097 1.0028
0.47147 1.0019
0.47197 1.001
0.47247 1
0.47297 0.99909
0.47347 0.99815
0.47397 0.99722
0.47447 0.99629
0.47497 0.99536
0.47548 0.99443
0.47598 0.99351
0.47648 0.99259
0.47698 0.99167
0.47748 0.99075
0.47798 0.98984
0.47848 0.98893
0.47898 0.98803
0.47948 0.98713
0.47998 0.98623
0.48048 0.98534
0.48098 0.98445
0.48148 0.98357
0.48198 0.98268
0.48248 0.98181
0.48298 0.98093
0.48348 0.98006
0.48398 0.97919
0.48448 0.97832
0.48498 0.97745
0.48549 0.97659
0.48599 0.97572
0.48649 0.97486
0.48699 0.974
0.48749 0.97314
0.48799 0.97228
0.48849 0.97142
0.48899 0.97057
0.48949 0.96971
0.48999 0.96885
0.49049 0.968
0.49099 0.96714
0.49149 0.96629
0.49199 0.96544
0.49249 0.96459
0.49299 0.96374
0.49349 0.9629
0.49399 0.96205
0.49449 0.96121
0.49499 0.96038
0.4955 0.95954
0.496 0.95871
0.4965 0.95788
0.497 0.95706
0.4975 0.95624
0.498 0.95542
0.4985 0.9546
0.499 0.95379
0.4995 0.95298
0.5 0.95218
0.5005 0.95137
0.501 0.95057
0.5015 0.94977
0.502 0.94897
0.5025 0.94817
0.503 0.94738
0.5035 0.94658
0.504 0.94579
0.5045 0.945
0.50501 0.9442
0.50551 0.94341
0.50601 0.94262
0.50651 0.94183
0.50701 0.94103
0.50751 0.94024
0.50801 0.93945
0.50851 0.93866
0.50901 0.93787
0.50951 0.93708
0.51001 0.9363
0.51051 0.93551
0.51101 0.93473
0.51151 0.93395
0.51201 0.93317
0.51251 0.9324
0.51301 0.93163
0.51351 0.93086
0.51401 0.93009
0.51451 0.92933
0.51502 0.92857
0.51552 0.92781
0.51602 0.92705
0.51652 0.9263
0.51702 0.92555
0.51752 0.9248
0.51802 0.92406
0.51852 0.92331
0.51902 0.92257
0.51952 0.92183
0.52002 0.92109
0.52052 0.92035
0.52102 0.91961
0.52152 0.91887
0.52202 0.91813
0.52252 0.91739
0.52302 0.91665
0.52352 0.91591
0.52402 0.91517
0.52452 0.91443
0.52503 0.91369
0.52553 0.91295
0.52603 0.91222
0.52653 0.91148
0.52703 0.91074
0.52753 0.91001
0.52803 0.90928
0.52853 0.90855
0.52903 0.90782
0.52953 0.9071
0.53003 0.90637
0.53053 0.90565
0.53103 0.90494
0.53153 0.90422
0.53203 0.90351
0.53253 0.9028
0.53303 0.90209
0.53353 0.90139
0.53403 0.90069
0.53453 0.89999
0.53504 0.89929
0.53554 0.89859
0.53604 0.8979
0.53654 0.8972
0.53704 0.89651
0.53754 0.89581
0.53804 0.89512
0.53854 0.89442
0.53904 0.89373
0.53954 0.89303
0.54004 0.89234
0.54054 0.89165
0.54104 0.89095
0.54154 0.89026
0.54204 0.88956
0.54254 0.88887
0.54304 0.88817
0.54354 0.88748
0.54404 0.88679
0.54454 0.8861
0.54505 0.88541
0.54555 0.88472
0.54605 0.88404
0.54655 0.88336
0.54705 0.88268
0.54755 0.882
0.54805 0.88133
0.54855 0.88065
0.54905 0.87998
0.54955 0.87932
0.55005 0.87865
0.55055 0.87799
0.55105 0.87733
0.55155 0.87667
0.55205 0.87601
0.55255 0.87536
0.55305 0.8747
0.55355 0.87405
0.55405 0.87339
0.55455 0.87274
0.55506 0.87208
0.55556 0.87143
0.55606 0.87077
0.55656 0.87012
0.55706 0.86946
0.55756 0.86881
0.55806 0.86815
0.55856 0.86749
0.55906 0.86684
0.55956 0.86618
0.56006 0.86553
0.56056 0.86487
0.56106 0.86422
0.56156 0.86357
0.56206 0.86292
0.56256 0.86227
0.56306 0.86163
0.56356 0.86098
0.56406 0.86034
0.56456 0.8597
0.56507 0.85907
0.56557 0.85843
0.56607 0.8578
0.56657 0.85717
0.56707 0.85655
0.56757 0.85592
0.56807 0.8553
0.56857 0.85468
0.56907 0.85406
0.56957 0.85344
0.57007 0.85282
0.57057 0.8522
0.57107 0.85158
0.57157 0.85096
0.57207 0.85034
0.57257 0.84972
0.57307 0.8491
0.57357 0.84848
0.57407 0.84786
0.57457 0.84724
0.57508 0.84662
0.57558 0.84599
0.57608 0.84537
0.57658 0.84475
0.57708 0.84413
0.57758 0.84351
0.57808 0.8429
0.57858 0.84228
0.57908 0.84166
0.57958 0.84105
0.58008 0.84044
0.58058 0.83984
0.58108 0.83923
0.58158 0.83863
0.58208 0.83803
0.58258 0.83743
0.58308 0.83683
0.58358 0.83624
0.58408 0.83565
0.58458 0.83506
0.58509 0.83447
0.58559 0.83388
0.58609 0.83329
0.58659 0.83271
0.58709 0.83212
0.58759 0.83153
0.58809 0.83095
0.58859 0.83036
0.58909 0.82977
0.58959 0.82919
0.59009 0.8286
0.59059 0.82801
0.59109 0.82742
0.59159 0.82683
0.59209 0.82624
0.59259 0.82565
0.59309 0.82506
0.59359 0.82447
0.59409 0.82389
0.59459 0.8233
0.5951 0.82272
0.5956 0.82213
0.5961 0.82155
0.5966 0.82098
0.5971 0.8204
0.5976 0.81983
0.5981 0.81926
0.5986 0.81869
0.5991 0.81812
0.5996 0.81756
0.6001 0.81699
0.6006 0.81643
0.6011 0.81587
0.6016 0.81532
0.6021 0.81476
0.6026 0.8142
0.6031 0.81365
0.6036 0.81309
0.6041 0.81254
0.6046 0.81198
0.60511 0.81142
0.60561 0.81087
0.60611 0.81031
0.60661 0.80975
0.60711 0.80919
0.60761 0.80863
0.60811 0.80807
0.60861 0.80751
0.60911 0.80696
0.60961 0.8064
0.61011 0.80584
0.61061 0.80528
0.61111 0.80473
0.61161 0.80417
0.61211 0.80362
0.61261 0.80307
0.61311 0.80252
0.61361 0.80198
0.61411 0.80143
0.61461 0.80089
0.61512 0.80036
0.61562 0.79982
0.61612 0.79929
0.61662 0.79875
0.61712 0.79822
0.61762 0.7977
0.61812 0.79717
0.61862 0.79664
0.61912 0.79611
0.61962 0.79559
0.62012 0.79506
0.62062 0.79454
0.62112 0.79401
0.62162 0.79348
0.62212 0.79295
0.62262 0.79243
0.62312 0.7919
0.62362 0.79137
0.62412 0.79084
0.62462 0.79031
0.62513 0.78978
0.62563 0.78925
0.62613 0.78872
0.62663 0.78819
0.62713 0.78766
0.62763 0.78714
0.62813 0.78661
0.62863 0.78609
0.62913 0.78557
0.62963 0.78505
0.63013 0.78454
0.63063 0.78403
0.63113 0.78351
0.63163 0.78301
0.63213 0.7825
0.63263 0.782
0.63313 0.7815
0.63363 0.78099
0.63413 0.7805
0.63463 0.78
0.63514 0.7795
0.63564 0.779
0.63614 0.7785
0.63664 0.77801
0.63714 0.77751
0.63764 0.77701
0.63814 0.77651
0.63864 0.77601
0.63914 0.77551
0.63964 0.77501
0.64014 0.77451
0.64064 0.774
0.64114 0.7735
0.64164 0.773
0.64214 0.7725
0.64264 0.772
0.64314 0.7715
0.64364 0.771
0.64414 0.77051
0.64464 0.77001
0.64515 0.76952
0.64565 0.76903
0.64615 0.76854
0.64665 0.76806
0.64715 0.76758
0.64765 0.7671
0.64815 0.76662
0.64865 0.76614
0.64915 0.76567
0.64965 0.7652
0.65015 0.76472
0.65065 0.76425
0.65115 0.76378
0.65165 0.76332
0.65215 0.76285
0.65265 0.76238
0.65315 0.76191
0.65365 0.76144
0.65415 0.76097
0.65465 0.76049
0.65516 0.76002
0.65566 0.75955
0.65616 0.75907
0.65666 0.7586
0.65716 0.75813
0.65766 0.75765
0.65816 0.75718
0.65866 0.75671
0.65916 0.75623
0.65966 0.75577
0.66016 0.7553
0.66066 0.75483
0.66116 0.75437
0.66166 0.75391
0.66216 0.75345
0.66266 0.75299
0.66316 0.75254
0.66366 0.75208
0.66416 0.75163
0.66466 0.75119
0.66517 0.75074
0.66567 0.7503
0.66617 0.74985
0.66667 0.74941
0.66717 0.74897
0.66767 0.74853
0.66817 0.74809
0.66867 0.74764
0.66917 0.7472
0.66967 0.74676
0.67017 0.74631
0.67067 0.74587
0.67117 0.74543
0.67167 0.74498
0.67217 0.74453
0.67267 0.74409
0.67317 0.74364
0.67367 0.74319
0.67417 0.74275
0.67467 0.7423
0.67518 0.74186
0.67568 0.74142
0.67618 0.74098
0.67668 0.74054
0.67718 0.74011
0.67768 0.73967
0.67818 0.73924
0.67868 0.73881
0.67918 0.73839
0.67968 0.73796
0.68018 0.73754
0.68068 0.73712
0.68118 0.73671
0.68168 0.73629
0.68218 0.73588
0.68268 0.73546
0.68318 0.73505
0.68368 0.73463
0.68418 0.73422
0.68468 0.73381
0.68519 0.73339
0.68569 0.73297
0.68619 0.73256
0.68669 0.73214
0.68719 0.73172
0.68769 0.7313
0.68819 0.73089
0.68869 0.73047
0.68919 0.73005
0.68969 0.72963
0.69019 0.72921
0.69069 0.72879
0.69119 0.72838
0.69169 0.72796
0.69219 0.72755
0.69269 0.72714
0.69319 0.72674
0.69369 0.72633
0.69419 0.72593
0.69469 0.72553
0.6952 0.72513
0.6957 0.72474
0.6962 0.72435
0.6967 0.72395
0.6972 0.72356
0.6977 0.72318
0.6982 0.72279
0.6987 0.7224
0.6992 0.72202
0.6997 0.72163
0.7002 0.72124
0.7007 0.72086
0.7012 0.72047
0.7017 0.72008
0.7022 0.71969
0.7027 0.7193
0.7032 0.71891
0.7037 0.71851
0.7042 0.71812
0.7047 0.71773
0.70521 0.71734
0.70571 0.71695
0.70621 0.71656
0.70671 0.71617
0.70721 0.71578
0.70771 0.71539
0.70821 0.71501
0.70871 0.71463
0.70921 0.71425
0.70971 0.71387
0.71021 0.7135
0.71071 0.71313
0.71121 0.71276
0.71171 0.71239
0.71221 0.71203
0.71271 0.71167
0.71321 0.71131
0.71371 0.71094
0.71421 0.71059
0.71471 0.71023
0.71522 0.70987
0.71572 0.70951
0.71622 0.70914
0.71672 0.70878
0.71722 0.70842
0.71772 0.70806
0.71822 0.70769
0.71872 0.70733
0.71922 0.70696
0.71972 0.7066
0.72022 0.70623
0.72072 0.70586
0.72122 0.7055
0.72172 0.70513
0.72222 0.70477
0.72272 0.70441
0.72322 0.70405
0.72372 0.70369
0.72422 0.70333
0.72472 0.70298
0.72523 0.70263
0.72573 0.70228
0.72623 0.70193
0.72673 0.70159
0.72723 0.70125
0.72773 0.70091
0.72823 0.70058
0.72873 0.70024
0.72923 0.6999
0.72973 0.69957
0.73023 0.69924
0.73073 0.6989
0.73123 0.69857
0.73173 0.69823
0.73223 0.6979
0.73273 0.69756
0.73323 0.69722
0.73373 0.69688
0.73423 0.69654
0.73473 0.6962
0.73524 0.69586
0.73574 0.69552
0.73624 0.69517
0.73674 0.69483
0.73724 0.69449
0.73774 0.69415
0.73824 0.69381
0.73874 0.69348
0.73924 0.69314
0.73974 0.69281
0.74024 0.69248
0.74074 0.69216
0.74124 0.69184
0.74174 0.69151
0.74224 0.6912
0.74274 0.69088
0.74324 0.69057
0.74374 0.69025
0.74424 0.68994
0.74474 0.68963
0.74525 0.68932
0.74575 0.68901
0.74625 0.6887
0.74675 0.68839
0.74725 0.68808
0.74775 0.68777
0.74825 0.68745
0.74875 0.68714
0.74925 0.68682
0.74975 0.6865
0.75025 0.68619
0.75075 0.68587
0.75125 0.68555
0.75175 0.68523
0.75225 0.68491
0.75275 0.68459
0.75325 0.68427
0.75375 0.68396
0.75425 0.68364
0.75475 0.68333
0.75526 0.68302
0.75576 0.68272
0.75626 0.68241
0.75676 0.68211
0.75726 0.68182
0.75776 0.68152
0.75826 0.68123
0.75876 0.68094
0.75926 0.68065
0.75976 0.68036
0.76026 0.68007
0.76076 0.67978
0.76126 0.6795
0.76176 0.67921
0.76226 0.67892
0.76276 0.67863
0.76326 0.67834
0.76376 0.67805
0.76426 0.67775
0.76476 0.67745
0.76527 0.67716
0.76577 0.67686
0.76627 0.67656
0.76677 0.67626
0.76727 0.67596
0.76777 0.67566
0.76827 0.67536
0.76877 0.67506
0.76927 0.67477
0.76977 0.67447
0.77027 0.67418
0.77077 0.67389
0.77127 0.67361
0.77177 0.67333
0.77227 0.67305
0.77277 0.67277
0.77327 0.6725
0.77377 0.67223
0.77427 0.67196
0.77477 0.67169
0.77528 0.67142
0.77578 0.67116
0.77628 0.67089
0.77678 0.67062
0.77728 0.67035
0.77778 0.67008
0.77828 0.66981
0.77878 0.66954
0.77928 0.66926
0.77978 0.66899
0.78028 0.66871
0.78078 0.66842
0.78128 0.66814
0.78178 0.66786
0.78228 0.66757
0.78278 0.66729
0.78328 0.667
0.78378 0.66672
0.78428 0.66643
0.78478 0.66615
0.78529 0.66588
0.78579 0.6656
0.78629 0.66533
0.78679 0.66507
0.78729 0.66481
0.78779 0.66455
0.78829 0.6643
0.78879 0.66404
0.78929 0.6638
0.78979 0.66355
0.79029 0.66331
0.79079 0.66306
0.79129 0.66282
0.79179 0.66257
0.79229 0.66233
0.79279 0.66208
0.79329 0.66182
0.79379 0.66157
0.79429 0.6613
0.79479 0.66104
0.7953 0.66077
0.7958 0.6605
0.7963 0.66022
0.7968 0.65995
0.7973 0.65967
0.7978 0.65939
0.7983 0.65911
0.7988 0.65884
0.7993 0.65856
0.7998 0.6583
0.8003 0.65803
0.8008 0.65777
0.8013 0.65751
0.8018 0.65726
0.8023 0.65701
0.8028 0.65676
0.8033 0.65652
0.8038 0.65628
0.8043 0.65604
0.8048 0.65581
0.80531 0.65557
0.80581 0.65534
0.80631 0.6551
0.80681 0.65487
0.80731 0.65464
0.80781 0.6544
0.80831 0.65417
0.80881 0.65394
0.80931 0.6537
0.80981 0.65347
0.81031 0.65323
0.81081 0.653
0.81131 0.65276
0.81181 0.65252
0.81231 0.65228
0.81281 0.65204
0.81331 0.6518
0.81381 0.65156
0.81431 0.65132
0.81481 0.65108
0.81532 0.65084
0.81582 0.6506
0.81632 0.65036
0.81682 0.65011
0.81732 0.64987
0.81782 0.64963
0.81832 0.64939
0.81882 0.64914
0.81932 0.6489
0.81982 0.64866
0.82032 0.64842
0.82082 0.64818
0.82132 0.64793
0.82182 0.64769
0.82232 0.64745
0.82282 0.64722
0.82332 0.64698
0.82382 0.64674
0.82432 0.6465
0.82482 0.64627
0.82533 0.64603
0.82583 0.6458
0.82633 0.64556
0.82683 0.64533
0.82733 0.6451
0.82783 0.64487
0.82833 0.64464
0.82883 0.64441
0.82933 0.64418
0.82983 0.64396
0.83033 0.64373
0.83083 0.64351
0.83133 0.64329
0.83183 0.64306
0.83233 0.64284
0.83283 0.64262
0.83333 0.6424
0.83383 0.64218
0.83433 0.64196
0.83483 0.64175
0.83534 0.64153
0.83584 0.64131
0.83634 0.6411
0.83684 0.64088
0.83734 0.64067
0.83784 0.64046
0.83834 0.64024
0.83884 0.64003
0.83934 0.63982
0.83984 0.63961
0.84034 0.6394
0.84084 0.63919
0.84134 0.63898
0.84184 0.63877
0.84234 0.63856
0.84284 0.63835
0.84334 0.63814
0.84384 0.63793
0.84434 0.63772
0.84484 0.63751
0.84535 0.6373
0.84585 0.6371
0.84635 0.63689
0.84685 0.63668
0.84735 0.63647
0.84785 0.63626
0.84835 0.63606
0.84885 0.63585
0.84935 0.63564
0.84985 0.63544
0.85035 0.63523
0.85085 0.63502
0.85135 0.63482
0.85185 0.63461
0.85235 0.63441
0.85285 0.6342
0.85335 0.634
0.85385 0.63379
0.85435 0.63359
0.85485 0.63339
0.85536 0.63319
0.85586 0.63299
0.85636 0.63279
0.85686 0.63259
0.85736 0.63239
0.85786 0.63219
0.85836 0.63199
0.85886 0.6318
0.85936 0.6316
0.85986 0.63141
0.86036 0.63122
0.86086 0.63102
0.86136 0.63083
0.86186 0.63064
0.86236 0.63046
0.86286 0.63027
0.86336 0.63008
0.86386 0.6299
0.86436 0.62971
0.86486 0.62953
0.86537 0.62935
0.86587 0.62917
0.86637 0.62899
0.86687 0.62881
0.86737 0.62864
0.86787 0.62846
0.86837 0.62829
0.86887 0.62811
0.86937 0.62794
0.86987 0.62777
0.87037 0.6276
0.87087 0.62743
0.87137 0.62726
0.87187 0.62709
0.87237 0.62693
0.87287 0.62676
0.87337 0.62659
0.87387 0.62643
0.87437 0.62627
0.87487 0.6261
0.87538 0.62594
0.87588 0.62578
0.87638 0.62562
0.87688 0.62546
0.87738 0.6253
0.87788 0.62514
0.87838 0.62498
0.87888 0.62483
0.87938 0.62467
0.87988 0.62451
0.88038 0.62436
0.88088 0.6242
0.88138 0.62405
0.88188 0.6239
0.88238 0.62374
0.88288 0.62359
0.88338 0.62344
0.88388 0.62329
0.88438 0.62314
0.88488 0.623
0.88539 0.62285
0.88589 0.6227
0.88639 0.62256
0.88689 0.62241
0.88739 0.62227
0.88789 0.62213
0.88839 0.62199
0.88889 0.62185
0.88939 0.62172
0.88989 0.62158
0.89039 0.62145
0.89089 0.62131
0.89139 0.62118
0.89189 0.62105
0.89239 0.62092
0.89289 0.6208
0.89339 0.62067
0.89389 0.62055
0.89439 0.62043
0.89489 0.62031
0.8954 0.62019
0.8959 0.62008
0.8964 0.61997
0.8969 0.61985
0.8974 0.61974
0.8979 0.61964
0.8984 0.61953
0.8989 0.61942
0.8994 0.61932
0.8999 0.61922
0.9004 0.61912
0.9009 0.61902
0.9014 0.61893
0.9019 0.61883
0.9024 0.61874
0.9029 0.61865
0.9034 0.61856
0.9039 0.61847
0.9044 0.61839
0.9049 0.6183
0.90541 0.61822
0.90591 0.61814
0.90641 0.61806
0.90691 0.61798
0.90741 0.6179
0.90791 0.61783
0.90841 0.61775
0.90891 0.61768
0.90941 0.61761
0.90991 0.61754
0.91041 0.61747
0.91091 0.6174
0.91141 0.61733
0.91191 0.61727
0.91241 0.61721
0.91291 0.61715
0.91341 0.61709
0.91391 0.61703
0.91441 0.61697
0.91491 0.61692
0.91542 0.61687
0.91592 0.61682
0.91642 0.61677
0.91692 0.61672
0.91742 0.61668
0.91792 0.61663
0.91842 0.61659
0.91892 0.61655
0.91942 0.61652
0.91992 0.61648
0.92042 0.61645
0.92092 0.61642
0.92142 0.6164
0.92192 0.61637
0.92242 0.61635
0.92292 0.61633
0.92342 0.61632
0.92392 0.61631
0.92442 0.6163
0.92492 0.61629
0.92543 0.61628
0.92593 0.61628
0.92643 0.61628
0.92693 0.61628
0.92743 0.61629
0.92793 0.6163
0.92843 0.61631
0.92893 0.61633
0.92943 0.61634
0.92993 0.61636
0.93043 0.61639
0.93093 0.61641
0.93143 0.61644
0.93193 0.61647
0.93243 0.61651
0.93293 0.61654
0.93343 0.61658
0.93393 0.61662
0.93443 0.61667
0.93493 0.61671
0.93544 0.61676
0.93594 0.61681
0.93644 0.61687
0.93694 0.61692
0.93744 0.61698
0.93794 0.61704
0.93844 0.61711
0.93894 0.61718
0.93944 0.61724
0.93994 0.61732
0.94044 0.61739
0.94094 0.61747
0.94144 0.61755
0.94194 0.61763
0.94244 0.61771
0.94294 0.6178
0.94344 0.61789
0.94394 0.61799
0.94444 0.61808
0.94494 0.61818
0.94545 0.61828
0.94595 0.61839
0.94645 0.6185
0.94695 0.61861
0.94745 0.61873
0.94795 0.61884
0.94845 0.61897
0.94895 0.61909
0.94945 0.61922
0.94995 0.61936
0.95045 0.61949
0.95095 0.61963
0.95145 0.61978
0.95195 0.61993
0.95245 0.62008
0.95295 0.62024
0.95345 0.6204
0.95395 0.62056
0.95445 0.62073
0.95495 0.6209
0.95546 0.62108
0.95596 0.62126
0.95646 0.62145
0.95696 0.62164
0.95746 0.62183
0.95796 0.62203
0.95846 0.62223
0.95896 0.62244
0.95946 0.62265
0.95996 0.62286
0.96046 0.62308
0.96096 0.6233
0.96146 0.62353
0.96196 0.62376
0.96246 0.62399
0.96296 0.62423
0.96346 0.62447
0.96396 0.62471
0.96446 0.62496
0.96496 0.62521
0.96547 0.62547
0.96597 0.62573
0.96647 0.626
0.96697 0.62626
0.96747 0.62654
0.96797 0.62681
0.96847 0.62709
0.96897 0.62738
0.96947 0.62766
0.96997 0.62796
0.97047 0.62825
0.97097 0.62855
0.97147 0.62886
0.97197 0.62917
0.97247 0.62948
0.97297 0.6298
0.97347 0.63012
0.97397 0.63045
0.97447 0.63078
0.97497 0.63112
0.97548 0.63146
0.97598 0.63181
0.97648 0.63216
0.97698 0.63252
0.97748 0.63288
0.97798 0.63325
0.97848 0.63362
0.97898 0.634
0.97948 0.63439
0.97998 0.63478
0.98048 0.63518
0.98098 0.63558
0.98148 0.63598
0.98198 0.6364
0.98248 0.63682
0.98298 0.63724
0.98348 0.63767
0.98398 0.63811
0.98448 0.63855
0.98498 0.639
0.98549 0.63945
0.98599 0.63991
0.98649 0.64037
0.98699 0.64084
0.98749 0.64132
0.98799 0.6418
0.98849 0.64229
0.98899 0.64278
0.98949 0.64328
0.98999 0.64378
0.99049 0.64429
0.99099 0.64481
0.99149 0.64533
0.99199 0.64585
0.99249 0.64638
0.99299 0.64692
0.99349 0.64746
0.99399 0.64801
0.99449 0.64856
0.99499 0.64912
0.9955 0.64969
0.996 0.65026
0.9965 0.65083
0.997 0.65141
0.9975 0.652
0.998 0.6526
0.9985 0.6532
0.999 0.6538
0.9995 0.65442
1 0.65504
