time energy 
0 1.2792
0.0005005 1.2789
0.001001 1.2787
0.0015015 1.2784
0.002002 1.2781
0.0025025 1.2779
0.003003 1.2776
0.0035035 1.2774
0.004004 1.2771
0.0045045 1.2768
0.005005 1.2766
0.0055055 1.2763
0.006006 1.2761
0.0065065 1.2758
0.007007 1.2755
0.0075075 1.2753
0.008008 1.275
0.0085085 1.2748
0.009009 1.2745
0.0095095 1.2742
0.01001 1.274
0.010511 1.2737
0.011011 1.2735
0.011512 1.2732
0.012012 1.2729
0.012513 1.2727
0.013013 1.2724
0.013514 1.2721
0.014014 1.2719
0.014515 1.2716
0.015015 1.2714
0.015516 1.2711
0.016016 1.2708
0.016517 1.2706
0.017017 1.2703
0.017518 1.27
0.018018 1.2698
0.018519 1.2695
0.019019 1.2692
0.01952 1.269
0.02002 1.2687
0.020521 1.2684
0.021021 1.2682
0.021522 1.2679
0.022022 1.2676
0.022523 1.2674
0.023023 1.2671
0.023524 1.2668
0.024024 1.2666
0.024525 1.2663
0.025025 1.266
0.025526 1.2658
0.026026 1.2655
0.026527 1.2652
0.027027 1.265
0.027528 1.2647
0.028028 1.2644
0.028529 1.2642
0.029029 1.2639
0.02953 1.2636
0.03003 1.2634
0.030531 1.2631
0.031031 1.2628
0.031532 1.2625
0.032032 1.2623
0.032533 1.262
0.033033 1.2617
0.033534 1.2614
0.034034 1.2612
0.034535 1.2609
0.035035 1.2606
0.035536 1.2604
0.036036 1.2601
0.036537 1.2598
0.037037 1.2595
0.037538 1.2592
0.038038 1.259
0.038539 1.2587
0.039039 1.2584
0.03954 1.2581
0.04004 1.2579
0.040541 1.2576
0.041041 1.2573
0.041542 1.257
0.042042 1.2567
0.042543 1.2565
0.043043 1.2562
0.043544 1.2559
0.044044 1.2556
0.044545 1.2553
0.045045 1.2551
0.045546 1.2548
0.046046 1.2545
0.046547 1.2542
0.047047 1.2539
0.047548 1.2536
0.048048 1.2534
0.048549 1.2531
0.049049 1.2528
0.04955 1.2525
0.05005 1.2522
0.050551 1.2519
0.051051 1.2516
0.051552 1.2513
0.052052 1.2511
0.052553 1.2508
0.053053 1.2505
0.053554 1.2502
0.054054 1.2499
0.054555 1.2496
0.055055 1.2493
0.055556 1.249
0.056056 1.2487
0.056557 1.2484
0.057057 1.2481
0.057558 1.2478
0.058058 1.2475
0.058559 1.2473
0.059059 1.247
0.05956 1.2467
0.06006 1.2464
0.060561 1.2461
0.061061 1.2458
0.061562 1.2455
0.062062 1.2452
0.062563 1.2449
0.063063 1.2446
0.063564 1.2443
0.064064 1.244
0.064565 1.2437
0.065065 1.2434
0.065566 1.2431
0.066066 1.2427
0.066567 1.2424
0.067067 1.2421
0.067568 1.2418
0.068068 1.2415
0.068569 1.2412
0.069069 1.2409
0.06957 1.2406
0.07007 1.2403
0.070571 1.24
0.071071 1.2397
0.071572 1.2394
0.072072 1.2391
0.072573 1.2387
0.073073 1.2384
0.073574 1.2381
0.074074 1.2378
0.074575 1.2375
0.075075 1.2372
0.075576 1.2369
0.076076 1.2365
0.076577 1.2362
0.077077 1.2359
0.077578 1.2356
0.078078 1.2353
0.078579 1.2349
0.079079 1.2346
0.07958 1.2343
0.08008 1.234
0.080581 1.2337
0.081081 1.2333
0.081582 1.233
0.082082 1.2327
0.082583 1.2324
0.083083 1.232
0.083584 1.2317
0.084084 1.2314
0.084585 1.231
0.085085 1.2307
0.085586 1.2304
0.086086 1.2301
0.086587 1.2297
0.087087 1.2294
0.087588 1.2291
0.088088 1.2287
0.088589 1.2284
0.089089 1.2281
0.08959 1.2277
0.09009 1.2274
0.090591 1.2271
0.091091 1.2267
0.091592 1.2264
0.092092 1.226
0.092593 1.2257
0.093093 1.2254
0.093594 1.225
0.094094 1.2247
0.094595 1.2243
0.095095 1.224
0.095596 1.2236
0.096096 1.2233
0.096597 1.2229
0.097097 1.2226
0.097598 1.2223
0.098098 1.2219
0.098599 1.2216
0.099099 1.2212
0.0996 1.2209
0.1001 1.2205
0.1006 1.2202
0.1011 1.2198
0.1016 1.2194
0.1021 1.2191
0.1026 1.2187
0.1031 1.2184
0.1036 1.218
0.1041 1.2177
0.1046 1.2173
0.10511 1.2169
0.10561 1.2166
0.10611 1.2162
0.10661 1.2159
0.10711 1.2155
0.10761 1.2151
0.10811 1.2148
0.10861 1.2144
0.10911 1.214
0.10961 1.2137
0.11011 1.2133
0.11061 1.2129
0.11111 1.2126
0.11161 1.2122
0.11211 1.2118
0.11261 1.2115
0.11311 1.2111
0.11361 1.2107
0.11411 1.2103
0.11461 1.21
0.11512 1.2096
0.11562 1.2092
0.11612 1.2088
0.11662 1.2085
0.11712 1.2081
0.11762 1.2077
0.11812 1.2073
0.11862 1.2069
0.11912 1.2066
0.11962 1.2062
0.12012 1.2058
0.12062 1.2054
0.12112 1.205
0.12162 1.2046
0.12212 1.2043
0.12262 1.2039
0.12312 1.2035
0.12362 1.2031
0.12412 1.2027
0.12462 1.2023
0.12513 1.2019
0.12563 1.2015
0.12613 1.2011
0.12663 1.2007
0.12713 1.2003
0.12763 1.1999
0.12813 1.1995
0.12863 1.1992
0.12913 1.1988
0.12963 1.1984
0.13013 1.198
0.13063 1.1976
0.13113 1.1971
0.13163 1.1967
0.13213 1.1963
0.13263 1.1959
0.13313 1.1955
0.13363 1.1951
0.13413 1.1947
0.13463 1.1943
0.13514 1.1939
0.13564 1.1935
0.13614 1.1931
0.13664 1.1927
0.13714 1.1923
0.13764 1.1918
0.13814 1.1914
0.13864 1.191
0.13914 1.1906
0.13964 1.1902
0.14014 1.1898
0.14064 1.1893
0.14114 1.1889
0.14164 1.1885
0.14214 1.1881
0.14264 1.1877
0.14314 1.1872
0.14364 1.1868
0.14414 1.1864
0.14464 1.186
0.14515 1.1855
0.14565 1.1851
0.14615 1.1847
0.14665 1.1843
0.14715 1.1838
0.14765 1.1834
0.14815 1.183
0.14865 1.1825
0.14915 1.1821
0.14965 1.1817
0.15015 1.1812
0.15065 1.1808
0.15115 1.1804
0.15165 1.1799
0.15215 1.1795
0.15265 1.179
0.15315 1.1786
0.15365 1.1782
0.15415 1.1777
0.15465 1.1773
0.15516 1.1768
0.15566 1.1764
0.15616 1.1759
0.15666 1.1755
0.15716 1.1751
0.15766 1.1746
0.15816 1.1742
0.15866 1.1737
0.15916 1.1733
0.15966 1.1728
0.16016 1.1724
0.16066 1.1719
0.16116 1.1714
0.16166 1.171
0.16216 1.1705
0.16266 1.1701
0.16316 1.1696
0.16366 1.1692
0.16416 1.1687
0.16466 1.1682
0.16517 1.1678
0.16567 1.1673
0.16617 1.1669
0.16667 1.1664
0.16717 1.1659
0.16767 1.1655
0.16817 1.165
0.16867 1.1645
0.16917 1.1641
0.16967 1.1636
0.17017 1.1631
0.17067 1.1627
0.17117 1.1622
0.17167 1.1617
0.17217 1.1612
0.17267 1.1608
0.17317 1.1603
0.17367 1.1598
0.17417 1.1593
0.17467 1.1589
0.17518 1.1584
0.17568 1.1579
0.17618 1.1574
0.17668 1.1569
0.17718 1.1565
0.17768 1.156
0.17818 1.1555
0.17868 1.155
0.17918 1.1545
0.17968 1.154
0.18018 1.1536
0.18068 1.1531
0.18118 1.1526
0.18168 1.1521
0.18218 1.1516
0.18268 1.1511
0.18318 1.1506
0.18368 1.1501
0.18418 1.1496
0.18468 1.1491
0.18519 1.1487
0.18569 1.1482
0.18619 1.1477
0.18669 1.1472
0.18719 1.1467
0.18769 1.1462
0.18819 1.1457
0.18869 1.1452
0.18919 1.1447
0.18969 1.1442
0.19019 1.1437
0.19069 1.1432
0.19119 1.1427
0.19169 1.1421
0.19219 1.1416
0.19269 1.1411
0.19319 1.1406
0.19369 1.1401
0.19419 1.1396
0.19469 1.1391
0.1952 1.1386
0.1957 1.1381
0.1962 1.1376
0.1967 1.137
0.1972 1.1365
0.1977 1.136
0.1982 1.1355
0.1987 1.135
0.1992 1.1345
0.1997 1.134
0.2002 1.1334
0.2007 1.1329
0.2012 1.1324
0.2017 1.1319
0.2022 1.1313
0.2027 1.1308
0.2032 1.1303
0.2037 1.1298
0.2042 1.1293
0.2047 1.1287
0.20521 1.1282
0.20571 1.1277
0.20621 1.1271
0.20671 1.1266
0.20721 1.1261
0.20771 1.1256
0.20821 1.125
0.20871 1.1245
0.20921 1.124
0.20971 1.1234
0.21021 1.1229
0.21071 1.1224
0.21121 1.1218
0.21171 1.1213
0.21221 1.1207
0.21271 1.1202
0.21321 1.1197
0.21371 1.1191
0.21421 1.1186
0.21471 1.118
0.21522 1.1175
0.21572 1.117
0.21622 1.1164
0.21672 1.1159
0.21722 1.1153
0.21772 1.1148
0.21822 1.1142
0.21872 1.1137
0.21922 1.1131
0.21972 1.1126
0.22022 1.112
0.22072 1.1115
0.22122 1.1109
0.22172 1.1104
0.22222 1.1098
0.22272 1.1093
0.22322 1.1087
0.22372 1.1082
0.22422 1.1076
0.22472 1.1071
0.22523 1.1065
0.22573 1.106
0.22623 1.1054
0.22673 1.1048
0.22723 1.1043
0.22773 1.1037
0.22823 1.1032
0.22873 1.1026
0.22923 1.102
0.22973 1.1015
0.23023 1.1009
0.23073 1.1004
0.23123 1.0998
0.23173 1.0992
0.23223 1.0987
0.23273 1.0981
0.23323 1.0975
0.23373 1.097
0.23423 1.0964
0.23473 1.0958
0.23524 1.0952
0.23574 1.0947
0.23624 1.0941
0.23674 1.0935
0.23724 1.093
0.23774 1.0924
0.23824 1.0918
0.23874 1.0912
0.23924 1.0907
0.23974 1.0901
0.24024 1.0895
0.24074 1.0889
0.24124 1.0884
0.24174 1.0878
0.24224 1.0872
0.24274 1.0866
0.24324 1.086
0.24374 1.0855
0.24424 1.0849
0.24474 1.0843
0.24525 1.0837
0.24575 1.0831
0.24625 1.0826
0.24675 1.082
0.24725 1.0814
0.24775 1.0808
0.24825 1.0802
0.24875 1.0796
0.24925 1.079
0.24975 1.0785
0.25025 1.0779
0.25075 1.0773
0.25125 1.0767
0.25175 1.0761
0.25225 1.0755
0.25275 1.0749
0.25325 1.0743
0.25375 1.0737
0.25425 1.0731
0.25475 1.0725
0.25526 1.072
0.25576 1.0714
0.25626 1.0708
0.25676 1.0702
0.25726 1.0696
0.25776 1.069
0.25826 1.0684
0.25876 1.0678
0.25926 1.0672
0.25976 1.0666
0.26026 1.066
0.26076 1.0654
0.26126 1.0648
0.26176 1.0642
0.26226 1.0636
0.26276 1.063
0.26326 1.0624
0.26376 1.0618
0.26426 1.0612
0.26476 1.0606
0.26527 1.06
0.26577 1.0594
0.26627 1.0588
0.26677 1.0581
0.26727 1.0575
0.26777 1.0569
0.26827 1.0563
0.26877 1.0557
0.26927 1.0551
0.26977 1.0545
0.27027 1.0539
0.27077 1.0533
0.27127 1.0527
0.27177 1.0521
0.27227 1.0515
0.27277 1.0508
0.27327 1.0502
0.27377 1.0496
0.27427 1.049
0.27477 1.0484
0.27528 1.0478
0.27578 1.0472
0.27628 1.0466
0.27678 1.0459
0.27728 1.0453
0.27778 1.0447
0.27828 1.0441
0.27878 1.0435
0.27928 1.0429
0.27978 1.0422
0.28028 1.0416
0.28078 1.041
0.28128 1.0404
0.28178 1.0398
0.28228 1.0391
0.28278 1.0385
0.28328 1.0379
0.28378 1.0373
0.28428 1.0367
0.28478 1.036
0.28529 1.0354
0.28579 1.0348
0.28629 1.0342
0.28679 1.0336
0.28729 1.0329
0.28779 1.0323
0.28829 1.0317
0.28879 1.0311
0.28929 1.0304
0.28979 1.0298
0.29029 1.0292
0.29079 1.0286
0.29129 1.0279
0.29179 1.0273
0.29229 1.0267
0.29279 1.0261
0.29329 1.0254
0.29379 1.0248
0.29429 1.0242
0.29479 1.0236
0.2953 1.0229
0.2958 1.0223
0.2963 1.0217
0.2968 1.021
0.2973 1.0204
0.2978 1.0198
0.2983 1.0191
0.2988 1.0185
0.2993 1.0179
0.2998 1.0173
0.3003 1.0166
0.3008 1.016
0.3013 1.0154
0.3018 1.0147
0.3023 1.0141
0.3028 1.0135
0.3033 1.0128
0.3038 1.0122
0.3043 1.0116
0.3048 1.0109
0.30531 1.0103
0.30581 1.0097
0.30631 1.009
0.30681 1.0084
0.30731 1.0078
0.30781 1.0071
0.30831 1.0065
0.30881 1.0059
0.30931 1.0052
0.30981 1.0046
0.31031 1.004
0.31081 1.0033
0.31131 1.0027
0.31181 1.0021
0.31231 1.0014
0.31281 1.0008
0.31331 1.0001
0.31381 0.99951
0.31431 0.99887
0.31481 0.99823
0.31532 0.99759
0.31582 0.99696
0.31632 0.99632
0.31682 0.99568
0.31732 0.99504
0.31782 0.99441
0.31832 0.99377
0.31882 0.99313
0.31932 0.99249
0.31982 0.99185
0.32032 0.99122
0.32082 0.99058
0.32132 0.98994
0.32182 0.9893
0.32232 0.98866
0.32282 0.98802
0.32332 0.98738
0.32382 0.98674
0.32432 0.9861
0.32482 0.98546
0.32533 0.98482
0.32583 0.98419
0.32633 0.98355
0.32683 0.98291
0.32733 0.98227
0.32783 0.98163
0.32833 0.98099
0.32883 0.98035
0.32933 0.97971
0.32983 0.97907
0.33033 0.97843
0.33083 0.97779
0.33133 0.97715
0.33183 0.97651
0.33233 0.97587
0.33283 0.97523
0.33333 0.97459
0.33383 0.97395
0.33433 0.97331
0.33483 0.97267
0.33534 0.97203
0.33584 0.97139
0.33634 0.97075
0.33684 0.97011
0.33734 0.96947
0.33784 0.96883
0.33834 0.96819
0.33884 0.96755
0.33934 0.96691
0.33984 0.96627
0.34034 0.96563
0.34084 0.96499
0.34134 0.96435
0.34184 0.96371
0.34234 0.96307
0.34284 0.96243
0.34334 0.96179
0.34384 0.96115
0.34434 0.96051
0.34484 0.95987
0.34535 0.95923
0.34585 0.95859
0.34635 0.95795
0.34685 0.95731
0.34735 0.95667
0.34785 0.95604
0.34835 0.9554
0.34885 0.95476
0.34935 0.95412
0.34985 0.95348
0.35035 0.95284
0.35085 0.95221
0.35135 0.95157
0.35185 0.95093
0.35235 0.95029
0.35285 0.94965
0.35335 0.94902
0.35385 0.94838
0.35435 0.94774
0.35485 0.94711
0.35536 0.94647
0.35586 0.94583
0.35636 0.9452
0.35686 0.94456
0.35736 0.94392
0.35786 0.94329
0.35836 0.94265
0.35886 0.94202
0.35936 0.94138
0.35986 0.94075
0.36036 0.94011
0.36086 0.93948
0.36136 0.93884
0.36186 0.93821
0.36236 0.93758
0.36286 0.93694
0.36336 0.93631
0.36386 0.93568
0.36436 0.93504
0.36486 0.93441
0.36537 0.93378
0.36587 0.93315
0.36637 0.93252
0.36687 0.93188
0.36737 0.93125
0.36787 0.93062
0.36837 0.92999
0.36887 0.92936
0.36937 0.92873
0.36987 0.9281
0.37037 0.92747
0.37087 0.92684
0.37137 0.92621
0.37187 0.92558
0.37237 0.92496
0.37287 0.92433
0.37337 0.9237
0.37387 0.92307
0.37437 0.92245
0.37487 0.92182
0.37538 0.92119
0.37588 0.92057
0.37638 0.91994
0.37688 0.91932
0.37738 0.91869
0.37788 0.91807
0.37838 0.91744
0.37888 0.91682
0.37938 0.9162
0.37988 0.91557
0.38038 0.91495
0.38088 0.91433
0.38138 0.91371
0.38188 0.91309
0.38238 0.91247
0.38288 0.91185
0.38338 0.91123
0.38388 0.91061
0.38438 0.90999
0.38488 0.90937
0.38539 0.90875
0.38589 0.90813
0.38639 0.90751
0.38689 0.9069
0.38739 0.90628
0.38789 0.90566
0.38839 0.90505
0.38889 0.90443
0.38939 0.90382
0.38989 0.9032
0.39039 0.90259
0.39089 0.90198
0.39139 0.90137
0.39189 0.90075
0.39239 0.90014
0.39289 0.89953
0.39339 0.89892
0.39389 0.89831
0.39439 0.8977
0.39489 0.89709
0.3954 0.89648
0.3959 0.89587
0.3964 0.89527
0.3969 0.89466
0.3974 0.89405
0.3979 0.89345
0.3984 0.89284
0.3989 0.89224
0.3994 0.89163
0.3999 0.89103
0.4004 0.89043
0.4009 0.88982
0.4014 0.88922
0.4019 0.88862
0.4024 0.88802
0.4029 0.88742
0.4034 0.88682
0.4039 0.88622
0.4044 0.88562
0.4049 0.88503
0.40541 0.88443
0.40591 0.88383
0.40641 0.88324
0.40691 0.88264
0.40741 0.88205
0.40791 0.88146
0.40841 0.88086
0.40891 0.88027
0.40941 0.87968
0.40991 0.87909
0.41041 0.8785
0.41091 0.87791
0.41141 0.87732
0.41191 0.87673
0.41241 0.87614
0.41291 0.87556
0.41341 0.87497
0.41391 0.87438
0.41441 0.8738
0.41491 0.87322
0.41542 0.87263
0.41592 0.87205
0.41642 0.87147
0.41692 0.87089
0.41742 0.87031
0.41792 0.86973
0.41842 0.86915
0.41892 0.86857
0.41942 0.86799
0.41992 0.86742
0.42042 0.86684
0.42092 0.86627
0.42142 0.86569
0.42192 0.86512
0.42242 0.86455
0.42292 0.86397
0.42342 0.8634
0.42392 0.86283
0.42442 0.86226
0.42492 0.8617
0.42543 0.86113
0.42593 0.86056
0.42643 0.86
0.42693 0.85943
0.42743 0.85887
0.42793 0.8583
0.42843 0.85774
0.42893 0.85718
0.42943 0.85662
0.42993 0.85606
0.43043 0.8555
0.43093 0.85494
0.43143 0.85438
0.43193 0.85383
0.43243 0.85327
0.43293 0.85272
0.43343 0.85216
0.43393 0.85161
0.43443 0.85106
0.43493 0.85051
0.43544 0.84996
0.43594 0.84941
0.43644 0.84886
0.43694 0.84831
0.43744 0.84777
0.43794 0.84722
0.43844 0.84668
0.43894 0.84613
0.43944 0.84559
0.43994 0.84505
0.44044 0.84451
0.44094 0.84397
0.44144 0.84343
0.44194 0.8429
0.44244 0.84236
0.44294 0.84182
0.44344 0.84129
0.44394 0.84076
0.44444 0.84022
0.44494 0.83969
0.44545 0.83916
0.44595 0.83863
0.44645 0.83811
0.44695 0.83758
0.44745 0.83705
0.44795 0.83653
0.44845 0.836
0.44895 0.83548
0.44945 0.83496
0.44995 0.83444
0.45045 0.83392
0.45095 0.8334
0.45145 0.83288
0.45195 0.83237
0.45245 0.83185
0.45295 0.83134
0.45345 0.83083
0.45395 0.83031
0.45445 0.8298
0.45495 0.82929
0.45546 0.82879
0.45596 0.82828
0.45646 0.82777
0.45696 0.82727
0.45746 0.82676
0.45796 0.82626
0.45846 0.82576
0.45896 0.82526
0.45946 0.82476
0.45996 0.82426
0.46046 0.82377
0.46096 0.82327
0.46146 0.82278
0.46196 0.82229
0.46246 0.82179
0.46296 0.8213
0.46346 0.82081
0.46396 0.82033
0.46446 0.81984
0.46496 0.81935
0.46547 0.81887
0.46597 0.81839
0.46647 0.81791
0.46697 0.81743
0.46747 0.81695
0.46797 0.81647
0.46847 0.81599
0.46897 0.81552
0.46947 0.81504
0.46997 0.81457
0.47047 0.8141
0.47097 0.81363
0.47147 0.81316
0.47197 0.8127
0.47247 0.81223
0.47297 0.81177
0.47347 0.8113
0.47397 0.81084
0.47447 0.81038
0.47497 0.80992
0.47548 0.80946
0.47598 0.80901
0.47648 0.80855
0.47698 0.8081
0.47748 0.80765
0.47798 0.8072
0.47848 0.80675
0.47898 0.8063
0.47948 0.80585
0.47998 0.80541
0.48048 0.80497
0.48098 0.80452
0.48148 0.80408
0.48198 0.80364
0.48248 0.80321
0.48298 0.80277
0.48348 0.80234
0.48398 0.8019
0.48448 0.80147
0.48498 0.80104
0.48549 0.80061
0.48599 0.80018
0.48649 0.79976
0.48699 0.79933
0.48749 0.79891
0.48799 0.79849
0.48849 0.79807
0.48899 0.79765
0.48949 0.79724
0.48999 0.79682
0.49049 0.79641
0.49099 0.796
0.49149 0.79559
0.49199 0.79518
0.49249 0.79477
0.49299 0.79437
0.49349 0.79396
0.49399 0.79356
0.49449 0.79316
0.49499 0.79276
0.4955 0.79236
0.496 0.79197
0.4965 0.79157
0.497 0.79118
0.4975 0.79079
0.498 0.7904
0.4985 0.79001
0.499 0.78963
0.4995 0.78924
0.5 0.78886
0.5005 0.78848
0.501 0.7881
0.5015 0.78773
0.502 0.78735
0.5025 0.78698
0.503 0.7866
0.5035 0.78623
0.504 0.78586
0.5045 0.7855
0.50501 0.78513
0.50551 0.78477
0.50601 0.78441
0.50651 0.78405
0.50701 0.78369
0.50751 0.78333
0.50801 0.78298
0.50851 0.78263
0.50901 0.78228
0.50951 0.78193
0.51001 0.78158
0.51051 0.78124
0.51101 0.78089
0.51151 0.78055
0.51201 0.78021
0.51251 0.77987
0.51301 0.77954
0.51351 0.7792
0.51401 0.77887
0.51451 0.77854
0.51502 0.77821
0.51552 0.77789
0.51602 0.77756
0.51652 0.77724
0.51702 0.77692
0.51752 0.7766
0.51802 0.77628
0.51852 0.77597
0.51902 0.77565
0.51952 0.77534
0.52002 0.77503
0.52052 0.77473
0.52102 0.77442
0.52152 0.77412
0.52202 0.77382
0.52252 0.77352
0.52302 0.77322
0.52352 0.77293
0.52402 0.77263
0.52452 0.77234
0.52503 0.77205
0.52553 0.77177
0.52603 0.77148
0.52653 0.7712
0.52703 0.77092
0.52753 0.77064
0.52803 0.77036
0.52853 0.77009
0.52903 0.76982
0.52953 0.76955
0.53003 0.76928
0.53053 0.76901
0.53103 0.76875
0.53153 0.76849
0.53203 0.76823
0.53253 0.76797
0.53303 0.76772
0.53353 0.76746
0.53403 0.76721
0.53453 0.76697
0.53504 0.76672
0.53554 0.76648
0.53604 0.76623
0.53654 0.76599
0.53704 0.76576
0.53754 0.76552
0.53804 0.76529
0.53854 0.76506
0.53904 0.76483
0.53954 0.7646
0.54004 0.76438
0.54054 0.76416
0.54104 0.76394
0.54154 0.76372
0.54204 0.76351
0.54254 0.7633
0.54304 0.76309
0.54354 0.76288
0.54404 0.76268
0.54454 0.76247
0.54505 0.76227
0.54555 0.76208
0.54605 0.76188
0.54655 0.76169
0.54705 0.7615
0.54755 0.76131
0.54805 0.76112
0.54855 0.76094
0.54905 0.76076
0.54955 0.76058
0.55005 0.7604
0.55055 0.76023
0.55105 0.76006
0.55155 0.75989
0.55205 0.75973
0.55255 0.75956
0.55305 0.7594
0.55355 0.75924
0.55405 0.75909
0.55455 0.75893
0.55506 0.75878
0.55556 0.75864
0.55606 0.75849
0.55656 0.75835
0.55706 0.75821
0.55756 0.75807
0.55806 0.75794
0.55856 0.7578
0.55906 0.75767
0.55956 0.75755
0.56006 0.75742
0.56056 0.7573
0.56106 0.75718
0.56156 0.75706
0.56206 0.75695
0.56256 0.75684
0.56306 0.75673
0.56356 0.75663
0.56406 0.75652
0.56456 0.75642
0.56507 0.75633
0.56557 0.75623
0.56607 0.75614
0.56657 0.75605
0.56707 0.75597
0.56757 0.75588
0.56807 0.7558
0.56857 0.75573
0.56907 0.75565
0.56957 0.75558
0.57007 0.75551
0.57057 0.75545
0.57107 0.75538
0.57157 0.75532
0.57207 0.75527
0.57257 0.75521
0.57307 0.75516
0.57357 0.75511
0.57407 0.75507
0.57457 0.75502
0.57508 0.75498
0.57558 0.75495
0.57608 0.75492
0.57658 0.75488
0.57708 0.75486
0.57758 0.75483
0.57808 0.75481
0.57858 0.75479
0.57908 0.75478
0.57958 0.75477
0.58008 0.75476
0.58058 0.75475
0.58108 0.75475
0.58158 0.75475
0.58208 0.75475
0.58258 0.75476
0.58308 0.75477
0.58358 0.75479
0.58408 0.7548
0.58458 0.75482
0.58509 0.75484
0.58559 0.75487
0.58609 0.7549
0.58659 0.75493
0.58709 0.75497
0.58759 0.75501
0.58809 0.75505
0.58859 0.7551
0.58909 0.75515
0.58959 0.7552
0.59009 0.75526
0.59059 0.75531
0.59109 0.75538
0.59159 0.75544
0.59209 0.75551
0.59259 0.75559
0.59309 0.75566
0.59359 0.75574
0.59409 0.75583
0.59459 0.75591
0.5951 0.756
0.5956 0.7561
0.5961 0.75619
0.5966 0.7563
0.5971 0.7564
0.5976 0.75651
0.5981 0.75662
0.5986 0.75674
0.5991 0.75685
0.5996 0.75698
0.6001 0.7571
0.6006 0.75723
0.6011 0.75737
0.6016 0.7575
0.6021 0.75764
0.6026 0.75779
0.6031 0.75794
0.6036 0.75809
0.6041 0.75824
0.6046 0.7584
0.60511 0.75857
0.60561 0.75873
0.60611 0.7589
0.60661 0.75908
0.60711 0.75926
0.60761 0.75944
0.60811 0.75963
0.60861 0.75982
0.60911 0.76001
0.60961 0.76021
0.61011 0.76041
0.61061 0.76061
0.61111 0.76082
0.61161 0.76104
0.61211 0.76126
0.61261 0.76148
0.61311 0.7617
0.61361 0.76193
0.61411 0.76217
0.61461 0.76241
0.61512 0.76265
0.61562 0.76289
0.61612 0.76314
0.61662 0.7634
0.61712 0.76366
0.61762 0.76392
0.61812 0.76419
0.61862 0.76446
0.61912 0.76473
0.61962 0.76501
0.62012 0.76529
0.62062 0.76558
0.62112 0.76588
0.62162 0.76617
0.62212 0.76647
0.62262 0.76678
0.62312 0.76709
0.62362 0.7674
0.62412 0.76772
0.62462 0.76804
0.62513 0.76837
0.62563 0.7687
0.62613 0.76904
0.62663 0.76938
0.62713 0.76972
0.62763 0.77007
0.62813 0.77043
0.62863 0.77078
0.62913 0.77115
0.62963 0.77151
0.63013 0.77189
0.63063 0.77226
0.63113 0.77265
0.63163 0.77303
0.63213 0.77342
0.63263 0.77382
0.63313 0.77422
0.63363 0.77462
0.63413 0.77503
0.63463 0.77545
0.63514 0.77587
0.63564 0.77629
0.63614 0.77672
0.63664 0.77715
0.63714 0.77759
0.63764 0.77803
0.63814 0.77848
0.63864 0.77893
0.63914 0.77939
0.63964 0.77985
0.64014 0.78032
0.64064 0.78079
0.64114 0.78127
0.64164 0.78176
0.64214 0.78224
0.64264 0.78274
0.64314 0.78323
0.64364 0.78374
0.64414 0.78424
0.64464 0.78476
0.64515 0.78528
0.64565 0.7858
0.64615 0.78633
0.64665 0.78686
0.64715 0.7874
0.64765 0.78794
0.64815 0.78849
0.64865 0.78905
0.64915 0.78961
0.64965 0.79017
0.65015 0.79074
0.65065 0.79132
0.65115 0.7919
0.65165 0.79249
0.65215 0.79308
0.65265 0.79368
0.65315 0.79428
0.65365 0.79489
0.65415 0.7955
0.65465 0.79612
0.65516 0.79674
0.65566 0.79737
0.65616 0.79801
0.65666 0.79865
0.65716 0.7993
0.65766 0.79995
0.65816 0.80061
0.65866 0.80127
0.65916 0.80194
0.65966 0.80261
0.66016 0.8033
0.66066 0.80398
0.66116 0.80467
0.66166 0.80537
0.66216 0.80607
0.66266 0.80678
0.66316 0.8075
0.66366 0.80822
0.66416 0.80895
0.66466 0.80968
0.66517 0.81042
0.66567 0.81116
0.66617 0.81191
0.66667 0.81267
0.66717 0.81343
0.66767 0.8142
0.66817 0.81497
0.66867 0.81575
0.66917 0.81654
0.66967 0.81733
0.67017 0.81813
0.67067 0.81893
0.67117 0.81974
0.67167 0.82056
0.67217 0.82138
0.67267 0.82221
0.67317 0.82304
0.67367 0.82388
0.67417 0.82473
0.67467 0.82558
0.67518 0.82644
0.67568 0.82731
0.67618 0.82818
0.67668 0.82905
0.67718 0.82994
0.67768 0.83083
0.67818 0.83172
0.67868 0.83263
0.67918 0.83354
0.67968 0.83445
0.68018 0.83537
0.68068 0.8363
0.68118 0.83724
0.68168 0.83818
0.68218 0.83912
0.68268 0.84008
0.68318 0.84104
0.68368 0.842
0.68418 0.84298
0.68468 0.84396
0.68519 0.84494
0.68569 0.84594
0.68619 0.84693
0.68669 0.84794
0.68719 0.84895
0.68769 0.84997
0.68819 0.85099
0.68869 0.85203
0.68919 0.85306
0.68969 0.85411
0.69019 0.85516
0.69069 0.85622
0.69119 0.85728
0.69169 0.85835
0.69219 0.85943
0.69269 0.86051
0.69319 0.86161
0.69369 0.8627
0.69419 0.86381
0.69469 0.86492
0.6952 0.86604
0.6957 0.86716
0.6962 0.86829
0.6967 0.86943
0.6972 0.87057
0.6977 0.87172
0.6982 0.87288
0.6987 0.87404
0.6992 0.87521
0.6997 0.87639
0.7002 0.87758
0.7007 0.87877
0.7012 0.87997
0.7017 0.88117
0.7022 0.88238
0.7027 0.8836
0.7032 0.88482
0.7037 0.88605
0.7042 0.88729
0.7047 0.88854
0.70521 0.88979
0.70571 0.89105
0.70621 0.89231
0.70671 0.89358
0.70721 0.89486
0.70771 0.89615
0.70821 0.89744
0.70871 0.89874
0.70921 0.90004
0.70971 0.90135
0.71021 0.90267
0.71071 0.904
0.71121 0.90533
0.71171 0.90667
0.71221 0.90801
0.71271 0.90936
0.71321 0.91072
0.71371 0.91209
0.71421 0.91346
0.71471 0.91484
0.71522 0.91622
0.71572 0.91761
0.71622 0.91901
0.71672 0.92041
0.71722 0.92182
0.71772 0.92324
0.71822 0.92466
0.71872 0.92609
0.71922 0.92753
0.71972 0.92897
0.72022 0.93042
0.72072 0.93188
0.72122 0.93334
0.72172 0.93481
0.72222 0.93629
0.72272 0.93777
0.72322 0.93925
0.72372 0.94075
0.72422 0.94225
0.72472 0.94376
0.72523 0.94527
0.72573 0.94679
0.72623 0.94831
0.72673 0.94984
0.72723 0.95138
0.72773 0.95292
0.72823 0.95447
0.72873 0.95603
0.72923 0.95759
0.72973 0.95915
0.73023 0.96073
0.73073 0.9623
0.73123 0.96389
0.73173 0.96548
0.73223 0.96707
0.73273 0.96868
0.73323 0.97028
0.73373 0.9719
0.73423 0.97351
0.73473 0.97514
0.73524 0.97677
0.73574 0.9784
0.73624 0.98004
0.73674 0.98169
0.73724 0.98334
0.73774 0.98499
0.73824 0.98665
0.73874 0.98832
0.73924 0.98999
0.73974 0.99167
0.74024 0.99335
0.74074 0.99503
0.74124 0.99673
0.74174 0.99842
0.74224 1.0001
0.74274 1.0018
0.74324 1.0035
0.74374 1.0053
0.74424 1.007
0.74474 1.0087
0.74525 1.0104
0.74575 1.0122
0.74625 1.0139
0.74675 1.0156
0.74725 1.0174
0.74775 1.0191
0.74825 1.0209
0.74875 1.0226
0.74925 1.0244
0.74975 1.0262
0.75025 1.0279
0.75075 1.0297
0.75125 1.0315
0.75175 1.0332
0.75225 1.035
0.75275 1.0368
0.75325 1.0386
0.75375 1.0404
0.75425 1.0422
0.75475 1.044
0.75526 1.0458
0.75576 1.0476
0.75626 1.0494
0.75676 1.0512
0.75726 1.053
0.75776 1.0548
0.75826 1.0566
0.75876 1.0584
0.75926 1.0603
0.75976 1.0621
0.76026 1.0639
0.76076 1.0657
0.76126 1.0676
0.76176 1.0694
0.76226 1.0712
0.76276 1.073
0.76326 1.0749
0.76376 1.0767
0.76426 1.0785
0.76476 1.0804
0.76527 1.0822
0.76577 1.084
0.76627 1.0859
0.76677 1.0877
0.76727 1.0896
0.76777 1.0914
0.76827 1.0932
0.76877 1.0951
0.76927 1.0969
0.76977 1.0988
0.77027 1.1006
0.77077 1.1024
0.77127 1.1043
0.77177 1.1061
0.77227 1.1079
0.77277 1.1098
0.77327 1.1116
0.77377 1.1134
0.77427 1.1153
0.77477 1.1171
0.77528 1.1189
0.77578 1.1208
0.77628 1.1226
0.77678 1.1244
0.77728 1.1262
0.77778 1.128
0.77828 1.1299
0.77878 1.1317
0.77928 1.1335
0.77978 1.1353
0.78028 1.1371
0.78078 1.1389
0.78128 1.1407
0.78178 1.1425
0.78228 1.1443
0.78278 1.1461
0.78328 1.1479
0.78378 1.1497
0.78428 1.1514
0.78478 1.1532
0.78529 1.155
0.78579 1.1568
0.78629 1.1585
0.78679 1.1603
0.78729 1.162
0.78779 1.1638
0.78829 1.1655
0.78879 1.1673
0.78929 1.169
0.78979 1.1707
0.79029 1.1724
0.79079 1.1742
0.79129 1.1759
0.79179 1.1776
0.79229 1.1793
0.79279 1.181
0.79329 1.1827
0.79379 1.1844
0.79429 1.186
0.79479 1.1877
0.7953 1.1894
0.7958 1.191
0.7963 1.1927
0.7968 1.1943
0.7973 1.1959
0.7978 1.1976
0.7983 1.1992
0.7988 1.2008
0.7993 1.2024
0.7998 1.204
0.8003 1.2056
0.8008 1.2072
0.8013 1.2088
0.8018 1.2103
0.8023 1.2119
0.8028 1.2134
0.8033 1.215
0.8038 1.2165
0.8043 1.218
0.8048 1.2195
0.80531 1.221
0.80581 1.2225
0.80631 1.224
0.80681 1.2255
0.80731 1.227
0.80781 1.2284
0.80831 1.2299
0.80881 1.2313
0.80931 1.2327
0.80981 1.2342
0.81031 1.2356
0.81081 1.237
0.81131 1.2384
0.81181 1.2398
0.81231 1.2411
0.81281 1.2425
0.81331 1.2438
0.81381 1.2452
0.81431 1.2465
0.81481 1.2478
0.81532 1.2491
0.81582 1.2504
0.81632 1.2517
0.81682 1.253
0.81732 1.2543
0.81782 1.2555
0.81832 1.2568
0.81882 1.258
0.81932 1.2592
0.81982 1.2604
0.82032 1.2616
0.82082 1.2628
0.82132 1.264
0.82182 1.2652
0.82232 1.2663
0.82282 1.2674
0.82332 1.2686
0.82382 1.2697
0.82432 1.2708
0.82482 1.2719
0.82533 1.273
0.82583 1.2741
0.82633 1.2751
0.82683 1.2762
0.82733 1.2772
0.82783 1.2783
0.82833 1.2793
0.82883 1.2803
0.82933 1.2813
0.82983 1.2822
0.83033 1.2832
0.83083 1.2842
0.83133 1.2851
0.83183 1.2861
0.83233 1.287
0.83283 1.2879
0.83333 1.2888
0.83383 1.2897
0.83433 1.2906
0.83483 1.2914
0.83534 1.2923
0.83584 1.2931
0.83634 1.294
0.83684 1.2948
0.83734 1.2956
0.83784 1.2964
0.83834 1.2972
0.83884 1.2979
0.83934 1.2987
0.83984 1.2995
0.84034 1.3002
0.84084 1.3009
0.84134 1.3016
0.84184 1.3023
0.84234 1.303
0.84284 1.3037
0.84334 1.3044
0.84384 1.3051
0.84434 1.3057
0.84484 1.3064
0.84535 1.307
0.84585 1.3076
0.84635 1.3082
0.84685 1.3088
0.84735 1.3094
0.84785 1.31
0.84835 1.3105
0.84885 1.3111
0.84935 1.3116
0.84985 1.3122
0.85035 1.3127
0.85085 1.3132
0.85135 1.3137
0.85185 1.3142
0.85235 1.3147
0.85285 1.3152
0.85335 1.3156
0.85385 1.3161
0.85435 1.3165
0.85485 1.317
0.85536 1.3174
0.85586 1.3178
0.85636 1.3182
0.85686 1.3186
0.85736 1.319
0.85786 1.3194
0.85836 1.3198
0.85886 1.3201
0.85936 1.3205
0.85986 1.3208
0.86036 1.3211
0.86086 1.3215
0.86136 1.3218
0.86186 1.3221
0.86236 1.3224
0.86286 1.3227
0.86336 1.323
0.86386 1.3232
0.86436 1.3235
0.86486 1.3238
0.86537 1.324
0.86587 1.3243
0.86637 1.3245
0.86687 1.3247
0.86737 1.3249
0.86787 1.3251
0.86837 1.3253
0.86887 1.3255
0.86937 1.3257
0.86987 1.3259
0.87037 1.3261
0.87087 1.3263
0.87137 1.3264
0.87187 1.3266
0.87237 1.3267
0.87287 1.3268
0.87337 1.327
0.87387 1.3271
0.87437 1.3272
0.87487 1.3273
0.87538 1.3274
0.87588 1.3275
0.87638 1.3276
0.87688 1.3277
0.87738 1.3278
0.87788 1.3279
0.87838 1.3279
0.87888 1.328
0.87938 1.3281
0.87988 1.3281
0.88038 1.3282
0.88088 1.3282
0.88138 1.3282
0.88188 1.3283
0.88238 1.3283
0.88288 1.3283
0.88338 1.3283
0.88388 1.3283
0.88438 1.3283
0.88488 1.3283
0.88539 1.3283
0.88589 1.3283
0.88639 1.3283
0.88689 1.3283
0.88739 1.3282
0.88789 1.3282
0.88839 1.3282
0.88889 1.3281
0.88939 1.3281
0.88989 1.328
0.89039 1.328
0.89089 1.3279
0.89139 1.3279
0.89189 1.3278
0.89239 1.3277
0.89289 1.3277
0.89339 1.3276
0.89389 1.3275
0.89439 1.3274
0.89489 1.3273
0.8954 1.3272
0.8959 1.3271
0.8964 1.327
0.8969 1.3269
0.8974 1.3268
0.8979 1.3267
0.8984 1.3266
0.8989 1.3265
0.8994 1.3264
0.8999 1.3262
0.9004 1.3261
0.9009 1.326
0.9014 1.3259
0.9019 1.3257
0.9024 1.3256
0.9029 1.3254
0.9034 1.3253
0.9039 1.3252
0.9044 1.325
0.9049 1.3249
0.90541 1.3247
0.90591 1.3245
0.90641 1.3244
0.90691 1.3242
0.90741 1.3241
0.90791 1.3239
0.90841 1.3237
0.90891 1.3236
0.90941 1.3234
0.90991 1.3232
0.91041 1.323
0.91091 1.3229
0.91141 1.3227
0.91191 1.3225
0.91241 1.3223
0.91291 1.3221
0.91341 1.3219
0.91391 1.3217
0.91441 1.3216
0.91491 1.3214
0.91542 1.3212
0.91592 1.321
0.91642 1.3208
0.91692 1.3206
0.91742 1.3204
0.91792 1.3202
0.91842 1.32
0.91892 1.3197
0.91942 1.3195
0.91992 1.3193
0.92042 1.3191
0.92092 1.3189
0.92142 1.3187
0.92192 1.3185
0.92242 1.3183
0.92292 1.318
0.92342 1.3178
0.92392 1.3176
0.92442 1.3174
0.92492 1.3172
0.92543 1.3169
0.92593 1.3167
0.92643 1.3165
0.92693 1.3163
0.92743 1.316
0.92793 1.3158
0.92843 1.3156
0.92893 1.3153
0.92943 1.3151
0.92993 1.3149
0.93043 1.3146
0.93093 1.3144
0.93143 1.3142
0.93193 1.3139
0.93243 1.3137
0.93293 1.3135
0.93343 1.3132
0.93393 1.313
0.93443 1.3128
0.93493 1.3125
0.93544 1.3123
0.93594 1.312
0.93644 1.3118
0.93694 1.3116
0.93744 1.3113
0.93794 1.3111
0.93844 1.3108
0.93894 1.3106
0.93944 1.3103
0.93994 1.3101
0.94044 1.3098
0.94094 1.3096
0.94144 1.3093
0.94194 1.3091
0.94244 1.3089
0.94294 1.3086
0.94344 1.3084
0.94394 1.3081
0.94444 1.3079
0.94494 1.3076
0.94545 1.3074
0.94595 1.3071
0.94645 1.3069
0.94695 1.3066
0.94745 1.3064
0.94795 1.3061
0.94845 1.3059
0.94895 1.3056
0.94945 1.3053
0.94995 1.3051
0.95045 1.3048
0.95095 1.3046
0.95145 1.3043
0.95195 1.3041
0.95245 1.3038
0.95295 1.3036
0.95345 1.3033
0.95395 1.3031
0.95445 1.3028
0.95495 1.3026
0.95546 1.3023
0.95596 1.302
0.95646 1.3018
0.95696 1.3015
0.95746 1.3013
0.95796 1.301
0.95846 1.3008
0.95896 1.3005
0.95946 1.3003
0.95996 1.3
0.96046 1.2998
0.96096 1.2995
0.96146 1.2992
0.96196 1.299
0.96246 1.2987
0.96296 1.2985
0.96346 1.2982
0.96396 1.298
0.96446 1.2977
0.96496 1.2974
0.96547 1.2972
0.96597 1.2969
0.96647 1.2967
0.96697 1.2964
0.96747 1.2962
0.96797 1.2959
0.96847 1.2956
0.96897 1.2954
0.96947 1.2951
0.96997 1.2949
0.97047 1.2946
0.97097 1.2944
0.97147 1.2941
0.97197 1.2939
0.97247 1.2936
0.97297 1.2933
0.97347 1.2931
0.97397 1.2928
0.97447 1.2926
0.97497 1.2923
0.97548 1.2921
0.97598 1.2918
0.97648 1.2915
0.97698 1.2913
0.97748 1.291
0.97798 1.2908
0.97848 1.2905
0.97898 1.2903
0.97948 1.29
0.97998 1.2897
0.98048 1.2895
0.98098 1.2892
0.98148 1.289
0.98198 1.2887
0.98248 1.2885
0.98298 1.2882
0.98348 1.2879
0.98398 1.2877
0.98448 1.2874
0.98498 1.2872
0.98549 1.2869
0.98599 1.2867
0.98649 1.2864
0.98699 1.2861
0.98749 1.2859
0.98799 1.2856
0.98849 1.2854
0.98899 1.2851
0.98949 1.2849
0.98999 1.2846
0.99049 1.2843
0.99099 1.2841
0.99149 1.2838
0.99199 1.2836
0.99249 1.2833
0.99299 1.283
0.99349 1.2828
0.99399 1.2825
0.99449 1.2823
0.99499 1.282
0.9955 1.2818
0.996 1.2815
0.9965 1.2812
0.997 1.281
0.9975 1.2807
0.998 1.2805
0.9985 1.2802
0.999 1.28
0.9995 1.2797
1 1.2794
