time energy 
0 0.6551
0.0005005 0.65572
0.001001 0.65634
0.0015015 0.65698
0.002002 0.65762
0.0025025 0.65827
0.003003 0.65893
0.0035035 0.6596
0.004004 0.66028
0.0045045 0.66097
0.005005 0.66166
0.0055055 0.66237
0.006006 0.66308
0.0065065 0.66381
0.007007 0.66454
0.0075075 0.66529
0.008008 0.66604
0.0085085 0.6668
0.009009 0.66757
0.0095095 0.66835
0.01001 0.66915
0.010511 0.66995
0.011011 0.67076
0.011512 0.67158
0.012012 0.67241
0.012513 0.67325
0.013013 0.6741
0.013514 0.67496
0.014014 0.67583
0.014515 0.67671
0.015015 0.6776
0.015516 0.6785
0.016016 0.67941
0.016517 0.68033
0.017017 0.68126
0.017518 0.6822
0.018018 0.68314
0.018519 0.6841
0.019019 0.68507
0.01952 0.68605
0.02002 0.68704
0.020521 0.68804
0.021021 0.68905
0.021522 0.69007
0.022022 0.69109
0.022523 0.69213
0.023023 0.69318
0.023524 0.69424
0.024024 0.6953
0.024525 0.69638
0.025025 0.69747
0.025526 0.69856
0.026026 0.69967
0.026527 0.70078
0.027027 0.7019
0.027528 0.70304
0.028028 0.70418
0.028529 0.70533
0.029029 0.70649
0.02953 0.70766
0.03003 0.70884
0.030531 0.71003
0.031031 0.71122
0.031532 0.71243
0.032032 0.71364
0.032533 0.71487
0.033033 0.7161
0.033534 0.71734
0.034034 0.71859
0.034535 0.71984
0.035035 0.72111
0.035536 0.72238
0.036036 0.72366
0.036537 0.72495
0.037037 0.72625
0.037538 0.72756
0.038038 0.72887
0.038539 0.7302
0.039039 0.73153
0.03954 0.73287
0.04004 0.73421
0.040541 0.73557
0.041041 0.73693
0.041542 0.7383
0.042042 0.73967
0.042543 0.74106
0.043043 0.74245
0.043544 0.74385
0.044044 0.74526
0.044545 0.74668
0.045045 0.7481
0.045546 0.74953
0.046046 0.75097
0.046547 0.75241
0.047047 0.75386
0.047548 0.75533
0.048048 0.75679
0.048549 0.75827
0.049049 0.75975
0.04955 0.76124
0.05005 0.76274
0.050551 0.76425
0.051051 0.76576
0.051552 0.76728
0.052052 0.76881
0.052553 0.77035
0.053053 0.7719
0.053554 0.77345
0.054054 0.77502
0.054555 0.77659
0.055055 0.77817
0.055556 0.77975
0.056056 0.78135
0.056557 0.78296
0.057057 0.78457
0.057558 0.78619
0.058058 0.78783
0.058559 0.78947
0.059059 0.79112
0.05956 0.79279
0.06006 0.79446
0.060561 0.79614
0.061061 0.79783
0.061562 0.79954
0.062062 0.80125
0.062563 0.80298
0.063063 0.80471
0.063564 0.80646
0.064064 0.80822
0.064565 0.81
0.065065 0.81178
0.065566 0.81358
0.066066 0.81539
0.066567 0.81721
0.067067 0.81905
0.067568 0.8209
0.068068 0.82276
0.068569 0.82464
0.069069 0.82653
0.06957 0.82844
0.07007 0.83036
0.070571 0.8323
0.071071 0.83425
0.071572 0.83622
0.072072 0.83821
0.072573 0.84021
0.073073 0.84223
0.073574 0.84427
0.074074 0.84632
0.074575 0.84839
0.075075 0.85048
0.075576 0.85258
0.076076 0.8547
0.076577 0.85685
0.077077 0.85901
0.077578 0.86119
0.078078 0.86338
0.078579 0.8656
0.079079 0.86784
0.07958 0.87009
0.08008 0.87237
0.080581 0.87466
0.081081 0.87697
0.081582 0.87931
0.082082 0.88166
0.082583 0.88403
0.083083 0.88643
0.083584 0.88884
0.084084 0.89127
0.084585 0.89372
0.085085 0.8962
0.085586 0.89869
0.086086 0.9012
0.086587 0.90373
0.087087 0.90628
0.087588 0.90885
0.088088 0.91144
0.088589 0.91405
0.089089 0.91668
0.08959 0.91933
0.09009 0.922
0.090591 0.92468
0.091091 0.92739
0.091592 0.93011
0.092092 0.93285
0.092593 0.93561
0.093093 0.93839
0.093594 0.94119
0.094094 0.944
0.094595 0.94683
0.095095 0.94968
0.095596 0.95255
0.096096 0.95543
0.096597 0.95833
0.097097 0.96124
0.097598 0.96418
0.098098 0.96713
0.098599 0.97009
0.099099 0.97307
0.0996 0.97607
0.1001 0.97909
0.1006 0.98212
0.1011 0.98516
0.1016 0.98822
0.1021 0.9913
0.1026 0.99439
0.1031 0.9975
0.1036 1.0006
0.1041 1.0038
0.1046 1.0069
0.10511 1.0101
0.10561 1.0133
0.10611 1.0165
0.10661 1.0197
0.10711 1.0229
0.10761 1.0262
0.10811 1.0294
0.10861 1.0327
0.10911 1.036
0.10961 1.0393
0.11011 1.0426
0.11061 1.046
0.11111 1.0493
0.11161 1.0527
0.11211 1.0561
0.11261 1.0595
0.11311 1.0629
0.11361 1.0663
0.11411 1.0698
0.11461 1.0732
0.11512 1.0767
0.11562 1.0802
0.11612 1.0837
0.11662 1.0873
0.11712 1.0908
0.11762 1.0944
0.11812 1.0979
0.11862 1.1015
0.11912 1.1051
0.11962 1.1088
0.12012 1.1124
0.12062 1.1161
0.12112 1.1197
0.12162 1.1234
0.12212 1.1271
0.12262 1.1309
0.12312 1.1346
0.12362 1.1384
0.12412 1.1421
0.12462 1.1459
0.12513 1.1497
0.12563 1.1535
0.12613 1.1574
0.12663 1.1612
0.12713 1.1651
0.12763 1.169
0.12813 1.1729
0.12863 1.1768
0.12913 1.1807
0.12963 1.1847
0.13013 1.1886
0.13063 1.1926
0.13113 1.1966
0.13163 1.2006
0.13213 1.2047
0.13263 1.2087
0.13313 1.2128
0.13363 1.2168
0.13413 1.2209
0.13463 1.225
0.13514 1.2292
0.13564 1.2333
0.13614 1.2374
0.13664 1.2416
0.13714 1.2458
0.13764 1.25
0.13814 1.2542
0.13864 1.2584
0.13914 1.2626
0.13964 1.2669
0.14014 1.2712
0.14064 1.2754
0.14114 1.2797
0.14164 1.2841
0.14214 1.2884
0.14264 1.2927
0.14314 1.2971
0.14364 1.3014
0.14414 1.3058
0.14464 1.3102
0.14515 1.3146
0.14565 1.319
0.14615 1.3235
0.14665 1.3279
0.14715 1.3324
0.14765 1.3369
0.14815 1.3413
0.14865 1.3458
0.14915 1.3504
0.14965 1.3549
0.15015 1.3594
0.15065 1.364
0.15115 1.3686
0.15165 1.3731
0.15215 1.3777
0.15265 1.3823
0.15315 1.387
0.15365 1.3916
0.15415 1.3963
0.15465 1.4009
0.15516 1.4056
0.15566 1.4103
0.15616 1.415
0.15666 1.4197
0.15716 1.4244
0.15766 1.4291
0.15816 1.4339
0.15866 1.4387
0.15916 1.4434
0.15966 1.4482
0.16016 1.453
0.16066 1.4578
0.16116 1.4627
0.16166 1.4675
0.16216 1.4723
0.16266 1.4772
0.16316 1.4821
0.16366 1.487
0.16416 1.4919
0.16466 1.4968
0.16517 1.5017
0.16567 1.5066
0.16617 1.5116
0.16667 1.5165
0.16717 1.5215
0.16767 1.5265
0.16817 1.5314
0.16867 1.5364
0.16917 1.5415
0.16967 1.5465
0.17017 1.5515
0.17067 1.5565
0.17117 1.5616
0.17167 1.5667
0.17217 1.5717
0.17267 1.5768
0.17317 1.5819
0.17367 1.587
0.17417 1.5921
0.17467 1.5972
0.17518 1.6023
0.17568 1.6075
0.17618 1.6126
0.17668 1.6178
0.17718 1.6229
0.17768 1.6281
0.17818 1.6333
0.17868 1.6385
0.17918 1.6436
0.17968 1.6488
0.18018 1.654
0.18068 1.6592
0.18118 1.6645
0.18168 1.6697
0.18218 1.6749
0.18268 1.6801
0.18318 1.6853
0.18368 1.6906
0.18418 1.6958
0.18468 1.7011
0.18519 1.7063
0.18569 1.7115
0.18619 1.7168
0.18669 1.722
0.18719 1.7273
0.18769 1.7325
0.18819 1.7378
0.18869 1.743
0.18919 1.7483
0.18969 1.7535
0.19019 1.7588
0.19069 1.764
0.19119 1.7692
0.19169 1.7745
0.19219 1.7797
0.19269 1.7849
0.19319 1.7901
0.19369 1.7953
0.19419 1.8005
0.19469 1.8057
0.1952 1.8109
0.1957 1.8161
0.1962 1.8213
0.1967 1.8264
0.1972 1.8316
0.1977 1.8367
0.1982 1.8418
0.1987 1.847
0.1992 1.8521
0.1997 1.8571
0.2002 1.8622
0.2007 1.8673
0.2012 1.8723
0.2017 1.8773
0.2022 1.8823
0.2027 1.8873
0.2032 1.8923
0.2037 1.8973
0.2042 1.9022
0.2047 1.9071
0.20521 1.912
0.20571 1.9168
0.20621 1.9216
0.20671 1.9264
0.20721 1.9312
0.20771 1.936
0.20821 1.9407
0.20871 1.9454
0.20921 1.95
0.20971 1.9547
0.21021 1.9592
0.21071 1.9638
0.21121 1.9683
0.21171 1.9728
0.21221 1.9773
0.21271 1.9817
0.21321 1.9861
0.21371 1.9905
0.21421 1.9948
0.21471 1.9991
0.21522 2.0033
0.21572 2.0076
0.21622 2.0117
0.21672 2.0159
0.21722 2.02
0.21772 2.0241
0.21822 2.0282
0.21872 2.0322
0.21922 2.0362
0.21972 2.0402
0.22022 2.0441
0.22072 2.048
0.22122 2.0519
0.22172 2.0557
0.22222 2.0595
0.22272 2.0633
0.22322 2.0671
0.22372 2.0708
0.22422 2.0745
0.22472 2.0782
0.22523 2.0819
0.22573 2.0855
0.22623 2.0891
0.22673 2.0926
0.22723 2.0962
0.22773 2.0997
0.22823 2.1032
0.22873 2.1066
0.22923 2.1101
0.22973 2.1135
0.23023 2.1169
0.23073 2.1202
0.23123 2.1235
0.23173 2.1268
0.23223 2.1301
0.23273 2.1334
0.23323 2.1366
0.23373 2.1398
0.23423 2.1429
0.23473 2.1461
0.23524 2.1492
0.23574 2.1523
0.23624 2.1553
0.23674 2.1583
0.23724 2.1613
0.23774 2.1643
0.23824 2.1672
0.23874 2.1701
0.23924 2.173
0.23974 2.1759
0.24024 2.1787
0.24074 2.1815
0.24124 2.1842
0.24174 2.1869
0.24224 2.1896
0.24274 2.1923
0.24324 2.1949
0.24374 2.1975
0.24424 2.2
0.24474 2.2026
0.24525 2.205
0.24575 2.2075
0.24625 2.2099
0.24675 2.2123
0.24725 2.2146
0.24775 2.2169
0.24825 2.2191
0.24875 2.2214
0.24925 2.2235
0.24975 2.2257
0.25025 2.2278
0.25075 2.2298
0.25125 2.2318
0.25175 2.2338
0.25225 2.2357
0.25275 2.2376
0.25325 2.2394
0.25375 2.2412
0.25425 2.2429
0.25475 2.2446
0.25526 2.2462
0.25576 2.2478
0.25626 2.2493
0.25676 2.2508
0.25726 2.2522
0.25776 2.2536
0.25826 2.2549
0.25876 2.2561
0.25926 2.2573
0.25976 2.2585
0.26026 2.2595
0.26076 2.2606
0.26126 2.2615
0.26176 2.2624
0.26226 2.2633
0.26276 2.264
0.26326 2.2647
0.26376 2.2654
0.26426 2.2659
0.26476 2.2665
0.26527 2.2669
0.26577 2.2673
0.26627 2.2676
0.26677 2.2678
0.26727 2.2679
0.26777 2.268
0.26827 2.268
0.26877 2.268
0.26927 2.2678
0.26977 2.2676
0.27027 2.2673
0.27077 2.2669
0.27127 2.2665
0.27177 2.2659
0.27227 2.2653
0.27277 2.2646
0.27327 2.2639
0.27377 2.263
0.27427 2.2621
0.27477 2.261
0.27528 2.2599
0.27578 2.2587
0.27628 2.2574
0.27678 2.2561
0.27728 2.2546
0.27778 2.2531
0.27828 2.2514
0.27878 2.2497
0.27928 2.2479
0.27978 2.246
0.28028 2.244
0.28078 2.2419
0.28128 2.2398
0.28178 2.2375
0.28228 2.2352
0.28278 2.2327
0.28328 2.2302
0.28378 2.2276
0.28428 2.2249
0.28478 2.222
0.28529 2.2192
0.28579 2.2162
0.28629 2.2131
0.28679 2.2099
0.28729 2.2067
0.28779 2.2033
0.28829 2.1999
0.28879 2.1963
0.28929 2.1927
0.28979 2.189
0.29029 2.1852
0.29079 2.1813
0.29129 2.1774
0.29179 2.1733
0.29229 2.1692
0.29279 2.1649
0.29329 2.1606
0.29379 2.1562
0.29429 2.1517
0.29479 2.1472
0.2953 2.1425
0.2958 2.1378
0.2963 2.133
0.2968 2.1281
0.2973 2.1232
0.2978 2.1181
0.2983 2.113
0.2988 2.1078
0.2993 2.1026
0.2998 2.0972
0.3003 2.0918
0.3008 2.0864
0.3013 2.0808
0.3018 2.0752
0.3023 2.0695
0.3028 2.0638
0.3033 2.058
0.3038 2.0522
0.3043 2.0462
0.3048 2.0403
0.30531 2.0342
0.30581 2.0281
0.30631 2.022
0.30681 2.0158
0.30731 2.0096
0.30781 2.0033
0.30831 1.997
0.30881 1.9906
0.30931 1.9842
0.30981 1.9777
0.31031 1.9712
0.31081 1.9647
0.31131 1.9581
0.31181 1.9515
0.31231 1.9449
0.31281 1.9382
0.31331 1.9315
0.31381 1.9248
0.31431 1.918
0.31481 1.9113
0.31532 1.9045
0.31582 1.8977
0.31632 1.8908
0.31682 1.884
0.31732 1.8771
0.31782 1.8703
0.31832 1.8634
0.31882 1.8565
0.31932 1.8496
0.31982 1.8427
0.32032 1.8358
0.32082 1.8289
0.32132 1.822
0.32182 1.8151
0.32232 1.8082
0.32282 1.8013
0.32332 1.7944
0.32382 1.7876
0.32432 1.7807
0.32482 1.7739
0.32533 1.767
0.32583 1.7602
0.32633 1.7534
0.32683 1.7466
0.32733 1.7398
0.32783 1.7331
0.32833 1.7264
0.32883 1.7197
0.32933 1.713
0.32983 1.7064
0.33033 1.6998
0.33083 1.6932
0.33133 1.6866
0.33183 1.6801
0.33233 1.6736
0.33283 1.6671
0.33333 1.6607
0.33383 1.6543
0.33433 1.648
0.33483 1.6417
0.33534 1.6354
0.33584 1.6292
0.33634 1.623
0.33684 1.6169
0.33734 1.6108
0.33784 1.6047
0.33834 1.5987
0.33884 1.5928
0.33934 1.5868
0.33984 1.581
0.34034 1.5752
0.34084 1.5694
0.34134 1.5637
0.34184 1.558
0.34234 1.5524
0.34284 1.5468
0.34334 1.5413
0.34384 1.5358
0.34434 1.5304
0.34484 1.525
0.34535 1.5197
0.34585 1.5144
0.34635 1.5092
0.34685 1.5041
0.34735 1.499
0.34785 1.4939
0.34835 1.4889
0.34885 1.484
0.34935 1.4791
0.34985 1.4742
0.35035 1.4694
0.35085 1.4647
0.35135 1.46
0.35185 1.4554
0.35235 1.4508
0.35285 1.4463
0.35335 1.4419
0.35385 1.4375
0.35435 1.4331
0.35485 1.4288
0.35536 1.4245
0.35586 1.4203
0.35636 1.4162
0.35686 1.4121
0.35736 1.408
0.35786 1.404
0.35836 1.4001
0.35886 1.3962
0.35936 1.3923
0.35986 1.3885
0.36036 1.3847
0.36086 1.381
0.36136 1.3774
0.36186 1.3737
0.36236 1.3702
0.36286 1.3666
0.36336 1.3632
0.36386 1.3597
0.36436 1.3563
0.36486 1.353
0.36537 1.3497
0.36587 1.3464
0.36637 1.3432
0.36687 1.34
0.36737 1.3368
0.36787 1.3337
0.36837 1.3307
0.36887 1.3276
0.36937 1.3246
0.36987 1.3217
0.37037 1.3187
0.37087 1.3158
0.37137 1.313
0.37187 1.3102
0.37237 1.3074
0.37287 1.3046
0.37337 1.3019
0.37387 1.2992
0.37437 1.2965
0.37487 1.2939
0.37538 1.2913
0.37588 1.2887
0.37638 1.2862
0.37688 1.2837
0.37738 1.2812
0.37788 1.2787
0.37838 1.2762
0.37888 1.2738
0.37938 1.2714
0.37988 1.2691
0.38038 1.2667
0.38088 1.2644
0.38138 1.2621
0.38188 1.2598
0.38238 1.2575
0.38288 1.2553
0.38338 1.253
0.38388 1.2508
0.38438 1.2486
0.38488 1.2465
0.38539 1.2443
0.38589 1.2422
0.38639 1.24
0.38689 1.2379
0.38739 1.2358
0.38789 1.2338
0.38839 1.2317
0.38889 1.2297
0.38939 1.2276
0.38989 1.2256
0.39039 1.2236
0.39089 1.2216
0.39139 1.2196
0.39189 1.2176
0.39239 1.2157
0.39289 1.2137
0.39339 1.2118
0.39389 1.2098
0.39439 1.2079
0.39489 1.206
0.3954 1.2041
0.3959 1.2022
0.3964 1.2003
0.3969 1.1985
0.3974 1.1966
0.3979 1.1947
0.3984 1.1929
0.3989 1.1911
0.3994 1.1892
0.3999 1.1874
0.4004 1.1856
0.4009 1.1838
0.4014 1.182
0.4019 1.1802
0.4024 1.1784
0.4029 1.1766
0.4034 1.1749
0.4039 1.1731
0.4044 1.1714
0.4049 1.1696
0.40541 1.1679
0.40591 1.1661
0.40641 1.1644
0.40691 1.1627
0.40741 1.161
0.40791 1.1593
0.40841 1.1576
0.40891 1.1559
0.40941 1.1542
0.40991 1.1526
0.41041 1.1509
0.41091 1.1492
0.41141 1.1476
0.41191 1.1459
0.41241 1.1443
0.41291 1.1427
0.41341 1.141
0.41391 1.1394
0.41441 1.1378
0.41491 1.1362
0.41542 1.1346
0.41592 1.133
0.41642 1.1315
0.41692 1.1299
0.41742 1.1283
0.41792 1.1268
0.41842 1.1253
0.41892 1.1237
0.41942 1.1222
0.41992 1.1207
0.42042 1.1192
0.42092 1.1177
0.42142 1.1162
0.42192 1.1147
0.42242 1.1132
0.42292 1.1118
0.42342 1.1103
0.42392 1.1089
0.42442 1.1074
0.42492 1.106
0.42543 1.1046
0.42593 1.1032
0.42643 1.1017
0.42693 1.1004
0.42743 1.099
0.42793 1.0976
0.42843 1.0962
0.42893 1.0949
0.42943 1.0935
0.42993 1.0922
0.43043 1.0909
0.43093 1.0895
0.43143 1.0882
0.43193 1.0869
0.43243 1.0856
0.43293 1.0843
0.43343 1.0831
0.43393 1.0818
0.43443 1.0805
0.43493 1.0793
0.43544 1.0781
0.43594 1.0768
0.43644 1.0756
0.43694 1.0744
0.43744 1.0732
0.43794 1.072
0.43844 1.0708
0.43894 1.0696
0.43944 1.0684
0.43994 1.0673
0.44044 1.0661
0.44094 1.065
0.44144 1.0638
0.44194 1.0627
0.44244 1.0616
0.44294 1.0605
0.44344 1.0593
0.44394 1.0582
0.44444 1.0571
0.44494 1.0561
0.44545 1.055
0.44595 1.0539
0.44645 1.0528
0.44695 1.0518
0.44745 1.0507
0.44795 1.0497
0.44845 1.0486
0.44895 1.0476
0.44945 1.0465
0.44995 1.0455
0.45045 1.0445
0.45095 1.0435
0.45145 1.0424
0.45195 1.0414
0.45245 1.0404
0.45295 1.0394
0.45345 1.0384
0.45395 1.0374
0.45445 1.0365
0.45495 1.0355
0.45546 1.0345
0.45596 1.0335
0.45646 1.0325
0.45696 1.0316
0.45746 1.0306
0.45796 1.0296
0.45846 1.0287
0.45896 1.0277
0.45946 1.0268
0.45996 1.0258
0.46046 1.0249
0.46096 1.0239
0.46146 1.023
0.46196 1.022
0.46246 1.0211
0.46296 1.0201
0.46346 1.0192
0.46396 1.0183
0.46446 1.0173
0.46496 1.0164
0.46547 1.0154
0.46597 1.0145
0.46647 1.0136
0.46697 1.0126
0.46747 1.0117
0.46797 1.0108
0.46847 1.0099
0.46897 1.0089
0.46947 1.008
0.46997 1.0071
0.47047 1.0061
0.47097 1.0052
0.47147 1.0043
0.47197 1.0033
0.47247 1.0024
0.47297 1.0015
0.47347 1.0006
0.47397 0.99963
0.47447 0.9987
0.47497 0.99777
0.47548 0.99684
0.47598 0.99592
0.47648 0.99499
0.47698 0.99406
0.47748 0.99313
0.47798 0.9922
0.47848 0.99127
0.47898 0.99034
0.47948 0.98942
0.47998 0.98849
0.48048 0.98756
0.48098 0.98663
0.48148 0.9857
0.48198 0.98478
0.48248 0.98385
0.48298 0.98292
0.48348 0.982
0.48398 0.98107
0.48448 0.98014
0.48498 0.97922
0.48549 0.97829
0.48599 0.97737
0.48649 0.97645
0.48699 0.97553
0.48749 0.9746
0.48799 0.97368
0.48849 0.97277
0.48899 0.97185
0.48949 0.97093
0.48999 0.97001
0.49049 0.9691
0.49099 0.96819
0.49149 0.96728
0.49199 0.96637
0.49249 0.96546
0.49299 0.96455
0.49349 0.96365
0.49399 0.96275
0.49449 0.96185
0.49499 0.96095
0.4955 0.96005
0.496 0.95916
0.4965 0.95827
0.497 0.95738
0.4975 0.95649
0.498 0.95561
0.4985 0.95472
0.499 0.95385
0.4995 0.95297
0.5 0.9521
0.5005 0.95123
0.501 0.95036
0.5015 0.9495
0.502 0.94864
0.5025 0.94778
0.503 0.94692
0.5035 0.94607
0.504 0.94522
0.5045 0.94438
0.50501 0.94354
0.50551 0.9427
0.50601 0.94187
0.50651 0.94104
0.50701 0.94021
0.50751 0.93939
0.50801 0.93857
0.50851 0.93775
0.50901 0.93694
0.50951 0.93613
0.51001 0.93533
0.51051 0.93452
0.51101 0.93373
0.51151 0.93293
0.51201 0.93214
0.51251 0.93136
0.51301 0.93058
0.51351 0.9298
0.51401 0.92902
0.51451 0.92825
0.51502 0.92749
0.51552 0.92672
0.51602 0.92596
0.51652 0.92521
0.51702 0.92445
0.51752 0.9237
0.51802 0.92296
0.51852 0.92222
0.51902 0.92148
0.51952 0.92074
0.52002 0.92001
0.52052 0.91928
0.52102 0.91856
0.52152 0.91784
0.52202 0.91712
0.52252 0.9164
0.52302 0.91569
0.52352 0.91498
0.52402 0.91427
0.52452 0.91357
0.52503 0.91287
0.52553 0.91217
0.52603 0.91147
0.52653 0.91078
0.52703 0.91009
0.52753 0.9094
0.52803 0.90871
0.52853 0.90803
0.52903 0.90735
0.52953 0.90667
0.53003 0.90599
0.53053 0.90531
0.53103 0.90464
0.53153 0.90397
0.53203 0.9033
0.53253 0.90263
0.53303 0.90196
0.53353 0.9013
0.53403 0.90063
0.53453 0.89997
0.53504 0.89931
0.53554 0.89865
0.53604 0.89799
0.53654 0.89733
0.53704 0.89667
0.53754 0.89601
0.53804 0.89536
0.53854 0.8947
0.53904 0.89405
0.53954 0.89339
0.54004 0.89274
0.54054 0.89208
0.54104 0.89143
0.54154 0.89078
0.54204 0.89013
0.54254 0.88947
0.54304 0.88882
0.54354 0.88817
0.54404 0.88751
0.54454 0.88686
0.54505 0.88621
0.54555 0.88556
0.54605 0.8849
0.54655 0.88425
0.54705 0.8836
0.54755 0.88294
0.54805 0.88229
0.54855 0.88163
0.54905 0.88098
0.54955 0.88032
0.55005 0.87967
0.55055 0.87901
0.55105 0.87835
0.55155 0.8777
0.55205 0.87704
0.55255 0.87638
0.55305 0.87572
0.55355 0.87506
0.55405 0.8744
0.55455 0.87374
0.55506 0.87308
0.55556 0.87242
0.55606 0.87176
0.55656 0.8711
0.55706 0.87043
0.55756 0.86977
0.55806 0.86911
0.55856 0.86844
0.55906 0.86778
0.55956 0.86711
0.56006 0.86645
0.56056 0.86578
0.56106 0.86512
0.56156 0.86445
0.56206 0.86378
0.56256 0.86312
0.56306 0.86245
0.56356 0.86178
0.56406 0.86112
0.56456 0.86045
0.56507 0.85979
0.56557 0.85912
0.56607 0.85845
0.56657 0.85779
0.56707 0.85712
0.56757 0.85646
0.56807 0.85579
0.56857 0.85513
0.56907 0.85446
0.56957 0.8538
0.57007 0.85313
0.57057 0.85247
0.57107 0.85181
0.57157 0.85115
0.57207 0.85049
0.57257 0.84983
0.57307 0.84917
0.57357 0.84851
0.57407 0.84785
0.57457 0.8472
0.57508 0.84654
0.57558 0.84589
0.57608 0.84524
0.57658 0.84459
0.57708 0.84394
0.57758 0.84329
0.57808 0.84264
0.57858 0.842
0.57908 0.84135
0.57958 0.84071
0.58008 0.84007
0.58058 0.83943
0.58108 0.83879
0.58158 0.83815
0.58208 0.83752
0.58258 0.83689
0.58308 0.83626
0.58358 0.83563
0.58408 0.835
0.58458 0.83437
0.58509 0.83375
0.58559 0.83313
0.58609 0.83251
0.58659 0.83189
0.58709 0.83128
0.58759 0.83066
0.58809 0.83005
0.58859 0.82944
0.58909 0.82883
0.58959 0.82823
0.59009 0.82762
0.59059 0.82702
0.59109 0.82642
0.59159 0.82583
0.59209 0.82523
0.59259 0.82464
0.59309 0.82405
0.59359 0.82346
0.59409 0.82287
0.59459 0.82228
0.5951 0.8217
0.5956 0.82112
0.5961 0.82054
0.5966 0.81996
0.5971 0.81939
0.5976 0.81882
0.5981 0.81824
0.5986 0.81768
0.5991 0.81711
0.5996 0.81654
0.6001 0.81598
0.6006 0.81542
0.6011 0.81486
0.6016 0.8143
0.6021 0.81374
0.6026 0.81319
0.6031 0.81263
0.6036 0.81208
0.6041 0.81153
0.6046 0.81098
0.60511 0.81044
0.60561 0.80989
0.60611 0.80935
0.60661 0.8088
0.60711 0.80826
0.60761 0.80772
0.60811 0.80718
0.60861 0.80665
0.60911 0.80611
0.60961 0.80557
0.61011 0.80504
0.61061 0.80451
0.61111 0.80398
0.61161 0.80344
0.61211 0.80292
0.61261 0.80239
0.61311 0.80186
0.61361 0.80133
0.61411 0.80081
0.61461 0.80028
0.61512 0.79976
0.61562 0.79923
0.61612 0.79871
0.61662 0.79819
0.61712 0.79767
0.61762 0.79715
0.61812 0.79663
0.61862 0.79611
0.61912 0.79559
0.61962 0.79507
0.62012 0.79455
0.62062 0.79404
0.62112 0.79352
0.62162 0.79301
0.62212 0.79249
0.62262 0.79197
0.62312 0.79146
0.62362 0.79095
0.62412 0.79043
0.62462 0.78992
0.62513 0.78941
0.62563 0.78889
0.62613 0.78838
0.62663 0.78787
0.62713 0.78736
0.62763 0.78685
0.62813 0.78634
0.62863 0.78583
0.62913 0.78532
0.62963 0.78481
0.63013 0.7843
0.63063 0.78379
0.63113 0.78329
0.63163 0.78278
0.63213 0.78227
0.63263 0.78177
0.63313 0.78126
0.63363 0.78076
0.63413 0.78025
0.63463 0.77975
0.63514 0.77924
0.63564 0.77874
0.63614 0.77824
0.63664 0.77774
0.63714 0.77723
0.63764 0.77673
0.63814 0.77623
0.63864 0.77573
0.63914 0.77524
0.63964 0.77474
0.64014 0.77424
0.64064 0.77374
0.64114 0.77325
0.64164 0.77275
0.64214 0.77226
0.64264 0.77177
0.64314 0.77127
0.64364 0.77078
0.64414 0.77029
0.64464 0.7698
0.64515 0.76932
0.64565 0.76883
0.64615 0.76834
0.64665 0.76786
0.64715 0.76737
0.64765 0.76689
0.64815 0.76641
0.64865 0.76593
0.64915 0.76545
0.64965 0.76497
0.65015 0.76449
0.65065 0.76401
0.65115 0.76354
0.65165 0.76307
0.65215 0.76259
0.65265 0.76212
0.65315 0.76165
0.65365 0.76118
0.65415 0.76072
0.65465 0.76025
0.65516 0.75978
0.65566 0.75932
0.65616 0.75886
0.65666 0.7584
0.65716 0.75794
0.65766 0.75748
0.65816 0.75702
0.65866 0.75657
0.65916 0.75611
0.65966 0.75566
0.66016 0.75521
0.66066 0.75475
0.66116 0.7543
0.66166 0.75386
0.66216 0.75341
0.66266 0.75296
0.66316 0.75252
0.66366 0.75207
0.66416 0.75163
0.66466 0.75119
0.66517 0.75075
0.66567 0.75031
0.66617 0.74987
0.66667 0.74943
0.66717 0.749
0.66767 0.74856
0.66817 0.74813
0.66867 0.74769
0.66917 0.74726
0.66967 0.74683
0.67017 0.7464
0.67067 0.74597
0.67117 0.74554
0.67167 0.74511
0.67217 0.74468
0.67267 0.74425
0.67317 0.74383
0.67367 0.7434
0.67417 0.74297
0.67467 0.74255
0.67518 0.74212
0.67568 0.7417
0.67618 0.74128
0.67668 0.74085
0.67718 0.74043
0.67768 0.74001
0.67818 0.73958
0.67868 0.73916
0.67918 0.73874
0.67968 0.73832
0.68018 0.73789
0.68068 0.73747
0.68118 0.73705
0.68168 0.73663
0.68218 0.73621
0.68268 0.73579
0.68318 0.73536
0.68368 0.73494
0.68418 0.73452
0.68468 0.7341
0.68519 0.73368
0.68569 0.73325
0.68619 0.73283
0.68669 0.73241
0.68719 0.73199
0.68769 0.73156
0.68819 0.73114
0.68869 0.73072
0.68919 0.73029
0.68969 0.72987
0.69019 0.72945
0.69069 0.72902
0.69119 0.7286
0.69169 0.72817
0.69219 0.72775
0.69269 0.72733
0.69319 0.7269
0.69369 0.72648
0.69419 0.72605
0.69469 0.72562
0.6952 0.7252
0.6957 0.72477
0.6962 0.72435
0.6967 0.72392
0.6972 0.7235
0.6977 0.72307
0.6982 0.72265
0.6987 0.72222
0.6992 0.7218
0.6997 0.72137
0.7002 0.72095
0.7007 0.72052
0.7012 0.7201
0.7017 0.71967
0.7022 0.71925
0.7027 0.71883
0.7032 0.7184
0.7037 0.71798
0.7042 0.71756
0.7047 0.71714
0.70521 0.71672
0.70571 0.7163
0.70621 0.71588
0.70671 0.71546
0.70721 0.71504
0.70771 0.71463
0.70821 0.71421
0.70871 0.7138
0.70921 0.71339
0.70971 0.71298
0.71021 0.71257
0.71071 0.71216
0.71121 0.71175
0.71171 0.71134
0.71221 0.71094
0.71271 0.71054
0.71321 0.71014
0.71371 0.70974
0.71421 0.70934
0.71471 0.70894
0.71522 0.70855
0.71572 0.70816
0.71622 0.70777
0.71672 0.70738
0.71722 0.707
0.71772 0.70662
0.71822 0.70623
0.71872 0.70586
0.71922 0.70548
0.71972 0.70511
0.72022 0.70474
0.72072 0.70437
0.72122 0.704
0.72172 0.70364
0.72222 0.70328
0.72272 0.70292
0.72322 0.70257
0.72372 0.70221
0.72422 0.70186
0.72472 0.70152
0.72523 0.70117
0.72573 0.70083
0.72623 0.70049
0.72673 0.70016
0.72723 0.69983
0.72773 0.6995
0.72823 0.69917
0.72873 0.69885
0.72923 0.69853
0.72973 0.69821
0.73023 0.69789
0.73073 0.69758
0.73123 0.69727
0.73173 0.69697
0.73223 0.69666
0.73273 0.69636
0.73323 0.69606
0.73373 0.69577
0.73423 0.69548
0.73473 0.69519
0.73524 0.6949
0.73574 0.69462
0.73624 0.69434
0.73674 0.69406
0.73724 0.69378
0.73774 0.69351
0.73824 0.69324
0.73874 0.69297
0.73924 0.6927
0.73974 0.69243
0.74024 0.69217
0.74074 0.69191
0.74124 0.69165
0.74174 0.6914
0.74224 0.69114
0.74274 0.69089
0.74324 0.69064
0.74374 0.69039
0.74424 0.69014
0.74474 0.68989
0.74525 0.68964
0.74575 0.6894
0.74625 0.68916
0.74675 0.68891
0.74725 0.68867
0.74775 0.68843
0.74825 0.68819
0.74875 0.68795
0.74925 0.68771
0.74975 0.68747
0.75025 0.68724
0.75075 0.687
0.75125 0.68676
0.75175 0.68652
0.75225 0.68628
0.75275 0.68604
0.75325 0.68581
0.75375 0.68557
0.75425 0.68533
0.75475 0.68509
0.75526 0.68484
0.75576 0.6846
0.75626 0.68436
0.75676 0.68411
0.75726 0.68387
0.75776 0.68362
0.75826 0.68337
0.75876 0.68313
0.75926 0.68287
0.75976 0.68262
0.76026 0.68237
0.76076 0.68211
0.76126 0.68185
0.76176 0.68159
0.76226 0.68133
0.76276 0.68107
0.76326 0.6808
0.76376 0.68053
0.76426 0.68026
0.76476 0.67999
0.76527 0.67972
0.76577 0.67944
0.76627 0.67916
0.76677 0.67887
0.76727 0.67859
0.76777 0.6783
0.76827 0.67801
0.76877 0.67772
0.76927 0.67742
0.76977 0.67712
0.77027 0.67682
0.77077 0.67651
0.77127 0.67621
0.77177 0.6759
0.77227 0.67558
0.77277 0.67527
0.77327 0.67495
0.77377 0.67463
0.77427 0.6743
0.77477 0.67397
0.77528 0.67364
0.77578 0.67331
0.77628 0.67297
0.77678 0.67263
0.77728 0.67229
0.77778 0.67195
0.77828 0.6716
0.77878 0.67125
0.77928 0.6709
0.77978 0.67054
0.78028 0.67018
0.78078 0.66982
0.78128 0.66946
0.78178 0.66909
0.78228 0.66873
0.78278 0.66836
0.78328 0.66798
0.78378 0.66761
0.78428 0.66723
0.78478 0.66685
0.78529 0.66647
0.78579 0.66609
0.78629 0.66571
0.78679 0.66532
0.78729 0.66493
0.78779 0.66454
0.78829 0.66415
0.78879 0.66376
0.78929 0.66337
0.78979 0.66297
0.79029 0.66258
0.79079 0.66218
0.79129 0.66178
0.79179 0.66139
0.79229 0.66099
0.79279 0.6606
0.79329 0.66021
0.79379 0.65982
0.79429 0.65943
0.79479 0.65905
0.7953 0.65868
0.7958 0.65831
0.7963 0.65795
0.7968 0.6576
0.7973 0.65726
0.7978 0.65692
0.7983 0.6566
0.7988 0.6563
0.7993 0.656
0.7998 0.65572
0.8003 0.65545
0.8008 0.65519
0.8013 0.65495
0.8018 0.65471
0.8023 0.65448
0.8028 0.65427
0.8033 0.65406
0.8038 0.65386
0.8043 0.65367
0.8048 0.65348
0.80531 0.65329
0.80581 0.65311
0.80631 0.65294
0.80681 0.65277
0.80731 0.6526
0.80781 0.65243
0.80831 0.65226
0.80881 0.6521
0.80931 0.65194
0.80981 0.65178
0.81031 0.65161
0.81081 0.65145
0.81131 0.65129
0.81181 0.65114
0.81231 0.65098
0.81281 0.65082
0.81331 0.65066
0.81381 0.6505
0.81431 0.65034
0.81481 0.65018
0.81532 0.65002
0.81582 0.64986
0.81632 0.6497
0.81682 0.64954
0.81732 0.64938
0.81782 0.64922
0.81832 0.64906
0.81882 0.6489
0.81932 0.64874
0.81982 0.64858
0.82032 0.64842
0.82082 0.64825
0.82132 0.64809
0.82182 0.64793
0.82232 0.64776
0.82282 0.6476
0.82332 0.64744
0.82382 0.64727
0.82432 0.64711
0.82482 0.64694
0.82533 0.64677
0.82583 0.64661
0.82633 0.64644
0.82683 0.64627
0.82733 0.6461
0.82783 0.64594
0.82833 0.64577
0.82883 0.6456
0.82933 0.64543
0.82983 0.64526
0.83033 0.64509
0.83083 0.64491
0.83133 0.64474
0.83183 0.64457
0.83233 0.6444
0.83283 0.64422
0.83333 0.64405
0.83383 0.64387
0.83433 0.6437
0.83483 0.64352
0.83534 0.64334
0.83584 0.64316
0.83634 0.64299
0.83684 0.64281
0.83734 0.64263
0.83784 0.64245
0.83834 0.64227
0.83884 0.64208
0.83934 0.6419
0.83984 0.64172
0.84034 0.64154
0.84084 0.64135
0.84134 0.64117
0.84184 0.64098
0.84234 0.6408
0.84284 0.64061
0.84334 0.64042
0.84384 0.64023
0.84434 0.64004
0.84484 0.63985
0.84535 0.63966
0.84585 0.63947
0.84635 0.63928
0.84685 0.63909
0.84735 0.63889
0.84785 0.6387
0.84835 0.63851
0.84885 0.63831
0.84935 0.63812
0.84985 0.63792
0.85035 0.63772
0.85085 0.63752
0.85135 0.63733
0.85185 0.63713
0.85235 0.63693
0.85285 0.63673
0.85335 0.63653
0.85385 0.63632
0.85435 0.63612
0.85485 0.63592
0.85536 0.63572
0.85586 0.63551
0.85636 0.63531
0.85686 0.6351
0.85736 0.6349
0.85786 0.63469
0.85836 0.63449
0.85886 0.63428
0.85936 0.63407
0.85986 0.63387
0.86036 0.63366
0.86086 0.63345
0.86136 0.63324
0.86186 0.63303
0.86236 0.63283
0.86286 0.63262
0.86336 0.63241
0.86386 0.6322
0.86436 0.63199
0.86486 0.63178
0.86537 0.63157
0.86587 0.63136
0.86637 0.63115
0.86687 0.63094
0.86737 0.63073
0.86787 0.63052
0.86837 0.63031
0.86887 0.6301
0.86937 0.62989
0.86987 0.62968
0.87037 0.62947
0.87087 0.62926
0.87137 0.62905
0.87187 0.62884
0.87237 0.62864
0.87287 0.62843
0.87337 0.62822
0.87387 0.62801
0.87437 0.62781
0.87487 0.6276
0.87538 0.6274
0.87588 0.62719
0.87638 0.62699
0.87688 0.62678
0.87738 0.62658
0.87788 0.62638
0.87838 0.62618
0.87888 0.62598
0.87938 0.62578
0.87988 0.62558
0.88038 0.62538
0.88088 0.62519
0.88138 0.62499
0.88188 0.6248
0.88238 0.62461
0.88288 0.62441
0.88338 0.62422
0.88388 0.62403
0.88438 0.62385
0.88488 0.62366
0.88539 0.62348
0.88589 0.62329
0.88639 0.62311
0.88689 0.62293
0.88739 0.62275
0.88789 0.62257
0.88839 0.6224
0.88889 0.62223
0.88939 0.62205
0.88989 0.62188
0.89039 0.62172
0.89089 0.62155
0.89139 0.62138
0.89189 0.62122
0.89239 0.62106
0.89289 0.6209
0.89339 0.62075
0.89389 0.62059
0.89439 0.62044
0.89489 0.62029
0.8954 0.62015
0.8959 0.62
0.8964 0.61986
0.8969 0.61972
0.8974 0.61958
0.8979 0.61944
0.8984 0.61931
0.8989 0.61918
0.8994 0.61905
0.8999 0.61893
0.9004 0.61881
0.9009 0.61869
0.9014 0.61857
0.9019 0.61845
0.9024 0.61834
0.9029 0.61823
0.9034 0.61813
0.9039 0.61802
0.9044 0.61792
0.9049 0.61782
0.90541 0.61773
0.90591 0.61764
0.90641 0.61755
0.90691 0.61746
0.90741 0.61738
0.90791 0.6173
0.90841 0.61722
0.90891 0.61715
0.90941 0.61708
0.90991 0.61701
0.91041 0.61695
0.91091 0.61689
0.91141 0.61683
0.91191 0.61677
0.91241 0.61672
0.91291 0.61667
0.91341 0.61663
0.91391 0.61658
0.91441 0.61654
0.91491 0.61651
0.91542 0.61647
0.91592 0.61645
0.91642 0.61642
0.91692 0.6164
0.91742 0.61638
0.91792 0.61636
0.91842 0.61635
0.91892 0.61634
0.91942 0.61633
0.91992 0.61632
0.92042 0.61632
0.92092 0.61633
0.92142 0.61633
0.92192 0.61634
0.92242 0.61635
0.92292 0.61637
0.92342 0.61639
0.92392 0.61641
0.92442 0.61643
0.92492 0.61646
0.92543 0.61649
0.92593 0.61653
0.92643 0.61656
0.92693 0.6166
0.92743 0.61665
0.92793 0.61669
0.92843 0.61674
0.92893 0.6168
0.92943 0.61685
0.92993 0.61691
0.93043 0.61697
0.93093 0.61704
0.93143 0.61711
0.93193 0.61718
0.93243 0.61725
0.93293 0.61733
0.93343 0.61741
0.93393 0.61749
0.93443 0.61757
0.93493 0.61766
0.93544 0.61775
0.93594 0.61785
0.93644 0.61794
0.93694 0.61804
0.93744 0.61814
0.93794 0.61825
0.93844 0.61835
0.93894 0.61846
0.93944 0.61858
0.93994 0.61869
0.94044 0.61881
0.94094 0.61893
0.94144 0.61905
0.94194 0.61918
0.94244 0.6193
0.94294 0.61943
0.94344 0.61957
0.94394 0.6197
0.94444 0.61984
0.94494 0.61998
0.94545 0.62012
0.94595 0.62027
0.94645 0.62042
0.94695 0.62057
0.94745 0.62072
0.94795 0.62087
0.94845 0.62103
0.94895 0.62119
0.94945 0.62135
0.94995 0.62151
0.95045 0.62168
0.95095 0.62185
0.95145 0.62202
0.95195 0.62219
0.95245 0.62237
0.95295 0.62255
0.95345 0.62272
0.95395 0.62291
0.95445 0.62309
0.95495 0.62328
0.95546 0.62347
0.95596 0.62366
0.95646 0.62385
0.95696 0.62405
0.95746 0.62425
0.95796 0.62445
0.95846 0.62465
0.95896 0.62486
0.95946 0.62506
0.95996 0.62527
0.96046 0.62549
0.96096 0.6257
0.96146 0.62592
0.96196 0.62614
0.96246 0.62636
0.96296 0.62659
0.96346 0.62681
0.96396 0.62705
0.96446 0.62728
0.96496 0.62751
0.96547 0.62775
0.96597 0.62799
0.96647 0.62824
0.96697 0.62848
0.96747 0.62873
0.96797 0.62899
0.96847 0.62924
0.96897 0.6295
0.96947 0.62976
0.96997 0.63003
0.97047 0.63029
0.97097 0.63057
0.97147 0.63084
0.97197 0.63112
0.97247 0.6314
0.97297 0.63168
0.97347 0.63197
0.97397 0.63226
0.97447 0.63256
0.97497 0.63286
0.97548 0.63316
0.97598 0.63347
0.97648 0.63378
0.97698 0.63409
0.97748 0.63441
0.97798 0.63474
0.97848 0.63506
0.97898 0.63539
0.97948 0.63573
0.97998 0.63607
0.98048 0.63642
0.98098 0.63677
0.98148 0.63712
0.98198 0.63748
0.98248 0.63785
0.98298 0.63822
0.98348 0.63859
0.98398 0.63897
0.98448 0.63936
0.98498 0.63975
0.98549 0.64014
0.98599 0.64055
0.98649 0.64095
0.98699 0.64137
0.98749 0.64179
0.98799 0.64221
0.98849 0.64265
0.98899 0.64308
0.98949 0.64353
0.98999 0.64398
0.99049 0.64444
0.99099 0.6449
0.99149 0.64537
0.99199 0.64585
0.99249 0.64633
0.99299 0.64682
0.99349 0.64732
0.99399 0.64783
0.99449 0.64834
0.99499 0.64886
0.9955 0.64939
0.996 0.64992
0.9965 0.65047
0.997 0.65102
0.9975 0.65158
0.998 0.65214
0.9985 0.65272
0.999 0.6533
0.9995 0.65389
1 0.65449
