time energy 
0 1.2789
0.0005005 1.2786
0.001001 1.2783
0.0015015 1.278
0.002002 1.2777
0.0025025 1.2774
0.003003 1.2771
0.0035035 1.2768
0.004004 1.2765
0.0045045 1.2762
0.005005 1.2759
0.0055055 1.2756
0.006006 1.2753
0.0065065 1.2751
0.007007 1.2748
0.0075075 1.2745
0.008008 1.2742
0.0085085 1.2739
0.009009 1.2736
0.0095095 1.2733
0.01001 1.273
0.010511 1.2727
0.011011 1.2725
0.011512 1.2722
0.012012 1.2719
0.012513 1.2716
0.013013 1.2713
0.013514 1.2711
0.014014 1.2708
0.014515 1.2705
0.015015 1.2702
0.015516 1.27
0.016016 1.2697
0.016517 1.2694
0.017017 1.2691
0.017518 1.2689
0.018018 1.2686
0.018519 1.2683
0.019019 1.2681
0.01952 1.2678
0.02002 1.2675
0.020521 1.2673
0.021021 1.267
0.021522 1.2668
0.022022 1.2665
0.022523 1.2662
0.023023 1.266
0.023524 1.2657
0.024024 1.2655
0.024525 1.2652
0.025025 1.265
0.025526 1.2647
0.026026 1.2645
0.026527 1.2642
0.027027 1.264
0.027528 1.2637
0.028028 1.2635
0.028529 1.2632
0.029029 1.263
0.02953 1.2627
0.03003 1.2625
0.030531 1.2623
0.031031 1.262
0.031532 1.2618
0.032032 1.2615
0.032533 1.2613
0.033033 1.261
0.033534 1.2608
0.034034 1.2606
0.034535 1.2603
0.035035 1.2601
0.035536 1.2598
0.036036 1.2596
0.036537 1.2594
0.037037 1.2591
0.037538 1.2589
0.038038 1.2587
0.038539 1.2584
0.039039 1.2582
0.03954 1.2579
0.04004 1.2577
0.040541 1.2575
0.041041 1.2572
0.041542 1.257
0.042042 1.2567
0.042543 1.2565
0.043043 1.2563
0.043544 1.256
0.044044 1.2558
0.044545 1.2555
0.045045 1.2553
0.045546 1.255
0.046046 1.2548
0.046547 1.2545
0.047047 1.2543
0.047548 1.254
0.048048 1.2538
0.048549 1.2535
0.049049 1.2533
0.04955 1.253
0.05005 1.2528
0.050551 1.2525
0.051051 1.2523
0.051552 1.252
0.052052 1.2517
0.052553 1.2515
0.053053 1.2512
0.053554 1.2509
0.054054 1.2507
0.054555 1.2504
0.055055 1.2501
0.055556 1.2499
0.056056 1.2496
0.056557 1.2493
0.057057 1.249
0.057558 1.2488
0.058058 1.2485
0.058559 1.2482
0.059059 1.2479
0.05956 1.2476
0.06006 1.2473
0.060561 1.247
0.061061 1.2467
0.061562 1.2465
0.062062 1.2462
0.062563 1.2459
0.063063 1.2456
0.063564 1.2453
0.064064 1.2449
0.064565 1.2446
0.065065 1.2443
0.065566 1.244
0.066066 1.2437
0.066567 1.2434
0.067067 1.2431
0.067568 1.2428
0.068068 1.2425
0.068569 1.2421
0.069069 1.2418
0.06957 1.2415
0.07007 1.2412
0.070571 1.2408
0.071071 1.2405
0.071572 1.2402
0.072072 1.2398
0.072573 1.2395
0.073073 1.2392
0.073574 1.2388
0.074074 1.2385
0.074575 1.2382
0.075075 1.2378
0.075576 1.2375
0.076076 1.2371
0.076577 1.2368
0.077077 1.2364
0.077578 1.2361
0.078078 1.2357
0.078579 1.2354
0.079079 1.235
0.07958 1.2347
0.08008 1.2343
0.080581 1.234
0.081081 1.2336
0.081582 1.2333
0.082082 1.2329
0.082583 1.2325
0.083083 1.2322
0.083584 1.2318
0.084084 1.2315
0.084585 1.2311
0.085085 1.2307
0.085586 1.2304
0.086086 1.23
0.086587 1.2297
0.087087 1.2293
0.087588 1.2289
0.088088 1.2286
0.088589 1.2282
0.089089 1.2278
0.08959 1.2275
0.09009 1.2271
0.090591 1.2267
0.091091 1.2264
0.091592 1.226
0.092092 1.2256
0.092593 1.2253
0.093093 1.2249
0.093594 1.2245
0.094094 1.2242
0.094595 1.2238
0.095095 1.2234
0.095596 1.2231
0.096096 1.2227
0.096597 1.2223
0.097097 1.222
0.097598 1.2216
0.098098 1.2212
0.098599 1.2209
0.099099 1.2205
0.0996 1.2202
0.1001 1.2198
0.1006 1.2194
0.1011 1.2191
0.1016 1.2187
0.1021 1.2183
0.1026 1.218
0.1031 1.2176
0.1036 1.2173
0.1041 1.2169
0.1046 1.2165
0.10511 1.2162
0.10561 1.2158
0.10611 1.2155
0.10661 1.2151
0.10711 1.2147
0.10761 1.2144
0.10811 1.214
0.10861 1.2137
0.10911 1.2133
0.10961 1.213
0.11011 1.2126
0.11061 1.2122
0.11111 1.2119
0.11161 1.2115
0.11211 1.2112
0.11261 1.2108
0.11311 1.2105
0.11361 1.2101
0.11411 1.2097
0.11461 1.2094
0.11512 1.209
0.11562 1.2087
0.11612 1.2083
0.11662 1.208
0.11712 1.2076
0.11762 1.2073
0.11812 1.2069
0.11862 1.2065
0.11912 1.2062
0.11962 1.2058
0.12012 1.2055
0.12062 1.2051
0.12112 1.2047
0.12162 1.2044
0.12212 1.204
0.12262 1.2037
0.12312 1.2033
0.12362 1.2029
0.12412 1.2026
0.12462 1.2022
0.12513 1.2018
0.12563 1.2015
0.12613 1.2011
0.12663 1.2007
0.12713 1.2004
0.12763 1.2
0.12813 1.1996
0.12863 1.1992
0.12913 1.1989
0.12963 1.1985
0.13013 1.1981
0.13063 1.1977
0.13113 1.1974
0.13163 1.197
0.13213 1.1966
0.13263 1.1962
0.13313 1.1958
0.13363 1.1954
0.13413 1.195
0.13463 1.1946
0.13514 1.1943
0.13564 1.1939
0.13614 1.1935
0.13664 1.1931
0.13714 1.1927
0.13764 1.1923
0.13814 1.1919
0.13864 1.1914
0.13914 1.191
0.13964 1.1906
0.14014 1.1902
0.14064 1.1898
0.14114 1.1894
0.14164 1.189
0.14214 1.1885
0.14264 1.1881
0.14314 1.1877
0.14364 1.1873
0.14414 1.1868
0.14464 1.1864
0.14515 1.186
0.14565 1.1856
0.14615 1.1851
0.14665 1.1847
0.14715 1.1842
0.14765 1.1838
0.14815 1.1834
0.14865 1.1829
0.14915 1.1825
0.14965 1.182
0.15015 1.1816
0.15065 1.1811
0.15115 1.1807
0.15165 1.1802
0.15215 1.1798
0.15265 1.1793
0.15315 1.1789
0.15365 1.1784
0.15415 1.178
0.15465 1.1775
0.15516 1.177
0.15566 1.1766
0.15616 1.1761
0.15666 1.1757
0.15716 1.1752
0.15766 1.1747
0.15816 1.1743
0.15866 1.1738
0.15916 1.1733
0.15966 1.1729
0.16016 1.1724
0.16066 1.1719
0.16116 1.1714
0.16166 1.171
0.16216 1.1705
0.16266 1.17
0.16316 1.1696
0.16366 1.1691
0.16416 1.1686
0.16466 1.1681
0.16517 1.1677
0.16567 1.1672
0.16617 1.1667
0.16667 1.1663
0.16717 1.1658
0.16767 1.1653
0.16817 1.1648
0.16867 1.1644
0.16917 1.1639
0.16967 1.1634
0.17017 1.1629
0.17067 1.1625
0.17117 1.162
0.17167 1.1615
0.17217 1.161
0.17267 1.1606
0.17317 1.1601
0.17367 1.1596
0.17417 1.1591
0.17467 1.1587
0.17518 1.1582
0.17568 1.1577
0.17618 1.1572
0.17668 1.1568
0.17718 1.1563
0.17768 1.1558
0.17818 1.1553
0.17868 1.1549
0.17918 1.1544
0.17968 1.1539
0.18018 1.1534
0.18068 1.1529
0.18118 1.1525
0.18168 1.152
0.18218 1.1515
0.18268 1.151
0.18318 1.1505
0.18368 1.15
0.18418 1.1496
0.18468 1.1491
0.18519 1.1486
0.18569 1.1481
0.18619 1.1476
0.18669 1.1471
0.18719 1.1466
0.18769 1.1461
0.18819 1.1456
0.18869 1.1451
0.18919 1.1446
0.18969 1.1441
0.19019 1.1436
0.19069 1.1431
0.19119 1.1426
0.19169 1.1421
0.19219 1.1416
0.19269 1.141
0.19319 1.1405
0.19369 1.14
0.19419 1.1395
0.19469 1.139
0.1952 1.1385
0.1957 1.1379
0.1962 1.1374
0.1967 1.1369
0.1972 1.1364
0.1977 1.1358
0.1982 1.1353
0.1987 1.1348
0.1992 1.1342
0.1997 1.1337
0.2002 1.1332
0.2007 1.1326
0.2012 1.1321
0.2017 1.1316
0.2022 1.131
0.2027 1.1305
0.2032 1.13
0.2037 1.1294
0.2042 1.1289
0.2047 1.1284
0.20521 1.1279
0.20571 1.1273
0.20621 1.1268
0.20671 1.1263
0.20721 1.1257
0.20771 1.1252
0.20821 1.1247
0.20871 1.1242
0.20921 1.1236
0.20971 1.1231
0.21021 1.1226
0.21071 1.1221
0.21121 1.1216
0.21171 1.1211
0.21221 1.1205
0.21271 1.12
0.21321 1.1195
0.21371 1.119
0.21421 1.1185
0.21471 1.118
0.21522 1.1175
0.21572 1.117
0.21622 1.1164
0.21672 1.1159
0.21722 1.1154
0.21772 1.1149
0.21822 1.1144
0.21872 1.1139
0.21922 1.1134
0.21972 1.1129
0.22022 1.1123
0.22072 1.1118
0.22122 1.1113
0.22172 1.1108
0.22222 1.1103
0.22272 1.1097
0.22322 1.1092
0.22372 1.1087
0.22422 1.1082
0.22472 1.1076
0.22523 1.1071
0.22573 1.1066
0.22623 1.106
0.22673 1.1055
0.22723 1.105
0.22773 1.1044
0.22823 1.1039
0.22873 1.1033
0.22923 1.1028
0.22973 1.1022
0.23023 1.1017
0.23073 1.1011
0.23123 1.1005
0.23173 1.1
0.23223 1.0994
0.23273 1.0988
0.23323 1.0983
0.23373 1.0977
0.23423 1.0971
0.23473 1.0966
0.23524 1.096
0.23574 1.0954
0.23624 1.0948
0.23674 1.0942
0.23724 1.0936
0.23774 1.0931
0.23824 1.0925
0.23874 1.0919
0.23924 1.0913
0.23974 1.0907
0.24024 1.0901
0.24074 1.0895
0.24124 1.0889
0.24174 1.0883
0.24224 1.0877
0.24274 1.0871
0.24324 1.0865
0.24374 1.0859
0.24424 1.0852
0.24474 1.0846
0.24525 1.084
0.24575 1.0834
0.24625 1.0828
0.24675 1.0822
0.24725 1.0816
0.24775 1.0809
0.24825 1.0803
0.24875 1.0797
0.24925 1.0791
0.24975 1.0785
0.25025 1.0779
0.25075 1.0772
0.25125 1.0766
0.25175 1.076
0.25225 1.0754
0.25275 1.0748
0.25325 1.0741
0.25375 1.0735
0.25425 1.0729
0.25475 1.0723
0.25526 1.0717
0.25576 1.071
0.25626 1.0704
0.25676 1.0698
0.25726 1.0692
0.25776 1.0686
0.25826 1.0679
0.25876 1.0673
0.25926 1.0667
0.25976 1.0661
0.26026 1.0655
0.26076 1.0648
0.26126 1.0642
0.26176 1.0636
0.26226 1.063
0.26276 1.0624
0.26326 1.0618
0.26376 1.0612
0.26426 1.0605
0.26476 1.0599
0.26527 1.0593
0.26577 1.0587
0.26627 1.0581
0.26677 1.0575
0.26727 1.0569
0.26777 1.0563
0.26827 1.0557
0.26877 1.0551
0.26927 1.0545
0.26977 1.0539
0.27027 1.0533
0.27077 1.0526
0.27127 1.052
0.27177 1.0514
0.27227 1.0508
0.27277 1.0502
0.27327 1.0496
0.27377 1.049
0.27427 1.0484
0.27477 1.0478
0.27528 1.0473
0.27578 1.0467
0.27628 1.0461
0.27678 1.0455
0.27728 1.0449
0.27778 1.0443
0.27828 1.0437
0.27878 1.0431
0.27928 1.0425
0.27978 1.0419
0.28028 1.0413
0.28078 1.0407
0.28128 1.0401
0.28178 1.0395
0.28228 1.0389
0.28278 1.0383
0.28328 1.0377
0.28378 1.0371
0.28428 1.0365
0.28478 1.0359
0.28529 1.0353
0.28579 1.0347
0.28629 1.0341
0.28679 1.0336
0.28729 1.033
0.28779 1.0324
0.28829 1.0318
0.28879 1.0312
0.28929 1.0306
0.28979 1.03
0.29029 1.0294
0.29079 1.0288
0.29129 1.0282
0.29179 1.0276
0.29229 1.027
0.29279 1.0263
0.29329 1.0257
0.29379 1.0251
0.29429 1.0245
0.29479 1.0239
0.2953 1.0233
0.2958 1.0227
0.2963 1.0221
0.2968 1.0215
0.2973 1.0209
0.2978 1.0202
0.2983 1.0196
0.2988 1.019
0.2993 1.0184
0.2998 1.0178
0.3003 1.0172
0.3008 1.0165
0.3013 1.0159
0.3018 1.0153
0.3023 1.0147
0.3028 1.014
0.3033 1.0134
0.3038 1.0128
0.3043 1.0121
0.3048 1.0115
0.30531 1.0109
0.30581 1.0102
0.30631 1.0096
0.30681 1.009
0.30731 1.0083
0.30781 1.0077
0.30831 1.0071
0.30881 1.0064
0.30931 1.0058
0.30981 1.0051
0.31031 1.0045
0.31081 1.0038
0.31131 1.0032
0.31181 1.0025
0.31231 1.0019
0.31281 1.0012
0.31331 1.0006
0.31381 0.99994
0.31431 0.99929
0.31481 0.99864
0.31532 0.99798
0.31582 0.99733
0.31632 0.99667
0.31682 0.99601
0.31732 0.99536
0.31782 0.9947
0.31832 0.99404
0.31882 0.99338
0.31932 0.99272
0.31982 0.99206
0.32032 0.9914
0.32082 0.99074
0.32132 0.99008
0.32182 0.98942
0.32232 0.98876
0.32282 0.98809
0.32332 0.98743
0.32382 0.98677
0.32432 0.98611
0.32482 0.98544
0.32533 0.98478
0.32583 0.98412
0.32633 0.98346
0.32683 0.98279
0.32733 0.98213
0.32783 0.98147
0.32833 0.98081
0.32883 0.98014
0.32933 0.97948
0.32983 0.97882
0.33033 0.97816
0.33083 0.9775
0.33133 0.97684
0.33183 0.97618
0.33233 0.97552
0.33283 0.97486
0.33333 0.97421
0.33383 0.97355
0.33433 0.97289
0.33483 0.97224
0.33534 0.97158
0.33584 0.97093
0.33634 0.97027
0.33684 0.96962
0.33734 0.96897
0.33784 0.96832
0.33834 0.96767
0.33884 0.96702
0.33934 0.96637
0.33984 0.96572
0.34034 0.96507
0.34084 0.96443
0.34134 0.96378
0.34184 0.96314
0.34234 0.9625
0.34284 0.96185
0.34334 0.96121
0.34384 0.96057
0.34434 0.95993
0.34484 0.95929
0.34535 0.95866
0.34585 0.95802
0.34635 0.95738
0.34685 0.95675
0.34735 0.95612
0.34785 0.95548
0.34835 0.95485
0.34885 0.95422
0.34935 0.95359
0.34985 0.95296
0.35035 0.95233
0.35085 0.95171
0.35135 0.95108
0.35185 0.95046
0.35235 0.94983
0.35285 0.94921
0.35335 0.94858
0.35385 0.94796
0.35435 0.94734
0.35485 0.94672
0.35536 0.9461
0.35586 0.94548
0.35636 0.94486
0.35686 0.94424
0.35736 0.94363
0.35786 0.94301
0.35836 0.94239
0.35886 0.94178
0.35936 0.94116
0.35986 0.94055
0.36036 0.93993
0.36086 0.93932
0.36136 0.9387
0.36186 0.93809
0.36236 0.93748
0.36286 0.93686
0.36336 0.93625
0.36386 0.93564
0.36436 0.93503
0.36486 0.93442
0.36537 0.9338
0.36587 0.93319
0.36637 0.93258
0.36687 0.93197
0.36737 0.93136
0.36787 0.93075
0.36837 0.93014
0.36887 0.92952
0.36937 0.92891
0.36987 0.9283
0.37037 0.92769
0.37087 0.92708
0.37137 0.92647
0.37187 0.92585
0.37237 0.92524
0.37287 0.92463
0.37337 0.92402
0.37387 0.9234
0.37437 0.92279
0.37487 0.92218
0.37538 0.92156
0.37588 0.92095
0.37638 0.92033
0.37688 0.91972
0.37738 0.9191
0.37788 0.91849
0.37838 0.91787
0.37888 0.91726
0.37938 0.91664
0.37988 0.91602
0.38038 0.9154
0.38088 0.91479
0.38138 0.91417
0.38188 0.91355
0.38238 0.91293
0.38288 0.91231
0.38338 0.91169
0.38388 0.91107
0.38438 0.91045
0.38488 0.90983
0.38539 0.90921
0.38589 0.90859
0.38639 0.90797
0.38689 0.90735
0.38739 0.90672
0.38789 0.9061
0.38839 0.90548
0.38889 0.90486
0.38939 0.90423
0.38989 0.90361
0.39039 0.90299
0.39089 0.90236
0.39139 0.90174
0.39189 0.90111
0.39239 0.90049
0.39289 0.89987
0.39339 0.89924
0.39389 0.89862
0.39439 0.89799
0.39489 0.89737
0.3954 0.89675
0.3959 0.89612
0.3964 0.8955
0.3969 0.89488
0.3974 0.89425
0.3979 0.89363
0.3984 0.89301
0.3989 0.89239
0.3994 0.89176
0.3999 0.89114
0.4004 0.89052
0.4009 0.8899
0.4014 0.88928
0.4019 0.88866
0.4024 0.88804
0.4029 0.88742
0.4034 0.88681
0.4039 0.88619
0.4044 0.88557
0.4049 0.88496
0.40541 0.88434
0.40591 0.88373
0.40641 0.88311
0.40691 0.8825
0.40741 0.88189
0.40791 0.88128
0.40841 0.88067
0.40891 0.88006
0.40941 0.87945
0.40991 0.87885
0.41041 0.87824
0.41091 0.87764
0.41141 0.87703
0.41191 0.87643
0.41241 0.87583
0.41291 0.87523
0.41341 0.87463
0.41391 0.87403
0.41441 0.87344
0.41491 0.87284
0.41542 0.87225
0.41592 0.87166
0.41642 0.87107
0.41692 0.87048
0.41742 0.86989
0.41792 0.8693
0.41842 0.86872
0.41892 0.86814
0.41942 0.86755
0.41992 0.86697
0.42042 0.86639
0.42092 0.86582
0.42142 0.86524
0.42192 0.86467
0.42242 0.86409
0.42292 0.86352
0.42342 0.86295
0.42392 0.86238
0.42442 0.86182
0.42492 0.86125
0.42543 0.86069
0.42593 0.86012
0.42643 0.85956
0.42693 0.859
0.42743 0.85845
0.42793 0.85789
0.42843 0.85733
0.42893 0.85678
0.42943 0.85623
0.42993 0.85568
0.43043 0.85513
0.43093 0.85458
0.43143 0.85404
0.43193 0.85349
0.43243 0.85295
0.43293 0.85241
0.43343 0.85186
0.43393 0.85133
0.43443 0.85079
0.43493 0.85025
0.43544 0.84972
0.43594 0.84918
0.43644 0.84865
0.43694 0.84812
0.43744 0.84759
0.43794 0.84706
0.43844 0.84653
0.43894 0.846
0.43944 0.84548
0.43994 0.84495
0.44044 0.84443
0.44094 0.84391
0.44144 0.84339
0.44194 0.84287
0.44244 0.84235
0.44294 0.84183
0.44344 0.84131
0.44394 0.8408
0.44444 0.84028
0.44494 0.83977
0.44545 0.83925
0.44595 0.83874
0.44645 0.83823
0.44695 0.83772
0.44745 0.83721
0.44795 0.8367
0.44845 0.83619
0.44895 0.83568
0.44945 0.83517
0.44995 0.83467
0.45045 0.83416
0.45095 0.83366
0.45145 0.83315
0.45195 0.83265
0.45245 0.83214
0.45295 0.83164
0.45345 0.83114
0.45395 0.83064
0.45445 0.83014
0.45495 0.82964
0.45546 0.82914
0.45596 0.82864
0.45646 0.82814
0.45696 0.82764
0.45746 0.82715
0.45796 0.82665
0.45846 0.82615
0.45896 0.82566
0.45946 0.82516
0.45996 0.82467
0.46046 0.82417
0.46096 0.82368
0.46146 0.82319
0.46196 0.82269
0.46246 0.8222
0.46296 0.82171
0.46346 0.82122
0.46396 0.82073
0.46446 0.82024
0.46496 0.81975
0.46547 0.81926
0.46597 0.81878
0.46647 0.81829
0.46697 0.8178
0.46747 0.81732
0.46797 0.81683
0.46847 0.81635
0.46897 0.81587
0.46947 0.81538
0.46997 0.8149
0.47047 0.81442
0.47097 0.81394
0.47147 0.81346
0.47197 0.81298
0.47247 0.81251
0.47297 0.81203
0.47347 0.81155
0.47397 0.81108
0.47447 0.81061
0.47497 0.81013
0.47548 0.80966
0.47598 0.80919
0.47648 0.80872
0.47698 0.80825
0.47748 0.80779
0.47798 0.80732
0.47848 0.80686
0.47898 0.80639
0.47948 0.80593
0.47998 0.80547
0.48048 0.80501
0.48098 0.80456
0.48148 0.8041
0.48198 0.80364
0.48248 0.80319
0.48298 0.80274
0.48348 0.80229
0.48398 0.80184
0.48448 0.80139
0.48498 0.80095
0.48549 0.8005
0.48599 0.80006
0.48649 0.79962
0.48699 0.79918
0.48749 0.79875
0.48799 0.79831
0.48849 0.79788
0.48899 0.79745
0.48949 0.79702
0.48999 0.79659
0.49049 0.79616
0.49099 0.79574
0.49149 0.79532
0.49199 0.7949
0.49249 0.79448
0.49299 0.79407
0.49349 0.79365
0.49399 0.79324
0.49449 0.79283
0.49499 0.79243
0.4955 0.79202
0.496 0.79162
0.4965 0.79122
0.497 0.79082
0.4975 0.79043
0.498 0.79003
0.4985 0.78964
0.499 0.78925
0.4995 0.78887
0.5 0.78848
0.5005 0.7881
0.501 0.78772
0.5015 0.78734
0.502 0.78697
0.5025 0.78659
0.503 0.78622
0.5035 0.78586
0.504 0.78549
0.5045 0.78513
0.50501 0.78477
0.50551 0.78441
0.50601 0.78405
0.50651 0.7837
0.50701 0.78334
0.50751 0.783
0.50801 0.78265
0.50851 0.7823
0.50901 0.78196
0.50951 0.78162
0.51001 0.78128
0.51051 0.78095
0.51101 0.78061
0.51151 0.78028
0.51201 0.77996
0.51251 0.77963
0.51301 0.77931
0.51351 0.77898
0.51401 0.77866
0.51451 0.77835
0.51502 0.77803
0.51552 0.77772
0.51602 0.77741
0.51652 0.7771
0.51702 0.77679
0.51752 0.77649
0.51802 0.77619
0.51852 0.77589
0.51902 0.77559
0.51952 0.77529
0.52002 0.775
0.52052 0.77471
0.52102 0.77442
0.52152 0.77413
0.52202 0.77384
0.52252 0.77356
0.52302 0.77328
0.52352 0.773
0.52402 0.77272
0.52452 0.77244
0.52503 0.77217
0.52553 0.7719
0.52603 0.77163
0.52653 0.77136
0.52703 0.77109
0.52753 0.77083
0.52803 0.77056
0.52853 0.7703
0.52903 0.77004
0.52953 0.76979
0.53003 0.76953
0.53053 0.76928
0.53103 0.76902
0.53153 0.76877
0.53203 0.76852
0.53253 0.76828
0.53303 0.76803
0.53353 0.76779
0.53403 0.76755
0.53453 0.76731
0.53504 0.76707
0.53554 0.76683
0.53604 0.76659
0.53654 0.76636
0.53704 0.76613
0.53754 0.7659
0.53804 0.76567
0.53854 0.76544
0.53904 0.76522
0.53954 0.76499
0.54004 0.76477
0.54054 0.76455
0.54104 0.76433
0.54154 0.76412
0.54204 0.7639
0.54254 0.76369
0.54304 0.76348
0.54354 0.76327
0.54404 0.76306
0.54454 0.76286
0.54505 0.76265
0.54555 0.76245
0.54605 0.76225
0.54655 0.76205
0.54705 0.76185
0.54755 0.76166
0.54805 0.76147
0.54855 0.76128
0.54905 0.76109
0.54955 0.7609
0.55005 0.76071
0.55055 0.76053
0.55105 0.76035
0.55155 0.76017
0.55205 0.76
0.55255 0.75982
0.55305 0.75965
0.55355 0.75948
0.55405 0.75931
0.55455 0.75915
0.55506 0.75898
0.55556 0.75882
0.55606 0.75866
0.55656 0.75851
0.55706 0.75835
0.55756 0.7582
0.55806 0.75805
0.55856 0.7579
0.55906 0.75776
0.55956 0.75762
0.56006 0.75748
0.56056 0.75734
0.56106 0.75721
0.56156 0.75708
0.56206 0.75695
0.56256 0.75682
0.56306 0.7567
0.56356 0.75658
0.56406 0.75647
0.56456 0.75635
0.56507 0.75624
0.56557 0.75613
0.56607 0.75603
0.56657 0.75592
0.56707 0.75583
0.56757 0.75573
0.56807 0.75564
0.56857 0.75555
0.56907 0.75546
0.56957 0.75538
0.57007 0.7553
0.57057 0.75522
0.57107 0.75515
0.57157 0.75508
0.57207 0.75501
0.57257 0.75494
0.57307 0.75488
0.57357 0.75483
0.57407 0.75477
0.57457 0.75472
0.57508 0.75468
0.57558 0.75463
0.57608 0.7546
0.57658 0.75456
0.57708 0.75453
0.57758 0.7545
0.57808 0.75447
0.57858 0.75445
0.57908 0.75443
0.57958 0.75442
0.58008 0.75441
0.58058 0.7544
0.58108 0.7544
0.58158 0.7544
0.58208 0.75441
0.58258 0.75441
0.58308 0.75443
0.58358 0.75444
0.58408 0.75446
0.58458 0.75448
0.58509 0.75451
0.58559 0.75454
0.58609 0.75458
0.58659 0.75462
0.58709 0.75466
0.58759 0.7547
0.58809 0.75475
0.58859 0.75481
0.58909 0.75487
0.58959 0.75493
0.59009 0.75499
0.59059 0.75506
0.59109 0.75513
0.59159 0.75521
0.59209 0.75529
0.59259 0.75537
0.59309 0.75546
0.59359 0.75555
0.59409 0.75565
0.59459 0.75575
0.5951 0.75585
0.5956 0.75596
0.5961 0.75607
0.5966 0.75618
0.5971 0.7563
0.5976 0.75642
0.5981 0.75655
0.5986 0.75668
0.5991 0.75681
0.5996 0.75695
0.6001 0.75709
0.6006 0.75723
0.6011 0.75738
0.6016 0.75753
0.6021 0.75769
0.6026 0.75785
0.6031 0.75801
0.6036 0.75817
0.6041 0.75834
0.6046 0.75852
0.60511 0.75869
0.60561 0.75887
0.60611 0.75906
0.60661 0.75925
0.60711 0.75944
0.60761 0.75963
0.60811 0.75983
0.60861 0.76003
0.60911 0.76024
0.60961 0.76045
0.61011 0.76066
0.61061 0.76088
0.61111 0.7611
0.61161 0.76132
0.61211 0.76155
0.61261 0.76178
0.61311 0.76201
0.61361 0.76225
0.61411 0.76249
0.61461 0.76274
0.61512 0.76299
0.61562 0.76324
0.61612 0.76349
0.61662 0.76375
0.61712 0.76402
0.61762 0.76428
0.61812 0.76455
0.61862 0.76483
0.61912 0.7651
0.61962 0.76539
0.62012 0.76567
0.62062 0.76596
0.62112 0.76625
0.62162 0.76655
0.62212 0.76685
0.62262 0.76715
0.62312 0.76746
0.62362 0.76777
0.62412 0.76808
0.62462 0.7684
0.62513 0.76872
0.62563 0.76905
0.62613 0.76938
0.62663 0.76972
0.62713 0.77005
0.62763 0.7704
0.62813 0.77074
0.62863 0.77109
0.62913 0.77145
0.62963 0.77181
0.63013 0.77217
0.63063 0.77254
0.63113 0.77291
0.63163 0.77328
0.63213 0.77366
0.63263 0.77405
0.63313 0.77444
0.63363 0.77483
0.63413 0.77522
0.63463 0.77563
0.63514 0.77603
0.63564 0.77644
0.63614 0.77686
0.63664 0.77728
0.63714 0.7777
0.63764 0.77813
0.63814 0.77857
0.63864 0.77901
0.63914 0.77945
0.63964 0.7799
0.64014 0.78035
0.64064 0.78081
0.64114 0.78127
0.64164 0.78174
0.64214 0.78221
0.64264 0.78269
0.64314 0.78318
0.64364 0.78366
0.64414 0.78416
0.64464 0.78466
0.64515 0.78516
0.64565 0.78567
0.64615 0.78619
0.64665 0.78671
0.64715 0.78723
0.64765 0.78776
0.64815 0.7883
0.64865 0.78884
0.64915 0.78939
0.64965 0.78995
0.65015 0.79051
0.65065 0.79107
0.65115 0.79164
0.65165 0.79222
0.65215 0.7928
0.65265 0.79339
0.65315 0.79398
0.65365 0.79459
0.65415 0.79519
0.65465 0.7958
0.65516 0.79642
0.65566 0.79705
0.65616 0.79768
0.65666 0.79831
0.65716 0.79895
0.65766 0.7996
0.65816 0.80026
0.65866 0.80092
0.65916 0.80159
0.65966 0.80226
0.66016 0.80294
0.66066 0.80362
0.66116 0.80432
0.66166 0.80502
0.66216 0.80572
0.66266 0.80643
0.66316 0.80715
0.66366 0.80787
0.66416 0.8086
0.66466 0.80934
0.66517 0.81008
0.66567 0.81083
0.66617 0.81159
0.66667 0.81235
0.66717 0.81312
0.66767 0.81389
0.66817 0.81467
0.66867 0.81546
0.66917 0.81625
0.66967 0.81705
0.67017 0.81786
0.67067 0.81868
0.67117 0.8195
0.67167 0.82032
0.67217 0.82115
0.67267 0.82199
0.67317 0.82284
0.67367 0.82369
0.67417 0.82455
0.67467 0.82542
0.67518 0.82629
0.67568 0.82716
0.67618 0.82805
0.67668 0.82894
0.67718 0.82984
0.67768 0.83074
0.67818 0.83165
0.67868 0.83257
0.67918 0.83349
0.67968 0.83442
0.68018 0.83535
0.68068 0.8363
0.68118 0.83724
0.68168 0.8382
0.68218 0.83916
0.68268 0.84013
0.68318 0.8411
0.68368 0.84208
0.68418 0.84306
0.68468 0.84406
0.68519 0.84506
0.68569 0.84606
0.68619 0.84707
0.68669 0.84809
0.68719 0.84911
0.68769 0.85014
0.68819 0.85118
0.68869 0.85222
0.68919 0.85327
0.68969 0.85432
0.69019 0.85538
0.69069 0.85645
0.69119 0.85752
0.69169 0.8586
0.69219 0.85969
0.69269 0.86078
0.69319 0.86188
0.69369 0.86298
0.69419 0.86409
0.69469 0.86521
0.6952 0.86633
0.6957 0.86746
0.6962 0.8686
0.6967 0.86974
0.6972 0.87089
0.6977 0.87204
0.6982 0.8732
0.6987 0.87437
0.6992 0.87554
0.6997 0.87672
0.7002 0.8779
0.7007 0.87909
0.7012 0.88029
0.7017 0.88149
0.7022 0.8827
0.7027 0.88391
0.7032 0.88514
0.7037 0.88636
0.7042 0.8876
0.7047 0.88884
0.70521 0.89008
0.70571 0.89134
0.70621 0.8926
0.70671 0.89386
0.70721 0.89513
0.70771 0.89641
0.70821 0.8977
0.70871 0.89899
0.70921 0.90028
0.70971 0.90158
0.71021 0.90289
0.71071 0.90421
0.71121 0.90553
0.71171 0.90686
0.71221 0.90819
0.71271 0.90954
0.71321 0.91088
0.71371 0.91224
0.71421 0.9136
0.71471 0.91496
0.71522 0.91634
0.71572 0.91771
0.71622 0.9191
0.71672 0.92049
0.71722 0.92189
0.71772 0.9233
0.71822 0.92471
0.71872 0.92612
0.71922 0.92755
0.71972 0.92898
0.72022 0.93042
0.72072 0.93186
0.72122 0.93331
0.72172 0.93477
0.72222 0.93623
0.72272 0.9377
0.72322 0.93917
0.72372 0.94065
0.72422 0.94214
0.72472 0.94364
0.72523 0.94514
0.72573 0.94665
0.72623 0.94816
0.72673 0.94968
0.72723 0.95121
0.72773 0.95274
0.72823 0.95428
0.72873 0.95582
0.72923 0.95737
0.72973 0.95893
0.73023 0.9605
0.73073 0.96207
0.73123 0.96364
0.73173 0.96523
0.73223 0.96681
0.73273 0.96841
0.73323 0.97001
0.73373 0.97162
0.73423 0.97323
0.73473 0.97485
0.73524 0.97647
0.73574 0.9781
0.73624 0.97974
0.73674 0.98138
0.73724 0.98303
0.73774 0.98468
0.73824 0.98634
0.73874 0.988
0.73924 0.98967
0.73974 0.99135
0.74024 0.99303
0.74074 0.99471
0.74124 0.9964
0.74174 0.9981
0.74224 0.9998
0.74274 1.0015
0.74324 1.0032
0.74374 1.0049
0.74424 1.0067
0.74474 1.0084
0.74525 1.0101
0.74575 1.0118
0.74625 1.0136
0.74675 1.0153
0.74725 1.0171
0.74775 1.0188
0.74825 1.0206
0.74875 1.0224
0.74925 1.0241
0.74975 1.0259
0.75025 1.0277
0.75075 1.0294
0.75125 1.0312
0.75175 1.033
0.75225 1.0348
0.75275 1.0366
0.75325 1.0384
0.75375 1.0402
0.75425 1.042
0.75475 1.0438
0.75526 1.0456
0.75576 1.0474
0.75626 1.0492
0.75676 1.051
0.75726 1.0528
0.75776 1.0547
0.75826 1.0565
0.75876 1.0583
0.75926 1.0601
0.75976 1.062
0.76026 1.0638
0.76076 1.0656
0.76126 1.0675
0.76176 1.0693
0.76226 1.0711
0.76276 1.073
0.76326 1.0748
0.76376 1.0767
0.76426 1.0785
0.76476 1.0804
0.76527 1.0822
0.76577 1.084
0.76627 1.0859
0.76677 1.0877
0.76727 1.0896
0.76777 1.0914
0.76827 1.0933
0.76877 1.0951
0.76927 1.097
0.76977 1.0988
0.77027 1.1007
0.77077 1.1025
0.77127 1.1044
0.77177 1.1062
0.77227 1.1081
0.77277 1.1099
0.77327 1.1118
0.77377 1.1136
0.77427 1.1154
0.77477 1.1173
0.77528 1.1191
0.77578 1.121
0.77628 1.1228
0.77678 1.1246
0.77728 1.1265
0.77778 1.1283
0.77828 1.1301
0.77878 1.132
0.77928 1.1338
0.77978 1.1356
0.78028 1.1374
0.78078 1.1393
0.78128 1.1411
0.78178 1.1429
0.78228 1.1447
0.78278 1.1465
0.78328 1.1483
0.78378 1.1501
0.78428 1.1519
0.78478 1.1537
0.78529 1.1555
0.78579 1.1573
0.78629 1.1591
0.78679 1.1608
0.78729 1.1626
0.78779 1.1644
0.78829 1.1661
0.78879 1.1679
0.78929 1.1697
0.78979 1.1714
0.79029 1.1731
0.79079 1.1749
0.79129 1.1766
0.79179 1.1783
0.79229 1.1801
0.79279 1.1818
0.79329 1.1835
0.79379 1.1852
0.79429 1.1869
0.79479 1.1886
0.7953 1.1902
0.7958 1.1919
0.7963 1.1935
0.7968 1.1952
0.7973 1.1968
0.7978 1.1984
0.7983 1.2
0.7988 1.2016
0.7993 1.2032
0.7998 1.2047
0.8003 1.2063
0.8008 1.2078
0.8013 1.2093
0.8018 1.2109
0.8023 1.2123
0.8028 1.2138
0.8033 1.2153
0.8038 1.2168
0.8043 1.2182
0.8048 1.2197
0.80531 1.2211
0.80581 1.2225
0.80631 1.2239
0.80681 1.2253
0.80731 1.2267
0.80781 1.2281
0.80831 1.2295
0.80881 1.2308
0.80931 1.2322
0.80981 1.2336
0.81031 1.2349
0.81081 1.2362
0.81131 1.2376
0.81181 1.2389
0.81231 1.2402
0.81281 1.2415
0.81331 1.2428
0.81381 1.2441
0.81431 1.2454
0.81481 1.2467
0.81532 1.2479
0.81582 1.2492
0.81632 1.2504
0.81682 1.2517
0.81732 1.2529
0.81782 1.2541
0.81832 1.2554
0.81882 1.2566
0.81932 1.2578
0.81982 1.2589
0.82032 1.2601
0.82082 1.2613
0.82132 1.2625
0.82182 1.2636
0.82232 1.2648
0.82282 1.2659
0.82332 1.267
0.82382 1.2681
0.82432 1.2693
0.82482 1.2704
0.82533 1.2714
0.82583 1.2725
0.82633 1.2736
0.82683 1.2747
0.82733 1.2757
0.82783 1.2768
0.82833 1.2778
0.82883 1.2788
0.82933 1.2798
0.82983 1.2808
0.83033 1.2818
0.83083 1.2828
0.83133 1.2838
0.83183 1.2847
0.83233 1.2857
0.83283 1.2866
0.83333 1.2876
0.83383 1.2885
0.83433 1.2894
0.83483 1.2903
0.83534 1.2912
0.83584 1.2921
0.83634 1.293
0.83684 1.2938
0.83734 1.2947
0.83784 1.2955
0.83834 1.2963
0.83884 1.2972
0.83934 1.298
0.83984 1.2988
0.84034 1.2996
0.84084 1.3003
0.84134 1.3011
0.84184 1.3019
0.84234 1.3026
0.84284 1.3033
0.84334 1.3041
0.84384 1.3048
0.84434 1.3055
0.84484 1.3062
0.84535 1.3068
0.84585 1.3075
0.84635 1.3082
0.84685 1.3088
0.84735 1.3095
0.84785 1.3101
0.84835 1.3107
0.84885 1.3113
0.84935 1.3119
0.84985 1.3125
0.85035 1.3131
0.85085 1.3136
0.85135 1.3142
0.85185 1.3147
0.85235 1.3153
0.85285 1.3158
0.85335 1.3163
0.85385 1.3168
0.85435 1.3173
0.85485 1.3177
0.85536 1.3182
0.85586 1.3187
0.85636 1.3191
0.85686 1.3196
0.85736 1.32
0.85786 1.3204
0.85836 1.3208
0.85886 1.3212
0.85936 1.3216
0.85986 1.322
0.86036 1.3223
0.86086 1.3227
0.86136 1.323
0.86186 1.3234
0.86236 1.3237
0.86286 1.324
0.86336 1.3243
0.86386 1.3246
0.86436 1.3249
0.86486 1.3252
0.86537 1.3255
0.86587 1.3257
0.86637 1.326
0.86687 1.3262
0.86737 1.3264
0.86787 1.3267
0.86837 1.3269
0.86887 1.3271
0.86937 1.3273
0.86987 1.3275
0.87037 1.3277
0.87087 1.3278
0.87137 1.328
0.87187 1.3281
0.87237 1.3283
0.87287 1.3284
0.87337 1.3285
0.87387 1.3287
0.87437 1.3288
0.87487 1.3289
0.87538 1.329
0.87588 1.3291
0.87638 1.3292
0.87688 1.3292
0.87738 1.3293
0.87788 1.3294
0.87838 1.3294
0.87888 1.3294
0.87938 1.3295
0.87988 1.3295
0.88038 1.3295
0.88088 1.3296
0.88138 1.3296
0.88188 1.3296
0.88238 1.3296
0.88288 1.3296
0.88338 1.3295
0.88388 1.3295
0.88438 1.3295
0.88488 1.3295
0.88539 1.3294
0.88589 1.3294
0.88639 1.3293
0.88689 1.3293
0.88739 1.3292
0.88789 1.3291
0.88839 1.3291
0.88889 1.329
0.88939 1.3289
0.88989 1.3288
0.89039 1.3287
0.89089 1.3286
0.89139 1.3285
0.89189 1.3284
0.89239 1.3283
0.89289 1.3282
0.89339 1.3281
0.89389 1.3279
0.89439 1.3278
0.89489 1.3277
0.8954 1.3275
0.8959 1.3274
0.8964 1.3272
0.8969 1.3271
0.8974 1.3269
0.8979 1.3268
0.8984 1.3266
0.8989 1.3265
0.8994 1.3263
0.8999 1.3261
0.9004 1.326
0.9009 1.3258
0.9014 1.3256
0.9019 1.3255
0.9024 1.3253
0.9029 1.3251
0.9034 1.3249
0.9039 1.3247
0.9044 1.3245
0.9049 1.3243
0.90541 1.3242
0.90591 1.324
0.90641 1.3238
0.90691 1.3236
0.90741 1.3234
0.90791 1.3232
0.90841 1.323
0.90891 1.3228
0.90941 1.3226
0.90991 1.3223
0.91041 1.3221
0.91091 1.3219
0.91141 1.3217
0.91191 1.3215
0.91241 1.3213
0.91291 1.3211
0.91341 1.3209
0.91391 1.3207
0.91441 1.3204
0.91491 1.3202
0.91542 1.32
0.91592 1.3198
0.91642 1.3196
0.91692 1.3194
0.91742 1.3191
0.91792 1.3189
0.91842 1.3187
0.91892 1.3185
0.91942 1.3183
0.91992 1.318
0.92042 1.3178
0.92092 1.3176
0.92142 1.3174
0.92192 1.3172
0.92242 1.317
0.92292 1.3167
0.92342 1.3165
0.92392 1.3163
0.92442 1.3161
0.92492 1.3159
0.92543 1.3156
0.92593 1.3154
0.92643 1.3152
0.92693 1.315
0.92743 1.3148
0.92793 1.3145
0.92843 1.3143
0.92893 1.3141
0.92943 1.3139
0.92993 1.3137
0.93043 1.3135
0.93093 1.3132
0.93143 1.313
0.93193 1.3128
0.93243 1.3126
0.93293 1.3124
0.93343 1.3122
0.93393 1.312
0.93443 1.3117
0.93493 1.3115
0.93544 1.3113
0.93594 1.3111
0.93644 1.3109
0.93694 1.3107
0.93744 1.3105
0.93794 1.3103
0.93844 1.31
0.93894 1.3098
0.93944 1.3096
0.93994 1.3094
0.94044 1.3092
0.94094 1.309
0.94144 1.3088
0.94194 1.3086
0.94244 1.3084
0.94294 1.3081
0.94344 1.3079
0.94394 1.3077
0.94444 1.3075
0.94494 1.3073
0.94545 1.3071
0.94595 1.3069
0.94645 1.3067
0.94695 1.3065
0.94745 1.3062
0.94795 1.306
0.94845 1.3058
0.94895 1.3056
0.94945 1.3054
0.94995 1.3052
0.95045 1.305
0.95095 1.3048
0.95145 1.3045
0.95195 1.3043
0.95245 1.3041
0.95295 1.3039
0.95345 1.3037
0.95395 1.3035
0.95445 1.3033
0.95495 1.303
0.95546 1.3028
0.95596 1.3026
0.95646 1.3024
0.95696 1.3022
0.95746 1.3019
0.95796 1.3017
0.95846 1.3015
0.95896 1.3013
0.95946 1.301
0.95996 1.3008
0.96046 1.3006
0.96096 1.3004
0.96146 1.3001
0.96196 1.2999
0.96246 1.2997
0.96296 1.2994
0.96346 1.2992
0.96396 1.299
0.96446 1.2987
0.96496 1.2985
0.96547 1.2983
0.96597 1.298
0.96647 1.2978
0.96697 1.2976
0.96747 1.2973
0.96797 1.2971
0.96847 1.2968
0.96897 1.2966
0.96947 1.2963
0.96997 1.2961
0.97047 1.2958
0.97097 1.2956
0.97147 1.2953
0.97197 1.2951
0.97247 1.2948
0.97297 1.2946
0.97347 1.2943
0.97397 1.294
0.97447 1.2938
0.97497 1.2935
0.97548 1.2933
0.97598 1.293
0.97648 1.2927
0.97698 1.2925
0.97748 1.2922
0.97798 1.2919
0.97848 1.2917
0.97898 1.2914
0.97948 1.2911
0.97998 1.2908
0.98048 1.2906
0.98098 1.2903
0.98148 1.29
0.98198 1.2897
0.98248 1.2894
0.98298 1.2892
0.98348 1.2889
0.98398 1.2886
0.98448 1.2883
0.98498 1.288
0.98549 1.2877
0.98599 1.2875
0.98649 1.2872
0.98699 1.2869
0.98749 1.2866
0.98799 1.2863
0.98849 1.286
0.98899 1.2857
0.98949 1.2854
0.98999 1.2851
0.99049 1.2848
0.99099 1.2845
0.99149 1.2843
0.99199 1.284
0.99249 1.2837
0.99299 1.2834
0.99349 1.2831
0.99399 1.2828
0.99449 1.2825
0.99499 1.2822
0.9955 1.2819
0.996 1.2816
0.9965 1.2813
0.997 1.281
0.9975 1.2807
0.998 1.2804
0.9985 1.2801
0.999 1.2798
0.9995 1.2795
1 1.2792
