time energy 
0 0.65567
0.0005005 0.65631
0.001001 0.65695
0.0015015 0.6576
0.002002 0.65826
0.0025025 0.65892
0.003003 0.65959
0.0035035 0.66027
0.004004 0.66096
0.0045045 0.66165
0.005005 0.66235
0.0055055 0.66305
0.006006 0.66376
0.0065065 0.66448
0.007007 0.66521
0.0075075 0.66594
0.008008 0.66669
0.0085085 0.66743
0.009009 0.66819
0.0095095 0.66895
0.01001 0.66972
0.010511 0.6705
0.011011 0.67129
0.011512 0.67208
0.012012 0.67288
0.012513 0.67369
0.013013 0.6745
0.013514 0.67533
0.014014 0.67616
0.014515 0.67699
0.015015 0.67784
0.015516 0.6787
0.016016 0.67956
0.016517 0.68043
0.017017 0.68131
0.017518 0.68219
0.018018 0.68309
0.018519 0.68399
0.019019 0.6849
0.01952 0.68582
0.02002 0.68674
0.020521 0.68768
0.021021 0.68862
0.021522 0.68958
0.022022 0.69054
0.022523 0.69151
0.023023 0.69248
0.023524 0.69347
0.024024 0.69446
0.024525 0.69547
0.025025 0.69648
0.025526 0.6975
0.026026 0.69853
0.026527 0.69957
0.027027 0.70062
0.027528 0.70167
0.028028 0.70274
0.028529 0.70381
0.029029 0.70489
0.02953 0.70599
0.03003 0.70709
0.030531 0.7082
0.031031 0.70932
0.031532 0.71045
0.032032 0.71159
0.032533 0.71274
0.033033 0.7139
0.033534 0.71506
0.034034 0.71624
0.034535 0.71743
0.035035 0.71862
0.035536 0.71983
0.036036 0.72105
0.036537 0.72227
0.037037 0.72351
0.037538 0.72475
0.038038 0.72601
0.038539 0.72728
0.039039 0.72855
0.03954 0.72984
0.04004 0.73113
0.040541 0.73244
0.041041 0.73376
0.041542 0.73508
0.042042 0.73642
0.042543 0.73777
0.043043 0.73913
0.043544 0.7405
0.044044 0.74188
0.044545 0.74327
0.045045 0.74467
0.045546 0.74608
0.046046 0.7475
0.046547 0.74894
0.047047 0.75038
0.047548 0.75184
0.048048 0.7533
0.048549 0.75478
0.049049 0.75627
0.04955 0.75777
0.05005 0.75928
0.050551 0.76081
0.051051 0.76234
0.051552 0.76389
0.052052 0.76544
0.052553 0.76701
0.053053 0.76859
0.053554 0.77018
0.054054 0.77179
0.054555 0.7734
0.055055 0.77503
0.055556 0.77667
0.056056 0.77832
0.056557 0.77998
0.057057 0.78166
0.057558 0.78335
0.058058 0.78505
0.058559 0.78676
0.059059 0.78848
0.05956 0.79022
0.06006 0.79197
0.060561 0.79373
0.061061 0.7955
0.061562 0.79729
0.062062 0.79909
0.062563 0.8009
0.063063 0.80272
0.063564 0.80456
0.064064 0.80641
0.064565 0.80827
0.065065 0.81015
0.065566 0.81204
0.066066 0.81394
0.066567 0.81585
0.067067 0.81778
0.067568 0.81972
0.068068 0.82168
0.068569 0.82364
0.069069 0.82563
0.06957 0.82762
0.07007 0.82963
0.070571 0.83165
0.071071 0.83369
0.071572 0.83574
0.072072 0.8378
0.072573 0.83988
0.073073 0.84197
0.073574 0.84407
0.074074 0.84619
0.074575 0.84832
0.075075 0.85047
0.075576 0.85263
0.076076 0.85481
0.076577 0.857
0.077077 0.8592
0.077578 0.86142
0.078078 0.86365
0.078579 0.8659
0.079079 0.86816
0.07958 0.87044
0.08008 0.87273
0.080581 0.87503
0.081081 0.87735
0.081582 0.87969
0.082082 0.88204
0.082583 0.8844
0.083083 0.88678
0.083584 0.88918
0.084084 0.89159
0.084585 0.89401
0.085085 0.89645
0.085586 0.89891
0.086086 0.90138
0.086587 0.90387
0.087087 0.90637
0.087588 0.90888
0.088088 0.91142
0.088589 0.91397
0.089089 0.91653
0.08959 0.91911
0.09009 0.9217
0.090591 0.92431
0.091091 0.92694
0.091592 0.92958
0.092092 0.93224
0.092593 0.93492
0.093093 0.93761
0.093594 0.94031
0.094094 0.94304
0.094595 0.94577
0.095095 0.94853
0.095596 0.9513
0.096096 0.95409
0.096597 0.95689
0.097097 0.95971
0.097598 0.96255
0.098098 0.9654
0.098599 0.96827
0.099099 0.97115
0.0996 0.97406
0.1001 0.97698
0.1006 0.97991
0.1011 0.98286
0.1016 0.98583
0.1021 0.98882
0.1026 0.99182
0.1031 0.99484
0.1036 0.99788
0.1041 1.0009
0.1046 1.004
0.10511 1.0071
0.10561 1.0102
0.10611 1.0133
0.10661 1.0164
0.10711 1.0196
0.10761 1.0228
0.10811 1.026
0.10861 1.0292
0.10911 1.0324
0.10961 1.0356
0.11011 1.0389
0.11061 1.0422
0.11111 1.0455
0.11161 1.0488
0.11211 1.0521
0.11261 1.0554
0.11311 1.0588
0.11361 1.0622
0.11411 1.0656
0.11461 1.069
0.11512 1.0724
0.11562 1.0759
0.11612 1.0793
0.11662 1.0828
0.11712 1.0863
0.11762 1.0898
0.11812 1.0934
0.11862 1.0969
0.11912 1.1005
0.11962 1.1041
0.12012 1.1077
0.12062 1.1113
0.12112 1.115
0.12162 1.1186
0.12212 1.1223
0.12262 1.126
0.12312 1.1297
0.12362 1.1334
0.12412 1.1372
0.12462 1.1409
0.12513 1.1447
0.12563 1.1485
0.12613 1.1523
0.12663 1.1562
0.12713 1.16
0.12763 1.1639
0.12813 1.1678
0.12863 1.1717
0.12913 1.1756
0.12963 1.1795
0.13013 1.1835
0.13063 1.1875
0.13113 1.1914
0.13163 1.1955
0.13213 1.1995
0.13263 1.2035
0.13313 1.2076
0.13363 1.2116
0.13413 1.2157
0.13463 1.2198
0.13514 1.224
0.13564 1.2281
0.13614 1.2323
0.13664 1.2364
0.13714 1.2406
0.13764 1.2448
0.13814 1.2491
0.13864 1.2533
0.13914 1.2575
0.13964 1.2618
0.14014 1.2661
0.14064 1.2704
0.14114 1.2747
0.14164 1.2791
0.14214 1.2834
0.14264 1.2878
0.14314 1.2922
0.14364 1.2966
0.14414 1.301
0.14464 1.3054
0.14515 1.3099
0.14565 1.3143
0.14615 1.3188
0.14665 1.3233
0.14715 1.3278
0.14765 1.3323
0.14815 1.3368
0.14865 1.3414
0.14915 1.346
0.14965 1.3505
0.15015 1.3551
0.15065 1.3597
0.15115 1.3644
0.15165 1.369
0.15215 1.3736
0.15265 1.3783
0.15315 1.383
0.15365 1.3877
0.15415 1.3924
0.15465 1.3971
0.15516 1.4018
0.15566 1.4065
0.15616 1.4113
0.15666 1.4161
0.15716 1.4208
0.15766 1.4256
0.15816 1.4304
0.15866 1.4352
0.15916 1.4401
0.15966 1.4449
0.16016 1.4498
0.16066 1.4546
0.16116 1.4595
0.16166 1.4644
0.16216 1.4693
0.16266 1.4742
0.16316 1.4791
0.16366 1.484
0.16416 1.4889
0.16466 1.4939
0.16517 1.4988
0.16567 1.5038
0.16617 1.5087
0.16667 1.5137
0.16717 1.5187
0.16767 1.5237
0.16817 1.5287
0.16867 1.5337
0.16917 1.5387
0.16967 1.5438
0.17017 1.5488
0.17067 1.5538
0.17117 1.5589
0.17167 1.5639
0.17217 1.569
0.17267 1.5741
0.17317 1.5791
0.17367 1.5842
0.17417 1.5893
0.17467 1.5944
0.17518 1.5995
0.17568 1.6046
0.17618 1.6097
0.17668 1.6148
0.17718 1.6199
0.17768 1.625
0.17818 1.6301
0.17868 1.6352
0.17918 1.6404
0.17968 1.6455
0.18018 1.6506
0.18068 1.6558
0.18118 1.6609
0.18168 1.666
0.18218 1.6711
0.18268 1.6763
0.18318 1.6814
0.18368 1.6866
0.18418 1.6917
0.18468 1.6968
0.18519 1.702
0.18569 1.7071
0.18619 1.7122
0.18669 1.7174
0.18719 1.7225
0.18769 1.7276
0.18819 1.7327
0.18869 1.7379
0.18919 1.743
0.18969 1.7481
0.19019 1.7532
0.19069 1.7583
0.19119 1.7634
0.19169 1.7685
0.19219 1.7736
0.19269 1.7787
0.19319 1.7838
0.19369 1.7889
0.19419 1.7939
0.19469 1.799
0.1952 1.8041
0.1957 1.8091
0.1962 1.8142
0.1967 1.8192
0.1972 1.8242
0.1977 1.8293
0.1982 1.8343
0.1987 1.8393
0.1992 1.8443
0.1997 1.8492
0.2002 1.8542
0.2007 1.8592
0.2012 1.8641
0.2017 1.8691
0.2022 1.874
0.2027 1.8789
0.2032 1.8838
0.2037 1.8887
0.2042 1.8936
0.2047 1.8985
0.20521 1.9033
0.20571 1.9082
0.20621 1.913
0.20671 1.9178
0.20721 1.9226
0.20771 1.9274
0.20821 1.9321
0.20871 1.9369
0.20921 1.9416
0.20971 1.9463
0.21021 1.951
0.21071 1.9557
0.21121 1.9604
0.21171 1.965
0.21221 1.9697
0.21271 1.9743
0.21321 1.9789
0.21371 1.9834
0.21421 1.988
0.21471 1.9925
0.21522 1.997
0.21572 2.0015
0.21622 2.006
0.21672 2.0105
0.21722 2.0149
0.21772 2.0193
0.21822 2.0237
0.21872 2.028
0.21922 2.0324
0.21972 2.0367
0.22022 2.041
0.22072 2.0453
0.22122 2.0495
0.22172 2.0537
0.22222 2.0579
0.22272 2.0621
0.22322 2.0662
0.22372 2.0703
0.22422 2.0744
0.22472 2.0785
0.22523 2.0825
0.22573 2.0865
0.22623 2.0905
0.22673 2.0945
0.22723 2.0984
0.22773 2.1023
0.22823 2.1061
0.22873 2.11
0.22923 2.1138
0.22973 2.1175
0.23023 2.1213
0.23073 2.125
0.23123 2.1287
0.23173 2.1323
0.23223 2.136
0.23273 2.1395
0.23323 2.1431
0.23373 2.1466
0.23423 2.1501
0.23473 2.1535
0.23524 2.157
0.23574 2.1603
0.23624 2.1637
0.23674 2.167
0.23724 2.1703
0.23774 2.1735
0.23824 2.1767
0.23874 2.1799
0.23924 2.183
0.23974 2.1861
0.24024 2.1892
0.24074 2.1922
0.24124 2.1951
0.24174 2.1981
0.24224 2.201
0.24274 2.2038
0.24324 2.2067
0.24374 2.2094
0.24424 2.2122
0.24474 2.2149
0.24525 2.2175
0.24575 2.2201
0.24625 2.2227
0.24675 2.2252
0.24725 2.2277
0.24775 2.2302
0.24825 2.2325
0.24875 2.2349
0.24925 2.2372
0.24975 2.2395
0.25025 2.2417
0.25075 2.2438
0.25125 2.246
0.25175 2.248
0.25225 2.2501
0.25275 2.252
0.25325 2.254
0.25375 2.2559
0.25425 2.2577
0.25475 2.2595
0.25526 2.2612
0.25576 2.2629
0.25626 2.2645
0.25676 2.2661
0.25726 2.2676
0.25776 2.2691
0.25826 2.2705
0.25876 2.2719
0.25926 2.2732
0.25976 2.2744
0.26026 2.2756
0.26076 2.2768
0.26126 2.2779
0.26176 2.2789
0.26226 2.2799
0.26276 2.2808
0.26326 2.2816
0.26376 2.2824
0.26426 2.2832
0.26476 2.2839
0.26527 2.2845
0.26577 2.285
0.26627 2.2855
0.26677 2.2859
0.26727 2.2863
0.26777 2.2866
0.26827 2.2868
0.26877 2.287
0.26927 2.2871
0.26977 2.2872
0.27027 2.2871
0.27077 2.287
0.27127 2.2869
0.27177 2.2866
0.27227 2.2863
0.27277 2.2859
0.27327 2.2855
0.27377 2.285
0.27427 2.2844
0.27477 2.2837
0.27528 2.283
0.27578 2.2821
0.27628 2.2812
0.27678 2.2803
0.27728 2.2792
0.27778 2.2781
0.27828 2.2769
0.27878 2.2756
0.27928 2.2742
0.27978 2.2727
0.28028 2.2712
0.28078 2.2695
0.28128 2.2678
0.28178 2.266
0.28228 2.2641
0.28278 2.2622
0.28328 2.2601
0.28378 2.2579
0.28428 2.2557
0.28478 2.2534
0.28529 2.2509
0.28579 2.2484
0.28629 2.2458
0.28679 2.2431
0.28729 2.2403
0.28779 2.2374
0.28829 2.2343
0.28879 2.2312
0.28929 2.228
0.28979 2.2247
0.29029 2.2213
0.29079 2.2178
0.29129 2.2142
0.29179 2.2105
0.29229 2.2067
0.29279 2.2027
0.29329 2.1987
0.29379 2.1946
0.29429 2.1903
0.29479 2.186
0.2953 2.1815
0.2958 2.1769
0.2963 2.1722
0.2968 2.1675
0.2973 2.1626
0.2978 2.1575
0.2983 2.1524
0.2988 2.1472
0.2993 2.1419
0.2998 2.1364
0.3003 2.1309
0.3008 2.1252
0.3013 2.1194
0.3018 2.1136
0.3023 2.1076
0.3028 2.1015
0.3033 2.0953
0.3038 2.089
0.3043 2.0826
0.3048 2.0761
0.30531 2.0696
0.30581 2.0629
0.30631 2.0561
0.30681 2.0492
0.30731 2.0422
0.30781 2.0352
0.30831 2.0281
0.30881 2.0208
0.30931 2.0135
0.30981 2.0062
0.31031 1.9987
0.31081 1.9912
0.31131 1.9836
0.31181 1.9759
0.31231 1.9682
0.31281 1.9605
0.31331 1.9526
0.31381 1.9448
0.31431 1.9368
0.31481 1.9289
0.31532 1.9209
0.31582 1.9128
0.31632 1.9048
0.31682 1.8967
0.31732 1.8886
0.31782 1.8805
0.31832 1.8724
0.31882 1.8642
0.31932 1.8561
0.31982 1.8479
0.32032 1.8398
0.32082 1.8317
0.32132 1.8236
0.32182 1.8155
0.32232 1.8074
0.32282 1.7994
0.32332 1.7914
0.32382 1.7834
0.32432 1.7754
0.32482 1.7675
0.32533 1.7597
0.32583 1.7518
0.32633 1.7441
0.32683 1.7364
0.32733 1.7287
0.32783 1.7211
0.32833 1.7135
0.32883 1.7061
0.32933 1.6986
0.32983 1.6913
0.33033 1.684
0.33083 1.6768
0.33133 1.6696
0.33183 1.6625
0.33233 1.6555
0.33283 1.6486
0.33333 1.6417
0.33383 1.6349
0.33433 1.6282
0.33483 1.6216
0.33534 1.615
0.33584 1.6085
0.33634 1.6021
0.33684 1.5958
0.33734 1.5895
0.33784 1.5833
0.33834 1.5772
0.33884 1.5712
0.33934 1.5652
0.33984 1.5593
0.34034 1.5535
0.34084 1.5478
0.34134 1.5421
0.34184 1.5366
0.34234 1.531
0.34284 1.5256
0.34334 1.5202
0.34384 1.5149
0.34434 1.5097
0.34484 1.5045
0.34535 1.4994
0.34585 1.4944
0.34635 1.4894
0.34685 1.4845
0.34735 1.4797
0.34785 1.4749
0.34835 1.4702
0.34885 1.4655
0.34935 1.4609
0.34985 1.4564
0.35035 1.4519
0.35085 1.4475
0.35135 1.4431
0.35185 1.4388
0.35235 1.4345
0.35285 1.4303
0.35335 1.4262
0.35385 1.4221
0.35435 1.418
0.35485 1.414
0.35536 1.4101
0.35586 1.4062
0.35636 1.4023
0.35686 1.3985
0.35736 1.3947
0.35786 1.391
0.35836 1.3873
0.35886 1.3837
0.35936 1.3801
0.35986 1.3765
0.36036 1.373
0.36086 1.3696
0.36136 1.3661
0.36186 1.3627
0.36236 1.3594
0.36286 1.3561
0.36336 1.3528
0.36386 1.3495
0.36436 1.3463
0.36486 1.3432
0.36537 1.34
0.36587 1.3369
0.36637 1.3338
0.36687 1.3308
0.36737 1.3278
0.36787 1.3248
0.36837 1.3218
0.36887 1.3189
0.36937 1.316
0.36987 1.3132
0.37037 1.3103
0.37087 1.3075
0.37137 1.3048
0.37187 1.302
0.37237 1.2993
0.37287 1.2966
0.37337 1.2939
0.37387 1.2913
0.37437 1.2886
0.37487 1.2861
0.37538 1.2835
0.37588 1.2809
0.37638 1.2784
0.37688 1.2759
0.37738 1.2734
0.37788 1.271
0.37838 1.2685
0.37888 1.2661
0.37938 1.2637
0.37988 1.2613
0.38038 1.259
0.38088 1.2567
0.38138 1.2543
0.38188 1.252
0.38238 1.2498
0.38288 1.2475
0.38338 1.2453
0.38388 1.2431
0.38438 1.2409
0.38488 1.2387
0.38539 1.2365
0.38589 1.2344
0.38639 1.2322
0.38689 1.2301
0.38739 1.228
0.38789 1.2259
0.38839 1.2239
0.38889 1.2218
0.38939 1.2198
0.38989 1.2178
0.39039 1.2158
0.39089 1.2138
0.39139 1.2118
0.39189 1.2098
0.39239 1.2079
0.39289 1.206
0.39339 1.204
0.39389 1.2021
0.39439 1.2002
0.39489 1.1984
0.3954 1.1965
0.3959 1.1946
0.3964 1.1928
0.3969 1.191
0.3974 1.1892
0.3979 1.1874
0.3984 1.1856
0.3989 1.1838
0.3994 1.182
0.3999 1.1803
0.4004 1.1785
0.4009 1.1768
0.4014 1.1751
0.4019 1.1734
0.4024 1.1717
0.4029 1.17
0.4034 1.1683
0.4039 1.1666
0.4044 1.165
0.4049 1.1633
0.40541 1.1617
0.40591 1.1601
0.40641 1.1585
0.40691 1.1568
0.40741 1.1552
0.40791 1.1537
0.40841 1.1521
0.40891 1.1505
0.40941 1.1489
0.40991 1.1474
0.41041 1.1459
0.41091 1.1443
0.41141 1.1428
0.41191 1.1413
0.41241 1.1398
0.41291 1.1383
0.41341 1.1368
0.41391 1.1353
0.41441 1.1338
0.41491 1.1323
0.41542 1.1309
0.41592 1.1294
0.41642 1.128
0.41692 1.1265
0.41742 1.1251
0.41792 1.1237
0.41842 1.1223
0.41892 1.1209
0.41942 1.1195
0.41992 1.1181
0.42042 1.1167
0.42092 1.1153
0.42142 1.1139
0.42192 1.1126
0.42242 1.1112
0.42292 1.1099
0.42342 1.1085
0.42392 1.1072
0.42442 1.1058
0.42492 1.1045
0.42543 1.1032
0.42593 1.1019
0.42643 1.1006
0.42693 1.0993
0.42743 1.098
0.42793 1.0967
0.42843 1.0954
0.42893 1.0941
0.42943 1.0929
0.42993 1.0916
0.43043 1.0903
0.43093 1.0891
0.43143 1.0878
0.43193 1.0866
0.43243 1.0853
0.43293 1.0841
0.43343 1.0829
0.43393 1.0817
0.43443 1.0804
0.43493 1.0792
0.43544 1.078
0.43594 1.0768
0.43644 1.0756
0.43694 1.0744
0.43744 1.0732
0.43794 1.0721
0.43844 1.0709
0.43894 1.0697
0.43944 1.0685
0.43994 1.0674
0.44044 1.0662
0.44094 1.0651
0.44144 1.0639
0.44194 1.0628
0.44244 1.0616
0.44294 1.0605
0.44344 1.0594
0.44394 1.0582
0.44444 1.0571
0.44494 1.056
0.44545 1.0549
0.44595 1.0538
0.44645 1.0526
0.44695 1.0515
0.44745 1.0504
0.44795 1.0494
0.44845 1.0483
0.44895 1.0472
0.44945 1.0461
0.44995 1.045
0.45045 1.0439
0.45095 1.0429
0.45145 1.0418
0.45195 1.0407
0.45245 1.0397
0.45295 1.0386
0.45345 1.0376
0.45395 1.0365
0.45445 1.0355
0.45495 1.0344
0.45546 1.0334
0.45596 1.0324
0.45646 1.0313
0.45696 1.0303
0.45746 1.0293
0.45796 1.0283
0.45846 1.0272
0.45896 1.0262
0.45946 1.0252
0.45996 1.0242
0.46046 1.0232
0.46096 1.0222
0.46146 1.0212
0.46196 1.0202
0.46246 1.0192
0.46296 1.0182
0.46346 1.0172
0.46396 1.0162
0.46446 1.0153
0.46496 1.0143
0.46547 1.0133
0.46597 1.0123
0.46647 1.0114
0.46697 1.0104
0.46747 1.0095
0.46797 1.0085
0.46847 1.0075
0.46897 1.0066
0.46947 1.0056
0.46997 1.0047
0.47047 1.0037
0.47097 1.0028
0.47147 1.0019
0.47197 1.0009
0.47247 0.99998
0.47297 0.99905
0.47347 0.99812
0.47397 0.9972
0.47447 0.99627
0.47497 0.99535
0.47548 0.99443
0.47598 0.99352
0.47648 0.9926
0.47698 0.99169
0.47748 0.99078
0.47798 0.98988
0.47848 0.98897
0.47898 0.98807
0.47948 0.98717
0.47998 0.98628
0.48048 0.98538
0.48098 0.98449
0.48148 0.9836
0.48198 0.98271
0.48248 0.98183
0.48298 0.98094
0.48348 0.98006
0.48398 0.97919
0.48448 0.97831
0.48498 0.97744
0.48549 0.97657
0.48599 0.9757
0.48649 0.97483
0.48699 0.97396
0.48749 0.9731
0.48799 0.97224
0.48849 0.97138
0.48899 0.97053
0.48949 0.96967
0.48999 0.96882
0.49049 0.96797
0.49099 0.96712
0.49149 0.96628
0.49199 0.96543
0.49249 0.96459
0.49299 0.96375
0.49349 0.96291
0.49399 0.96208
0.49449 0.96124
0.49499 0.96041
0.4955 0.95958
0.496 0.95875
0.4965 0.95793
0.497 0.9571
0.4975 0.95628
0.498 0.95546
0.4985 0.95464
0.499 0.95382
0.4995 0.95301
0.5 0.95219
0.5005 0.95138
0.501 0.95057
0.5015 0.94977
0.502 0.94896
0.5025 0.94816
0.503 0.94735
0.5035 0.94655
0.504 0.94575
0.5045 0.94496
0.50501 0.94416
0.50551 0.94337
0.50601 0.94258
0.50651 0.94179
0.50701 0.941
0.50751 0.94021
0.50801 0.93943
0.50851 0.93864
0.50901 0.93786
0.50951 0.93708
0.51001 0.9363
0.51051 0.93553
0.51101 0.93475
0.51151 0.93398
0.51201 0.9332
0.51251 0.93243
0.51301 0.93166
0.51351 0.9309
0.51401 0.93013
0.51451 0.92937
0.51502 0.9286
0.51552 0.92784
0.51602 0.92708
0.51652 0.92633
0.51702 0.92557
0.51752 0.92482
0.51802 0.92406
0.51852 0.92331
0.51902 0.92256
0.51952 0.92181
0.52002 0.92106
0.52052 0.92032
0.52102 0.91957
0.52152 0.91883
0.52202 0.91809
0.52252 0.91735
0.52302 0.91661
0.52352 0.91587
0.52402 0.91514
0.52452 0.9144
0.52503 0.91367
0.52553 0.91294
0.52603 0.91221
0.52653 0.91148
0.52703 0.91075
0.52753 0.91002
0.52803 0.9093
0.52853 0.90857
0.52903 0.90785
0.52953 0.90713
0.53003 0.90641
0.53053 0.90569
0.53103 0.90498
0.53153 0.90426
0.53203 0.90355
0.53253 0.90284
0.53303 0.90212
0.53353 0.90141
0.53403 0.90071
0.53453 0.9
0.53504 0.89929
0.53554 0.89859
0.53604 0.89788
0.53654 0.89718
0.53704 0.89648
0.53754 0.89578
0.53804 0.89508
0.53854 0.89438
0.53904 0.89369
0.53954 0.89299
0.54004 0.8923
0.54054 0.89161
0.54104 0.89092
0.54154 0.89023
0.54204 0.88954
0.54254 0.88885
0.54304 0.88816
0.54354 0.88748
0.54404 0.88679
0.54454 0.88611
0.54505 0.88543
0.54555 0.88475
0.54605 0.88407
0.54655 0.88339
0.54705 0.88272
0.54755 0.88204
0.54805 0.88137
0.54855 0.88069
0.54905 0.88002
0.54955 0.87935
0.55005 0.87868
0.55055 0.87801
0.55105 0.87734
0.55155 0.87668
0.55205 0.87601
0.55255 0.87535
0.55305 0.87469
0.55355 0.87402
0.55405 0.87336
0.55455 0.8727
0.55506 0.87205
0.55556 0.87139
0.55606 0.87073
0.55656 0.87008
0.55706 0.86942
0.55756 0.86877
0.55806 0.86812
0.55856 0.86747
0.55906 0.86682
0.55956 0.86617
0.56006 0.86552
0.56056 0.86488
0.56106 0.86423
0.56156 0.86359
0.56206 0.86294
0.56256 0.8623
0.56306 0.86166
0.56356 0.86102
0.56406 0.86038
0.56456 0.85974
0.56507 0.85911
0.56557 0.85847
0.56607 0.85784
0.56657 0.8572
0.56707 0.85657
0.56757 0.85594
0.56807 0.85531
0.56857 0.85468
0.56907 0.85405
0.56957 0.85342
0.57007 0.8528
0.57057 0.85217
0.57107 0.85155
0.57157 0.85092
0.57207 0.8503
0.57257 0.84968
0.57307 0.84906
0.57357 0.84844
0.57407 0.84782
0.57457 0.8472
0.57508 0.84659
0.57558 0.84597
0.57608 0.84536
0.57658 0.84475
0.57708 0.84413
0.57758 0.84352
0.57808 0.84291
0.57858 0.8423
0.57908 0.84169
0.57958 0.84109
0.58008 0.84048
0.58058 0.83988
0.58108 0.83927
0.58158 0.83867
0.58208 0.83807
0.58258 0.83746
0.58308 0.83686
0.58358 0.83626
0.58408 0.83567
0.58458 0.83507
0.58509 0.83447
0.58559 0.83388
0.58609 0.83328
0.58659 0.83269
0.58709 0.83209
0.58759 0.8315
0.58809 0.83091
0.58859 0.83032
0.58909 0.82973
0.58959 0.82915
0.59009 0.82856
0.59059 0.82797
0.59109 0.82739
0.59159 0.8268
0.59209 0.82622
0.59259 0.82564
0.59309 0.82506
0.59359 0.82448
0.59409 0.8239
0.59459 0.82332
0.5951 0.82274
0.5956 0.82216
0.5961 0.82159
0.5966 0.82101
0.5971 0.82044
0.5976 0.81987
0.5981 0.81929
0.5986 0.81872
0.5991 0.81815
0.5996 0.81758
0.6001 0.81702
0.6006 0.81645
0.6011 0.81588
0.6016 0.81532
0.6021 0.81475
0.6026 0.81419
0.6031 0.81363
0.6036 0.81306
0.6041 0.8125
0.6046 0.81194
0.60511 0.81138
0.60561 0.81083
0.60611 0.81027
0.60661 0.80971
0.60711 0.80916
0.60761 0.8086
0.60811 0.80805
0.60861 0.8075
0.60911 0.80694
0.60961 0.80639
0.61011 0.80584
0.61061 0.80529
0.61111 0.80475
0.61161 0.8042
0.61211 0.80365
0.61261 0.80311
0.61311 0.80256
0.61361 0.80202
0.61411 0.80148
0.61461 0.80093
0.61512 0.80039
0.61562 0.79985
0.61612 0.79931
0.61662 0.79878
0.61712 0.79824
0.61762 0.7977
0.61812 0.79717
0.61862 0.79663
0.61912 0.7961
0.61962 0.79556
0.62012 0.79503
0.62062 0.7945
0.62112 0.79397
0.62162 0.79344
0.62212 0.79291
0.62262 0.79239
0.62312 0.79186
0.62362 0.79133
0.62412 0.79081
0.62462 0.79028
0.62513 0.78976
0.62563 0.78924
0.62613 0.78872
0.62663 0.7882
0.62713 0.78768
0.62763 0.78716
0.62813 0.78664
0.62863 0.78612
0.62913 0.78561
0.62963 0.78509
0.63013 0.78458
0.63063 0.78406
0.63113 0.78355
0.63163 0.78304
0.63213 0.78253
0.63263 0.78202
0.63313 0.78151
0.63363 0.781
0.63413 0.7805
0.63463 0.77999
0.63514 0.77948
0.63564 0.77898
0.63614 0.77848
0.63664 0.77797
0.63714 0.77747
0.63764 0.77697
0.63814 0.77647
0.63864 0.77597
0.63914 0.77547
0.63964 0.77497
0.64014 0.77448
0.64064 0.77398
0.64114 0.77349
0.64164 0.77299
0.64214 0.7725
0.64264 0.77201
0.64314 0.77151
0.64364 0.77102
0.64414 0.77053
0.64464 0.77005
0.64515 0.76956
0.64565 0.76907
0.64615 0.76858
0.64665 0.7681
0.64715 0.76761
0.64765 0.76713
0.64815 0.76665
0.64865 0.76617
0.64915 0.76569
0.64965 0.76521
0.65015 0.76473
0.65065 0.76425
0.65115 0.76377
0.65165 0.76329
0.65215 0.76282
0.65265 0.76234
0.65315 0.76187
0.65365 0.7614
0.65415 0.76092
0.65465 0.76045
0.65516 0.75998
0.65566 0.75951
0.65616 0.75904
0.65666 0.75858
0.65716 0.75811
0.65766 0.75764
0.65816 0.75718
0.65866 0.75671
0.65916 0.75625
0.65966 0.75579
0.66016 0.75533
0.66066 0.75486
0.66116 0.7544
0.66166 0.75395
0.66216 0.75349
0.66266 0.75303
0.66316 0.75257
0.66366 0.75212
0.66416 0.75166
0.66466 0.75121
0.66517 0.75076
0.66567 0.7503
0.66617 0.74985
0.66667 0.7494
0.66717 0.74895
0.66767 0.7485
0.66817 0.74806
0.66867 0.74761
0.66917 0.74716
0.66967 0.74672
0.67017 0.74627
0.67067 0.74583
0.67117 0.74539
0.67167 0.74495
0.67217 0.74451
0.67267 0.74407
0.67317 0.74363
0.67367 0.74319
0.67417 0.74275
0.67467 0.74231
0.67518 0.74188
0.67568 0.74144
0.67618 0.74101
0.67668 0.74058
0.67718 0.74015
0.67768 0.73971
0.67818 0.73928
0.67868 0.73885
0.67918 0.73843
0.67968 0.738
0.68018 0.73757
0.68068 0.73714
0.68118 0.73672
0.68168 0.7363
0.68218 0.73587
0.68268 0.73545
0.68318 0.73503
0.68368 0.73461
0.68418 0.73419
0.68468 0.73377
0.68519 0.73335
0.68569 0.73293
0.68619 0.73252
0.68669 0.7321
0.68719 0.73169
0.68769 0.73127
0.68819 0.73086
0.68869 0.73045
0.68919 0.73004
0.68969 0.72963
0.69019 0.72922
0.69069 0.72881
0.69119 0.7284
0.69169 0.72799
0.69219 0.72759
0.69269 0.72718
0.69319 0.72678
0.69369 0.72637
0.69419 0.72597
0.69469 0.72557
0.6952 0.72517
0.6957 0.72477
0.6962 0.72437
0.6967 0.72397
0.6972 0.72357
0.6977 0.72318
0.6982 0.72278
0.6987 0.72239
0.6992 0.72199
0.6997 0.7216
0.7002 0.72121
0.7007 0.72082
0.7012 0.72043
0.7017 0.72004
0.7022 0.71965
0.7027 0.71926
0.7032 0.71887
0.7037 0.71849
0.7042 0.7181
0.7047 0.71772
0.70521 0.71733
0.70571 0.71695
0.70621 0.71657
0.70671 0.71619
0.70721 0.71581
0.70771 0.71543
0.70821 0.71505
0.70871 0.71467
0.70921 0.71429
0.70971 0.71392
0.71021 0.71354
0.71071 0.71317
0.71121 0.71279
0.71171 0.71242
0.71221 0.71205
0.71271 0.71168
0.71321 0.71131
0.71371 0.71094
0.71421 0.71057
0.71471 0.7102
0.71522 0.70984
0.71572 0.70947
0.71622 0.7091
0.71672 0.70874
0.71722 0.70838
0.71772 0.70801
0.71822 0.70765
0.71872 0.70729
0.71922 0.70693
0.71972 0.70657
0.72022 0.70621
0.72072 0.70586
0.72122 0.7055
0.72172 0.70514
0.72222 0.70479
0.72272 0.70443
0.72322 0.70408
0.72372 0.70373
0.72422 0.70337
0.72472 0.70302
0.72523 0.70267
0.72573 0.70232
0.72623 0.70197
0.72673 0.70163
0.72723 0.70128
0.72773 0.70093
0.72823 0.70059
0.72873 0.70024
0.72923 0.6999
0.72973 0.69956
0.73023 0.69921
0.73073 0.69887
0.73123 0.69853
0.73173 0.69819
0.73223 0.69785
0.73273 0.69751
0.73323 0.69718
0.73373 0.69684
0.73423 0.6965
0.73473 0.69617
0.73524 0.69583
0.73574 0.6955
0.73624 0.69517
0.73674 0.69483
0.73724 0.6945
0.73774 0.69417
0.73824 0.69384
0.73874 0.69351
0.73924 0.69319
0.73974 0.69286
0.74024 0.69253
0.74074 0.69221
0.74124 0.69188
0.74174 0.69156
0.74224 0.69123
0.74274 0.69091
0.74324 0.69059
0.74374 0.69027
0.74424 0.68994
0.74474 0.68962
0.74525 0.68931
0.74575 0.68899
0.74625 0.68867
0.74675 0.68835
0.74725 0.68804
0.74775 0.68772
0.74825 0.68741
0.74875 0.68709
0.74925 0.68678
0.74975 0.68646
0.75025 0.68615
0.75075 0.68584
0.75125 0.68553
0.75175 0.68522
0.75225 0.68491
0.75275 0.6846
0.75325 0.6843
0.75375 0.68399
0.75425 0.68368
0.75475 0.68338
0.75526 0.68307
0.75576 0.68277
0.75626 0.68246
0.75676 0.68216
0.75726 0.68186
0.75776 0.68156
0.75826 0.68126
0.75876 0.68096
0.75926 0.68066
0.75976 0.68036
0.76026 0.68006
0.76076 0.67976
0.76126 0.67947
0.76176 0.67917
0.76226 0.67887
0.76276 0.67858
0.76326 0.67829
0.76376 0.67799
0.76426 0.6777
0.76476 0.67741
0.76527 0.67712
0.76577 0.67682
0.76627 0.67653
0.76677 0.67624
0.76727 0.67596
0.76777 0.67567
0.76827 0.67538
0.76877 0.67509
0.76927 0.6748
0.76977 0.67452
0.77027 0.67423
0.77077 0.67395
0.77127 0.67366
0.77177 0.67338
0.77227 0.6731
0.77277 0.67282
0.77327 0.67253
0.77377 0.67225
0.77427 0.67197
0.77477 0.67169
0.77528 0.67141
0.77578 0.67113
0.77628 0.67086
0.77678 0.67058
0.77728 0.6703
0.77778 0.67002
0.77828 0.66975
0.77878 0.66947
0.77928 0.6692
0.77978 0.66892
0.78028 0.66865
0.78078 0.66838
0.78128 0.66811
0.78178 0.66783
0.78228 0.66756
0.78278 0.66729
0.78328 0.66702
0.78378 0.66675
0.78428 0.66648
0.78478 0.66621
0.78529 0.66594
0.78579 0.66568
0.78629 0.66541
0.78679 0.66514
0.78729 0.66488
0.78779 0.66461
0.78829 0.66435
0.78879 0.66408
0.78929 0.66382
0.78979 0.66356
0.79029 0.66329
0.79079 0.66303
0.79129 0.66277
0.79179 0.66251
0.79229 0.66224
0.79279 0.66198
0.79329 0.66172
0.79379 0.66146
0.79429 0.66121
0.79479 0.66095
0.7953 0.66069
0.7958 0.66043
0.7963 0.66018
0.7968 0.65992
0.7973 0.65966
0.7978 0.65941
0.7983 0.65915
0.7988 0.6589
0.7993 0.65864
0.7998 0.65839
0.8003 0.65814
0.8008 0.65788
0.8013 0.65763
0.8018 0.65738
0.8023 0.65713
0.8028 0.65688
0.8033 0.65663
0.8038 0.65638
0.8043 0.65613
0.8048 0.65588
0.80531 0.65563
0.80581 0.65538
0.80631 0.65514
0.80681 0.65489
0.80731 0.65464
0.80781 0.6544
0.80831 0.65415
0.80881 0.65391
0.80931 0.65366
0.80981 0.65342
0.81031 0.65317
0.81081 0.65293
0.81131 0.65269
0.81181 0.65244
0.81231 0.6522
0.81281 0.65196
0.81331 0.65172
0.81381 0.65148
0.81431 0.65124
0.81481 0.651
0.81532 0.65076
0.81582 0.65052
0.81632 0.65028
0.81682 0.65004
0.81732 0.64981
0.81782 0.64957
0.81832 0.64933
0.81882 0.6491
0.81932 0.64886
0.81982 0.64863
0.82032 0.64839
0.82082 0.64816
0.82132 0.64792
0.82182 0.64769
0.82232 0.64746
0.82282 0.64722
0.82332 0.64699
0.82382 0.64676
0.82432 0.64653
0.82482 0.6463
0.82533 0.64607
0.82583 0.64584
0.82633 0.64561
0.82683 0.64538
0.82733 0.64515
0.82783 0.64492
0.82833 0.64469
0.82883 0.64447
0.82933 0.64424
0.82983 0.64402
0.83033 0.64379
0.83083 0.64356
0.83133 0.64334
0.83183 0.64312
0.83233 0.64289
0.83283 0.64267
0.83333 0.64245
0.83383 0.64222
0.83433 0.642
0.83483 0.64178
0.83534 0.64156
0.83584 0.64134
0.83634 0.64112
0.83684 0.6409
0.83734 0.64068
0.83784 0.64047
0.83834 0.64025
0.83884 0.64003
0.83934 0.63982
0.83984 0.6396
0.84034 0.63938
0.84084 0.63917
0.84134 0.63895
0.84184 0.63874
0.84234 0.63853
0.84284 0.63831
0.84334 0.6381
0.84384 0.63789
0.84434 0.63768
0.84484 0.63747
0.84535 0.63726
0.84585 0.63705
0.84635 0.63684
0.84685 0.63663
0.84735 0.63642
0.84785 0.63622
0.84835 0.63601
0.84885 0.63581
0.84935 0.6356
0.84985 0.6354
0.85035 0.63519
0.85085 0.63499
0.85135 0.63479
0.85185 0.63458
0.85235 0.63438
0.85285 0.63418
0.85335 0.63398
0.85385 0.63378
0.85435 0.63358
0.85485 0.63339
0.85536 0.63319
0.85586 0.63299
0.85636 0.6328
0.85686 0.6326
0.85736 0.6324
0.85786 0.63221
0.85836 0.63202
0.85886 0.63182
0.85936 0.63163
0.85986 0.63144
0.86036 0.63125
0.86086 0.63106
0.86136 0.63087
0.86186 0.63068
0.86236 0.6305
0.86286 0.63031
0.86336 0.63012
0.86386 0.62994
0.86436 0.62975
0.86486 0.62957
0.86537 0.62939
0.86587 0.62921
0.86637 0.62903
0.86687 0.62884
0.86737 0.62867
0.86787 0.62849
0.86837 0.62831
0.86887 0.62813
0.86937 0.62796
0.86987 0.62778
0.87037 0.62761
0.87087 0.62743
0.87137 0.62726
0.87187 0.62709
0.87237 0.62692
0.87287 0.62675
0.87337 0.62658
0.87387 0.62641
0.87437 0.62625
0.87487 0.62608
0.87538 0.62591
0.87588 0.62575
0.87638 0.62559
0.87688 0.62543
0.87738 0.62526
0.87788 0.6251
0.87838 0.62495
0.87888 0.62479
0.87938 0.62463
0.87988 0.62447
0.88038 0.62432
0.88088 0.62417
0.88138 0.62401
0.88188 0.62386
0.88238 0.62371
0.88288 0.62356
0.88338 0.62342
0.88388 0.62327
0.88438 0.62312
0.88488 0.62298
0.88539 0.62283
0.88589 0.62269
0.88639 0.62255
0.88689 0.62241
0.88739 0.62227
0.88789 0.62214
0.88839 0.622
0.88889 0.62186
0.88939 0.62173
0.88989 0.6216
0.89039 0.62147
0.89089 0.62134
0.89139 0.62121
0.89189 0.62108
0.89239 0.62096
0.89289 0.62083
0.89339 0.62071
0.89389 0.62059
0.89439 0.62047
0.89489 0.62035
0.8954 0.62023
0.8959 0.62011
0.8964 0.62
0.8969 0.61989
0.8974 0.61977
0.8979 0.61966
0.8984 0.61956
0.8989 0.61945
0.8994 0.61934
0.8999 0.61924
0.9004 0.61914
0.9009 0.61904
0.9014 0.61894
0.9019 0.61884
0.9024 0.61874
0.9029 0.61865
0.9034 0.61855
0.9039 0.61846
0.9044 0.61837
0.9049 0.61829
0.90541 0.6182
0.90591 0.61811
0.90641 0.61803
0.90691 0.61795
0.90741 0.61787
0.90791 0.61779
0.90841 0.61772
0.90891 0.61764
0.90941 0.61757
0.90991 0.6175
0.91041 0.61743
0.91091 0.61737
0.91141 0.6173
0.91191 0.61724
0.91241 0.61718
0.91291 0.61712
0.91341 0.61706
0.91391 0.61701
0.91441 0.61695
0.91491 0.6169
0.91542 0.61685
0.91592 0.6168
0.91642 0.61676
0.91692 0.61672
0.91742 0.61668
0.91792 0.61664
0.91842 0.6166
0.91892 0.61657
0.91942 0.61653
0.91992 0.6165
0.92042 0.61647
0.92092 0.61645
0.92142 0.61642
0.92192 0.6164
0.92242 0.61638
0.92292 0.61637
0.92342 0.61635
0.92392 0.61634
0.92442 0.61633
0.92492 0.61632
0.92543 0.61632
0.92593 0.61631
0.92643 0.61631
0.92693 0.61632
0.92743 0.61632
0.92793 0.61633
0.92843 0.61634
0.92893 0.61635
0.92943 0.61636
0.92993 0.61638
0.93043 0.6164
0.93093 0.61642
0.93143 0.61645
0.93193 0.61647
0.93243 0.6165
0.93293 0.61654
0.93343 0.61657
0.93393 0.61661
0.93443 0.61665
0.93493 0.61669
0.93544 0.61674
0.93594 0.61679
0.93644 0.61684
0.93694 0.61689
0.93744 0.61695
0.93794 0.61701
0.93844 0.61708
0.93894 0.61714
0.93944 0.61721
0.93994 0.61728
0.94044 0.61736
0.94094 0.61744
0.94144 0.61752
0.94194 0.6176
0.94244 0.61769
0.94294 0.61778
0.94344 0.61787
0.94394 0.61797
0.94444 0.61807
0.94494 0.61817
0.94545 0.61828
0.94595 0.61839
0.94645 0.6185
0.94695 0.61862
0.94745 0.61874
0.94795 0.61886
0.94845 0.61898
0.94895 0.61911
0.94945 0.61925
0.94995 0.61938
0.95045 0.61952
0.95095 0.61966
0.95145 0.61981
0.95195 0.61996
0.95245 0.62011
0.95295 0.62027
0.95345 0.62043
0.95395 0.6206
0.95445 0.62076
0.95495 0.62094
0.95546 0.62111
0.95596 0.62129
0.95646 0.62147
0.95696 0.62166
0.95746 0.62185
0.95796 0.62205
0.95846 0.62224
0.95896 0.62245
0.95946 0.62265
0.95996 0.62286
0.96046 0.62308
0.96096 0.62329
0.96146 0.62352
0.96196 0.62374
0.96246 0.62397
0.96296 0.62421
0.96346 0.62444
0.96396 0.62469
0.96446 0.62493
0.96496 0.62518
0.96547 0.62544
0.96597 0.6257
0.96647 0.62596
0.96697 0.62623
0.96747 0.6265
0.96797 0.62678
0.96847 0.62706
0.96897 0.62735
0.96947 0.62764
0.96997 0.62793
0.97047 0.62823
0.97097 0.62853
0.97147 0.62884
0.97197 0.62915
0.97247 0.62947
0.97297 0.62979
0.97347 0.63012
0.97397 0.63045
0.97447 0.63079
0.97497 0.63113
0.97548 0.63148
0.97598 0.63183
0.97648 0.63218
0.97698 0.63254
0.97748 0.63291
0.97798 0.63328
0.97848 0.63366
0.97898 0.63404
0.97948 0.63442
0.97998 0.63481
0.98048 0.63521
0.98098 0.63561
0.98148 0.63602
0.98198 0.63643
0.98248 0.63685
0.98298 0.63727
0.98348 0.6377
0.98398 0.63813
0.98448 0.63857
0.98498 0.63901
0.98549 0.63946
0.98599 0.63992
0.98649 0.64038
0.98699 0.64084
0.98749 0.64132
0.98799 0.64179
0.98849 0.64228
0.98899 0.64276
0.98949 0.64326
0.98999 0.64376
0.99049 0.64427
0.99099 0.64478
0.99149 0.6453
0.99199 0.64582
0.99249 0.64635
0.99299 0.64689
0.99349 0.64743
0.99399 0.64798
0.99449 0.64853
0.99499 0.64909
0.9955 0.64966
0.996 0.65023
0.9965 0.65081
0.997 0.65139
0.9975 0.65199
0.998 0.65258
0.9985 0.65319
0.999 0.6538
0.9995 0.65442
1 0.65504
