time energy 
0 0.68061
0.0005005 0.68063
0.001001 0.68066
0.0015015 0.68068
0.002002 0.68071
0.0025025 0.68074
0.003003 0.68077
0.0035035 0.68081
0.004004 0.68084
0.0045045 0.68088
0.005005 0.68091
0.0055055 0.68095
0.006006 0.68099
0.0065065 0.68104
0.007007 0.68108
0.0075075 0.68113
0.008008 0.68118
0.0085085 0.68122
0.009009 0.68128
0.0095095 0.68133
0.01001 0.68138
0.010511 0.68144
0.011011 0.6815
0.011512 0.68156
0.012012 0.68162
0.012513 0.68168
0.013013 0.68175
0.013514 0.68181
0.014014 0.68188
0.014515 0.68195
0.015015 0.68202
0.015516 0.6821
0.016016 0.68217
0.016517 0.68225
0.017017 0.68233
0.017518 0.68241
0.018018 0.68249
0.018519 0.68258
0.019019 0.68266
0.01952 0.68275
0.02002 0.68284
0.020521 0.68293
0.021021 0.68302
0.021522 0.68312
0.022022 0.68321
0.022523 0.68331
0.023023 0.68341
0.023524 0.68351
0.024024 0.68361
0.024525 0.68371
0.025025 0.68382
0.025526 0.68393
0.026026 0.68403
0.026527 0.68414
0.027027 0.68426
0.027528 0.68437
0.028028 0.68448
0.028529 0.6846
0.029029 0.68471
0.02953 0.68483
0.03003 0.68495
0.030531 0.68507
0.031031 0.68519
0.031532 0.68531
0.032032 0.68544
0.032533 0.68556
0.033033 0.68569
0.033534 0.68582
0.034034 0.68594
0.034535 0.68607
0.035035 0.6862
0.035536 0.68633
0.036036 0.68646
0.036537 0.6866
0.037037 0.68673
0.037538 0.68686
0.038038 0.687
0.038539 0.68713
0.039039 0.68727
0.03954 0.68741
0.04004 0.68754
0.040541 0.68768
0.041041 0.68782
0.041542 0.68796
0.042042 0.6881
0.042543 0.68824
0.043043 0.68838
0.043544 0.68851
0.044044 0.68865
0.044545 0.6888
0.045045 0.68894
0.045546 0.68908
0.046046 0.68922
0.046547 0.68936
0.047047 0.6895
0.047548 0.68964
0.048048 0.68978
0.048549 0.68992
0.049049 0.69006
0.04955 0.6902
0.05005 0.69034
0.050551 0.69048
0.051051 0.69062
0.051552 0.69076
0.052052 0.6909
0.052553 0.69104
0.053053 0.69117
0.053554 0.69131
0.054054 0.69145
0.054555 0.69159
0.055055 0.69172
0.055556 0.69186
0.056056 0.69199
0.056557 0.69213
0.057057 0.69226
0.057558 0.6924
0.058058 0.69253
0.058559 0.69266
0.059059 0.69279
0.05956 0.69292
0.06006 0.69305
0.060561 0.69318
0.061061 0.69331
0.061562 0.69344
0.062062 0.69357
0.062563 0.69369
0.063063 0.69382
0.063564 0.69395
0.064064 0.69407
0.064565 0.69419
0.065065 0.69432
0.065566 0.69444
0.066066 0.69456
0.066567 0.69468
0.067067 0.6948
0.067568 0.69492
0.068068 0.69504
0.068569 0.69515
0.069069 0.69527
0.06957 0.69539
0.07007 0.6955
0.070571 0.69562
0.071071 0.69573
0.071572 0.69584
0.072072 0.69595
0.072573 0.69607
0.073073 0.69618
0.073574 0.69629
0.074074 0.6964
0.074575 0.69651
0.075075 0.69661
0.075576 0.69672
0.076076 0.69683
0.076577 0.69694
0.077077 0.69704
0.077578 0.69715
0.078078 0.69725
0.078579 0.69736
0.079079 0.69746
0.07958 0.69756
0.08008 0.69767
0.080581 0.69777
0.081081 0.69787
0.081582 0.69797
0.082082 0.69807
0.082583 0.69818
0.083083 0.69828
0.083584 0.69838
0.084084 0.69848
0.084585 0.69858
0.085085 0.69868
0.085586 0.69878
0.086086 0.69888
0.086587 0.69898
0.087087 0.69908
0.087588 0.69918
0.088088 0.69928
0.088589 0.69938
0.089089 0.69948
0.08959 0.69958
0.09009 0.69968
0.090591 0.69978
0.091091 0.69988
0.091592 0.69998
0.092092 0.70008
0.092593 0.70018
0.093093 0.70028
0.093594 0.70038
0.094094 0.70048
0.094595 0.70058
0.095095 0.70069
0.095596 0.70079
0.096096 0.70089
0.096597 0.70099
0.097097 0.7011
0.097598 0.7012
0.098098 0.7013
0.098599 0.70141
0.099099 0.70151
0.0996 0.70162
0.1001 0.70173
0.1006 0.70183
0.1011 0.70194
0.1016 0.70205
0.1021 0.70215
0.1026 0.70226
0.1031 0.70237
0.1036 0.70248
0.1041 0.70259
0.1046 0.7027
0.10511 0.70281
0.10561 0.70292
0.10611 0.70303
0.10661 0.70314
0.10711 0.70326
0.10761 0.70337
0.10811 0.70348
0.10861 0.7036
0.10911 0.70371
0.10961 0.70383
0.11011 0.70394
0.11061 0.70406
0.11111 0.70417
0.11161 0.70429
0.11211 0.7044
0.11261 0.70452
0.11311 0.70464
0.11361 0.70476
0.11411 0.70487
0.11461 0.70499
0.11512 0.70511
0.11562 0.70523
0.11612 0.70535
0.11662 0.70546
0.11712 0.70558
0.11762 0.7057
0.11812 0.70582
0.11862 0.70594
0.11912 0.70606
0.11962 0.70618
0.12012 0.7063
0.12062 0.70641
0.12112 0.70653
0.12162 0.70665
0.12212 0.70677
0.12262 0.70689
0.12312 0.707
0.12362 0.70712
0.12412 0.70724
0.12462 0.70735
0.12513 0.70747
0.12563 0.70758
0.12613 0.7077
0.12663 0.70781
0.12713 0.70793
0.12763 0.70804
0.12813 0.70815
0.12863 0.70827
0.12913 0.70838
0.12963 0.70849
0.13013 0.7086
0.13063 0.70871
0.13113 0.70881
0.13163 0.70892
0.13213 0.70903
0.13263 0.70913
0.13313 0.70924
0.13363 0.70934
0.13413 0.70944
0.13463 0.70954
0.13514 0.70964
0.13564 0.70974
0.13614 0.70984
0.13664 0.70993
0.13714 0.71003
0.13764 0.71012
0.13814 0.71021
0.13864 0.71031
0.13914 0.71039
0.13964 0.71048
0.14014 0.71057
0.14064 0.71066
0.14114 0.71074
0.14164 0.71082
0.14214 0.7109
0.14264 0.71098
0.14314 0.71106
0.14364 0.71114
0.14414 0.71121
0.14464 0.71129
0.14515 0.71136
0.14565 0.71143
0.14615 0.7115
0.14665 0.71157
0.14715 0.71164
0.14765 0.7117
0.14815 0.71177
0.14865 0.71183
0.14915 0.71189
0.14965 0.71195
0.15015 0.71201
0.15065 0.71206
0.15115 0.71212
0.15165 0.71217
0.15215 0.71223
0.15265 0.71228
0.15315 0.71233
0.15365 0.71238
0.15415 0.71242
0.15465 0.71247
0.15516 0.71251
0.15566 0.71256
0.15616 0.7126
0.15666 0.71264
0.15716 0.71268
0.15766 0.71272
0.15816 0.71275
0.15866 0.71279
0.15916 0.71283
0.15966 0.71286
0.16016 0.71289
0.16066 0.71292
0.16116 0.71296
0.16166 0.71299
0.16216 0.71301
0.16266 0.71304
0.16316 0.71307
0.16366 0.7131
0.16416 0.71312
0.16466 0.71315
0.16517 0.71317
0.16567 0.7132
0.16617 0.71322
0.16667 0.71324
0.16717 0.71326
0.16767 0.71329
0.16817 0.71331
0.16867 0.71333
0.16917 0.71335
0.16967 0.71337
0.17017 0.71339
0.17067 0.71341
0.17117 0.71342
0.17167 0.71344
0.17217 0.71346
0.17267 0.71348
0.17317 0.7135
0.17367 0.71351
0.17417 0.71353
0.17467 0.71354
0.17518 0.71356
0.17568 0.71358
0.17618 0.71359
0.17668 0.71361
0.17718 0.71362
0.17768 0.71364
0.17818 0.71365
0.17868 0.71367
0.17918 0.71368
0.17968 0.71369
0.18018 0.71371
0.18068 0.71372
0.18118 0.71373
0.18168 0.71375
0.18218 0.71376
0.18268 0.71377
0.18318 0.71379
0.18368 0.7138
0.18418 0.71381
0.18468 0.71383
0.18519 0.71384
0.18569 0.71385
0.18619 0.71387
0.18669 0.71388
0.18719 0.7139
0.18769 0.71391
0.18819 0.71392
0.18869 0.71394
0.18919 0.71395
0.18969 0.71396
0.19019 0.71398
0.19069 0.71399
0.19119 0.71401
0.19169 0.71402
0.19219 0.71404
0.19269 0.71405
0.19319 0.71406
0.19369 0.71408
0.19419 0.71409
0.19469 0.71411
0.1952 0.71412
0.1957 0.71413
0.1962 0.71415
0.1967 0.71416
0.1972 0.71418
0.1977 0.71419
0.1982 0.7142
0.1987 0.71422
0.1992 0.71423
0.1997 0.71425
0.2002 0.71426
0.2007 0.71427
0.2012 0.71429
0.2017 0.7143
0.2022 0.71431
0.2027 0.71433
0.2032 0.71434
0.2037 0.71435
0.2042 0.71437
0.2047 0.71438
0.20521 0.71439
0.20571 0.7144
0.20621 0.71441
0.20671 0.71442
0.20721 0.71443
0.20771 0.71444
0.20821 0.71445
0.20871 0.71446
0.20921 0.71446
0.20971 0.71447
0.21021 0.71447
0.21071 0.71447
0.21121 0.71447
0.21171 0.71447
0.21221 0.71447
0.21271 0.71446
0.21321 0.71445
0.21371 0.71444
0.21421 0.71443
0.21471 0.71442
0.21522 0.7144
0.21572 0.71438
0.21622 0.71436
0.21672 0.71434
0.21722 0.71432
0.21772 0.71429
0.21822 0.71426
0.21872 0.71423
0.21922 0.71419
0.21972 0.71416
0.22022 0.71412
0.22072 0.71408
0.22122 0.71403
0.22172 0.71399
0.22222 0.71394
0.22272 0.71389
0.22322 0.71384
0.22372 0.71379
0.22422 0.71373
0.22472 0.71367
0.22523 0.71362
0.22573 0.71355
0.22623 0.71349
0.22673 0.71342
0.22723 0.71336
0.22773 0.71329
0.22823 0.71322
0.22873 0.71314
0.22923 0.71307
0.22973 0.71299
0.23023 0.71292
0.23073 0.71284
0.23123 0.71276
0.23173 0.71267
0.23223 0.71259
0.23273 0.71251
0.23323 0.71242
0.23373 0.71233
0.23423 0.71224
0.23473 0.71215
0.23524 0.71206
0.23574 0.71197
0.23624 0.71188
0.23674 0.71178
0.23724 0.71169
0.23774 0.71159
0.23824 0.71149
0.23874 0.71139
0.23924 0.7113
0.23974 0.7112
0.24024 0.71109
0.24074 0.71099
0.24124 0.71089
0.24174 0.71079
0.24224 0.71069
0.24274 0.71058
0.24324 0.71048
0.24374 0.71038
0.24424 0.71027
0.24474 0.71017
0.24525 0.71006
0.24575 0.70996
0.24625 0.70985
0.24675 0.70975
0.24725 0.70964
0.24775 0.70954
0.24825 0.70943
0.24875 0.70932
0.24925 0.70922
0.24975 0.70911
0.25025 0.70901
0.25075 0.7089
0.25125 0.7088
0.25175 0.70869
0.25225 0.70859
0.25275 0.70848
0.25325 0.70838
0.25375 0.70827
0.25425 0.70817
0.25475 0.70807
0.25526 0.70796
0.25576 0.70786
0.25626 0.70776
0.25676 0.70766
0.25726 0.70755
0.25776 0.70745
0.25826 0.70735
0.25876 0.70725
0.25926 0.70715
0.25976 0.70705
0.26026 0.70695
0.26076 0.70685
0.26126 0.70675
0.26176 0.70665
0.26226 0.70655
0.26276 0.70646
0.26326 0.70636
0.26376 0.70626
0.26426 0.70616
0.26476 0.70607
0.26527 0.70597
0.26577 0.70587
0.26627 0.70578
0.26677 0.70568
0.26727 0.70558
0.26777 0.70549
0.26827 0.70539
0.26877 0.7053
0.26927 0.7052
0.26977 0.70511
0.27027 0.70501
0.27077 0.70491
0.27127 0.70482
0.27177 0.70472
0.27227 0.70463
0.27277 0.70453
0.27327 0.70443
0.27377 0.70433
0.27427 0.70424
0.27477 0.70414
0.27528 0.70404
0.27578 0.70394
0.27628 0.70384
0.27678 0.70374
0.27728 0.70364
0.27778 0.70354
0.27828 0.70344
0.27878 0.70334
0.27928 0.70324
0.27978 0.70313
0.28028 0.70303
0.28078 0.70293
0.28128 0.70282
0.28178 0.70271
0.28228 0.7026
0.28278 0.7025
0.28328 0.70239
0.28378 0.70228
0.28428 0.70216
0.28478 0.70205
0.28529 0.70194
0.28579 0.70182
0.28629 0.7017
0.28679 0.70159
0.28729 0.70147
0.28779 0.70135
0.28829 0.70123
0.28879 0.7011
0.28929 0.70098
0.28979 0.70085
0.29029 0.70073
0.29079 0.7006
0.29129 0.70047
0.29179 0.70033
0.29229 0.7002
0.29279 0.70007
0.29329 0.69993
0.29379 0.69979
0.29429 0.69965
0.29479 0.69951
0.2953 0.69937
0.2958 0.69923
0.2963 0.69908
0.2968 0.69893
0.2973 0.69878
0.2978 0.69863
0.2983 0.69848
0.2988 0.69833
0.2993 0.69817
0.2998 0.69802
0.3003 0.69786
0.3008 0.6977
0.3013 0.69754
0.3018 0.69738
0.3023 0.69721
0.3028 0.69705
0.3033 0.69688
0.3038 0.69671
0.3043 0.69654
0.3048 0.69637
0.30531 0.6962
0.30581 0.69602
0.30631 0.69585
0.30681 0.69567
0.30731 0.69549
0.30781 0.69531
0.30831 0.69513
0.30881 0.69495
0.30931 0.69477
0.30981 0.69458
0.31031 0.6944
0.31081 0.69421
0.31131 0.69402
0.31181 0.69384
0.31231 0.69365
0.31281 0.69346
0.31331 0.69327
0.31381 0.69307
0.31431 0.69288
0.31481 0.69269
0.31532 0.6925
0.31582 0.6923
0.31632 0.69211
0.31682 0.69191
0.31732 0.69171
0.31782 0.69152
0.31832 0.69132
0.31882 0.69112
0.31932 0.69093
0.31982 0.69073
0.32032 0.69053
0.32082 0.69033
0.32132 0.69013
0.32182 0.68993
0.32232 0.68973
0.32282 0.68954
0.32332 0.68934
0.32382 0.68914
0.32432 0.68894
0.32482 0.68874
0.32533 0.68854
0.32583 0.68834
0.32633 0.68815
0.32683 0.68795
0.32733 0.68775
0.32783 0.68755
0.32833 0.68736
0.32883 0.68716
0.32933 0.68696
0.32983 0.68677
0.33033 0.68657
0.33083 0.68638
0.33133 0.68618
0.33183 0.68599
0.33233 0.6858
0.33283 0.6856
0.33333 0.68541
0.33383 0.68522
0.33433 0.68503
0.33483 0.68484
0.33534 0.68465
0.33584 0.68446
0.33634 0.68427
0.33684 0.68409
0.33734 0.6839
0.33784 0.68371
0.33834 0.68353
0.33884 0.68334
0.33934 0.68316
0.33984 0.68298
0.34034 0.68279
0.34084 0.68261
0.34134 0.68243
0.34184 0.68225
0.34234 0.68207
0.34284 0.68189
0.34334 0.68171
0.34384 0.68153
0.34434 0.68136
0.34484 0.68118
0.34535 0.681
0.34585 0.68083
0.34635 0.68065
0.34685 0.68048
0.34735 0.68031
0.34785 0.68013
0.34835 0.67996
0.34885 0.67979
0.34935 0.67961
0.34985 0.67944
0.35035 0.67927
0.35085 0.6791
0.35135 0.67893
0.35185 0.67876
0.35235 0.67859
0.35285 0.67842
0.35335 0.67825
0.35385 0.67808
0.35435 0.67791
0.35485 0.67774
0.35536 0.67757
0.35586 0.6774
0.35636 0.67723
0.35686 0.67706
0.35736 0.67689
0.35786 0.67672
0.35836 0.67655
0.35886 0.67637
0.35936 0.6762
0.35986 0.67603
0.36036 0.67586
0.36086 0.67569
0.36136 0.67551
0.36186 0.67534
0.36236 0.67517
0.36286 0.67499
0.36336 0.67482
0.36386 0.67464
0.36436 0.67447
0.36486 0.67429
0.36537 0.67411
0.36587 0.67394
0.36637 0.67376
0.36687 0.67358
0.36737 0.6734
0.36787 0.67322
0.36837 0.67303
0.36887 0.67285
0.36937 0.67267
0.36987 0.67248
0.37037 0.6723
0.37087 0.67211
0.37137 0.67192
0.37187 0.67174
0.37237 0.67155
0.37287 0.67136
0.37337 0.67117
0.37387 0.67097
0.37437 0.67078
0.37487 0.67059
0.37538 0.67039
0.37588 0.6702
0.37638 0.67
0.37688 0.6698
0.37738 0.6696
0.37788 0.6694
0.37838 0.6692
0.37888 0.669
0.37938 0.66879
0.37988 0.66859
0.38038 0.66838
0.38088 0.66818
0.38138 0.66797
0.38188 0.66776
0.38238 0.66755
0.38288 0.66734
0.38338 0.66713
0.38388 0.66692
0.38438 0.66671
0.38488 0.6665
0.38539 0.66628
0.38589 0.66607
0.38639 0.66585
0.38689 0.66564
0.38739 0.66542
0.38789 0.6652
0.38839 0.66499
0.38889 0.66477
0.38939 0.66455
0.38989 0.66433
0.39039 0.66411
0.39089 0.66389
0.39139 0.66367
0.39189 0.66345
0.39239 0.66323
0.39289 0.66301
0.39339 0.66279
0.39389 0.66257
0.39439 0.66235
0.39489 0.66212
0.3954 0.6619
0.3959 0.66168
0.3964 0.66146
0.3969 0.66124
0.3974 0.66102
0.3979 0.6608
0.3984 0.66058
0.3989 0.66036
0.3994 0.66014
0.3999 0.65992
0.4004 0.6597
0.4009 0.65948
0.4014 0.65926
0.4019 0.65904
0.4024 0.65883
0.4029 0.65861
0.4034 0.6584
0.4039 0.65818
0.4044 0.65797
0.4049 0.65775
0.40541 0.65754
0.40591 0.65733
0.40641 0.65712
0.40691 0.65691
0.40741 0.6567
0.40791 0.65649
0.40841 0.65629
0.40891 0.65608
0.40941 0.65588
0.40991 0.65568
0.41041 0.65547
0.41091 0.65527
0.41141 0.65507
0.41191 0.65488
0.41241 0.65468
0.41291 0.65449
0.41341 0.65429
0.41391 0.6541
0.41441 0.65391
0.41491 0.65372
0.41542 0.65353
0.41592 0.65334
0.41642 0.65316
0.41692 0.65297
0.41742 0.65279
0.41792 0.65261
0.41842 0.65243
0.41892 0.65225
0.41942 0.65207
0.41992 0.6519
0.42042 0.65172
0.42092 0.65155
0.42142 0.65138
0.42192 0.65121
0.42242 0.65104
0.42292 0.65088
0.42342 0.65071
0.42392 0.65055
0.42442 0.65039
0.42492 0.65022
0.42543 0.65006
0.42593 0.64991
0.42643 0.64975
0.42693 0.64959
0.42743 0.64944
0.42793 0.64928
0.42843 0.64913
0.42893 0.64898
0.42943 0.64883
0.42993 0.64868
0.43043 0.64854
0.43093 0.64839
0.43143 0.64824
0.43193 0.6481
0.43243 0.64796
0.43293 0.64781
0.43343 0.64767
0.43393 0.64753
0.43443 0.64739
0.43493 0.64725
0.43544 0.64712
0.43594 0.64698
0.43644 0.64684
0.43694 0.64671
0.43744 0.64657
0.43794 0.64644
0.43844 0.6463
0.43894 0.64617
0.43944 0.64603
0.43994 0.6459
0.44044 0.64577
0.44094 0.64564
0.44144 0.64551
0.44194 0.64538
0.44244 0.64524
0.44294 0.64511
0.44344 0.64498
0.44394 0.64485
0.44444 0.64472
0.44494 0.64459
0.44545 0.64446
0.44595 0.64433
0.44645 0.6442
0.44695 0.64407
0.44745 0.64394
0.44795 0.64381
0.44845 0.64368
0.44895 0.64355
0.44945 0.64342
0.44995 0.64329
0.45045 0.64316
0.45095 0.64303
0.45145 0.6429
0.45195 0.64277
0.45245 0.64264
0.45295 0.64251
0.45345 0.64238
0.45395 0.64224
0.45445 0.64211
0.45495 0.64198
0.45546 0.64185
0.45596 0.64171
0.45646 0.64158
0.45696 0.64145
0.45746 0.64131
0.45796 0.64118
0.45846 0.64105
0.45896 0.64091
0.45946 0.64078
0.45996 0.64064
0.46046 0.64051
0.46096 0.64037
0.46146 0.64024
0.46196 0.6401
0.46246 0.63996
0.46296 0.63983
0.46346 0.63969
0.46396 0.63956
0.46446 0.63942
0.46496 0.63928
0.46547 0.63915
0.46597 0.63901
0.46647 0.63887
0.46697 0.63874
0.46747 0.6386
0.46797 0.63847
0.46847 0.63833
0.46897 0.6382
0.46947 0.63806
0.46997 0.63793
0.47047 0.63779
0.47097 0.63766
0.47147 0.63752
0.47197 0.63739
0.47247 0.63726
0.47297 0.63712
0.47347 0.63699
0.47397 0.63686
0.47447 0.63673
0.47497 0.6366
0.47548 0.63647
0.47598 0.63634
0.47648 0.63622
0.47698 0.63609
0.47748 0.63597
0.47798 0.63584
0.47848 0.63572
0.47898 0.6356
0.47948 0.63547
0.47998 0.63535
0.48048 0.63524
0.48098 0.63512
0.48148 0.635
0.48198 0.63489
0.48248 0.63477
0.48298 0.63466
0.48348 0.63455
0.48398 0.63444
0.48448 0.63434
0.48498 0.63423
0.48549 0.63413
0.48599 0.63403
0.48649 0.63393
0.48699 0.63383
0.48749 0.63373
0.48799 0.63364
0.48849 0.63354
0.48899 0.63345
0.48949 0.63336
0.48999 0.63328
0.49049 0.63319
0.49099 0.63311
0.49149 0.63303
0.49199 0.63295
0.49249 0.63287
0.49299 0.6328
0.49349 0.63273
0.49399 0.63266
0.49449 0.63259
0.49499 0.63253
0.4955 0.63246
0.496 0.6324
0.4965 0.63235
0.497 0.63229
0.4975 0.63224
0.498 0.63219
0.4985 0.63214
0.499 0.63209
0.4995 0.63205
0.5 0.63201
0.5005 0.63197
0.501 0.63193
0.5015 0.6319
0.502 0.63186
0.5025 0.63183
0.503 0.63181
0.5035 0.63178
0.504 0.63176
0.5045 0.63174
0.50501 0.63172
0.50551 0.6317
0.50601 0.63169
0.50651 0.63168
0.50701 0.63167
0.50751 0.63166
0.50801 0.63166
0.50851 0.63166
0.50901 0.63166
0.50951 0.63166
0.51001 0.63166
0.51051 0.63167
0.51101 0.63167
0.51151 0.63168
0.51201 0.6317
0.51251 0.63171
0.51301 0.63172
0.51351 0.63174
0.51401 0.63176
0.51451 0.63178
0.51502 0.63181
0.51552 0.63183
0.51602 0.63186
0.51652 0.63188
0.51702 0.63191
0.51752 0.63194
0.51802 0.63198
0.51852 0.63201
0.51902 0.63204
0.51952 0.63208
0.52002 0.63212
0.52052 0.63216
0.52102 0.6322
0.52152 0.63224
0.52202 0.63228
0.52252 0.63233
0.52302 0.63237
0.52352 0.63242
0.52402 0.63247
0.52452 0.63251
0.52503 0.63256
0.52553 0.63261
0.52603 0.63267
0.52653 0.63272
0.52703 0.63277
0.52753 0.63282
0.52803 0.63288
0.52853 0.63293
0.52903 0.63299
0.52953 0.63305
0.53003 0.6331
0.53053 0.63316
0.53103 0.63322
0.53153 0.63328
0.53203 0.63334
0.53253 0.6334
0.53303 0.63346
0.53353 0.63352
0.53403 0.63358
0.53453 0.63364
0.53504 0.6337
0.53554 0.63377
0.53604 0.63383
0.53654 0.63389
0.53704 0.63396
0.53754 0.63402
0.53804 0.63409
0.53854 0.63415
0.53904 0.63422
0.53954 0.63428
0.54004 0.63435
0.54054 0.63442
0.54104 0.63448
0.54154 0.63455
0.54204 0.63462
0.54254 0.63469
0.54304 0.63476
0.54354 0.63483
0.54404 0.6349
0.54454 0.63497
0.54505 0.63504
0.54555 0.63511
0.54605 0.63518
0.54655 0.63526
0.54705 0.63533
0.54755 0.63541
0.54805 0.63548
0.54855 0.63556
0.54905 0.63563
0.54955 0.63571
0.55005 0.63579
0.55055 0.63587
0.55105 0.63595
0.55155 0.63603
0.55205 0.63611
0.55255 0.63619
0.55305 0.63628
0.55355 0.63636
0.55405 0.63645
0.55455 0.63654
0.55506 0.63662
0.55556 0.63671
0.55606 0.63681
0.55656 0.6369
0.55706 0.63699
0.55756 0.63709
0.55806 0.63718
0.55856 0.63728
0.55906 0.63738
0.55956 0.63748
0.56006 0.63759
0.56056 0.63769
0.56106 0.6378
0.56156 0.63791
0.56206 0.63802
0.56256 0.63813
0.56306 0.63825
0.56356 0.63836
0.56406 0.63848
0.56456 0.6386
0.56507 0.63873
0.56557 0.63885
0.56607 0.63898
0.56657 0.63911
0.56707 0.63924
0.56757 0.63938
0.56807 0.63951
0.56857 0.63965
0.56907 0.63979
0.56957 0.63994
0.57007 0.64009
0.57057 0.64024
0.57107 0.64039
0.57157 0.64054
0.57207 0.6407
0.57257 0.64086
0.57307 0.64102
0.57357 0.64119
0.57407 0.64136
0.57457 0.64153
0.57508 0.6417
0.57558 0.64188
0.57608 0.64206
0.57658 0.64224
0.57708 0.64243
0.57758 0.64261
0.57808 0.64281
0.57858 0.643
0.57908 0.6432
0.57958 0.6434
0.58008 0.6436
0.58058 0.6438
0.58108 0.64401
0.58158 0.64422
0.58208 0.64444
0.58258 0.64466
0.58308 0.64488
0.58358 0.6451
0.58408 0.64533
0.58458 0.64555
0.58509 0.64579
0.58559 0.64602
0.58609 0.64626
0.58659 0.6465
0.58709 0.64674
0.58759 0.64698
0.58809 0.64723
0.58859 0.64748
0.58909 0.64774
0.58959 0.64799
0.59009 0.64825
0.59059 0.64851
0.59109 0.64877
0.59159 0.64904
0.59209 0.64931
0.59259 0.64958
0.59309 0.64985
0.59359 0.65013
0.59409 0.6504
0.59459 0.65068
0.5951 0.65096
0.5956 0.65125
0.5961 0.65153
0.5966 0.65182
0.5971 0.65211
0.5976 0.6524
0.5981 0.6527
0.5986 0.65299
0.5991 0.65329
0.5996 0.65359
0.6001 0.65389
0.6006 0.65419
0.6011 0.6545
0.6016 0.6548
0.6021 0.65511
0.6026 0.65542
0.6031 0.65573
0.6036 0.65604
0.6041 0.65635
0.6046 0.65666
0.60511 0.65698
0.60561 0.6573
0.60611 0.65761
0.60661 0.65793
0.60711 0.65825
0.60761 0.65857
0.60811 0.65889
0.60861 0.65921
0.60911 0.65954
0.60961 0.65986
0.61011 0.66018
0.61061 0.66051
0.61111 0.66083
0.61161 0.66116
0.61211 0.66149
0.61261 0.66182
0.61311 0.66214
0.61361 0.66247
0.61411 0.6628
0.61461 0.66313
0.61512 0.66346
0.61562 0.66379
0.61612 0.66412
0.61662 0.66445
0.61712 0.66479
0.61762 0.66512
0.61812 0.66545
0.61862 0.66578
0.61912 0.66612
0.61962 0.66645
0.62012 0.66678
0.62062 0.66712
0.62112 0.66745
0.62162 0.66779
0.62212 0.66812
0.62262 0.66846
0.62312 0.66879
0.62362 0.66913
0.62412 0.66946
0.62462 0.6698
0.62513 0.67014
0.62563 0.67047
0.62613 0.67081
0.62663 0.67115
0.62713 0.67149
0.62763 0.67183
0.62813 0.67216
0.62863 0.6725
0.62913 0.67284
0.62963 0.67319
0.63013 0.67353
0.63063 0.67387
0.63113 0.67421
0.63163 0.67455
0.63213 0.6749
0.63263 0.67524
0.63313 0.67559
0.63363 0.67593
0.63413 0.67628
0.63463 0.67663
0.63514 0.67697
0.63564 0.67732
0.63614 0.67767
0.63664 0.67803
0.63714 0.67838
0.63764 0.67873
0.63814 0.67909
0.63864 0.67944
0.63914 0.6798
0.63964 0.68016
0.64014 0.68052
0.64064 0.68088
0.64114 0.68124
0.64164 0.6816
0.64214 0.68197
0.64264 0.68233
0.64314 0.6827
0.64364 0.68307
0.64414 0.68344
0.64464 0.68382
0.64515 0.68419
0.64565 0.68457
0.64615 0.68495
0.64665 0.68533
0.64715 0.68571
0.64765 0.68609
0.64815 0.68648
0.64865 0.68687
0.64915 0.68726
0.64965 0.68765
0.65015 0.68804
0.65065 0.68844
0.65115 0.68884
0.65165 0.68924
0.65215 0.68964
0.65265 0.69005
0.65315 0.69045
0.65365 0.69086
0.65415 0.69127
0.65465 0.69169
0.65516 0.6921
0.65566 0.69252
0.65616 0.69294
0.65666 0.69337
0.65716 0.69379
0.65766 0.69422
0.65816 0.69465
0.65866 0.69508
0.65916 0.69552
0.65966 0.69595
0.66016 0.69639
0.66066 0.69683
0.66116 0.69728
0.66166 0.69772
0.66216 0.69817
0.66266 0.69862
0.66316 0.69907
0.66366 0.69953
0.66416 0.69999
0.66466 0.70045
0.66517 0.70091
0.66567 0.70137
0.66617 0.70184
0.66667 0.7023
0.66717 0.70277
0.66767 0.70324
0.66817 0.70372
0.66867 0.70419
0.66917 0.70467
0.66967 0.70515
0.67017 0.70563
0.67067 0.70611
0.67117 0.7066
0.67167 0.70708
0.67217 0.70757
0.67267 0.70806
0.67317 0.70855
0.67367 0.70904
0.67417 0.70953
0.67467 0.71003
0.67518 0.71052
0.67568 0.71102
0.67618 0.71152
0.67668 0.71202
0.67718 0.71252
0.67768 0.71302
0.67818 0.71352
0.67868 0.71402
0.67918 0.71452
0.67968 0.71503
0.68018 0.71553
0.68068 0.71604
0.68118 0.71654
0.68168 0.71705
0.68218 0.71755
0.68268 0.71806
0.68318 0.71857
0.68368 0.71907
0.68418 0.71958
0.68468 0.72009
0.68519 0.72059
0.68569 0.7211
0.68619 0.72161
0.68669 0.72211
0.68719 0.72262
0.68769 0.72312
0.68819 0.72363
0.68869 0.72413
0.68919 0.72463
0.68969 0.72514
0.69019 0.72564
0.69069 0.72614
0.69119 0.72664
0.69169 0.72714
0.69219 0.72764
0.69269 0.72814
0.69319 0.72864
0.69369 0.72914
0.69419 0.72963
0.69469 0.73013
0.6952 0.73062
0.6957 0.73111
0.6962 0.7316
0.6967 0.73209
0.6972 0.73258
0.6977 0.73307
0.6982 0.73355
0.6987 0.73404
0.6992 0.73452
0.6997 0.735
0.7002 0.73548
0.7007 0.73596
0.7012 0.73644
0.7017 0.73692
0.7022 0.73739
0.7027 0.73786
0.7032 0.73834
0.7037 0.73881
0.7042 0.73927
0.7047 0.73974
0.70521 0.74021
0.70571 0.74067
0.70621 0.74113
0.70671 0.74159
0.70721 0.74205
0.70771 0.74251
0.70821 0.74297
0.70871 0.74342
0.70921 0.74388
0.70971 0.74433
0.71021 0.74478
0.71071 0.74523
0.71121 0.74568
0.71171 0.74613
0.71221 0.74657
0.71271 0.74702
0.71321 0.74746
0.71371 0.7479
0.71421 0.74834
0.71471 0.74878
0.71522 0.74922
0.71572 0.74966
0.71622 0.75009
0.71672 0.75053
0.71722 0.75096
0.71772 0.75139
0.71822 0.75182
0.71872 0.75225
0.71922 0.75268
0.71972 0.75311
0.72022 0.75354
0.72072 0.75397
0.72122 0.75439
0.72172 0.75482
0.72222 0.75524
0.72272 0.75567
0.72322 0.75609
0.72372 0.75651
0.72422 0.75693
0.72472 0.75735
0.72523 0.75778
0.72573 0.75819
0.72623 0.75861
0.72673 0.75903
0.72723 0.75945
0.72773 0.75987
0.72823 0.76029
0.72873 0.7607
0.72923 0.76112
0.72973 0.76153
0.73023 0.76195
0.73073 0.76236
0.73123 0.76278
0.73173 0.76319
0.73223 0.76361
0.73273 0.76402
0.73323 0.76443
0.73373 0.76484
0.73423 0.76526
0.73473 0.76567
0.73524 0.76608
0.73574 0.76649
0.73624 0.7669
0.73674 0.76731
0.73724 0.76772
0.73774 0.76813
0.73824 0.76853
0.73874 0.76894
0.73924 0.76935
0.73974 0.76976
0.74024 0.77016
0.74074 0.77057
0.74124 0.77097
0.74174 0.77137
0.74224 0.77177
0.74274 0.77218
0.74324 0.77258
0.74374 0.77298
0.74424 0.77337
0.74474 0.77377
0.74525 0.77417
0.74575 0.77456
0.74625 0.77496
0.74675 0.77535
0.74725 0.77574
0.74775 0.77613
0.74825 0.77652
0.74875 0.7769
0.74925 0.77729
0.74975 0.77767
0.75025 0.77805
0.75075 0.77843
0.75125 0.7788
0.75175 0.77918
0.75225 0.77955
0.75275 0.77992
0.75325 0.78029
0.75375 0.78065
0.75425 0.78102
0.75475 0.78138
0.75526 0.78173
0.75576 0.78209
0.75626 0.78244
0.75676 0.78279
0.75726 0.78313
0.75776 0.78347
0.75826 0.78381
0.75876 0.78415
0.75926 0.78448
0.75976 0.78481
0.76026 0.78513
0.76076 0.78545
0.76126 0.78577
0.76176 0.78608
0.76226 0.78639
0.76276 0.78669
0.76326 0.78699
0.76376 0.78728
0.76426 0.78757
0.76476 0.78786
0.76527 0.78814
0.76577 0.78842
0.76627 0.78869
0.76677 0.78895
0.76727 0.78921
0.76777 0.78947
0.76827 0.78972
0.76877 0.78996
0.76927 0.7902
0.76977 0.79043
0.77027 0.79066
0.77077 0.79088
0.77127 0.7911
0.77177 0.79131
0.77227 0.79151
0.77277 0.79171
0.77327 0.7919
0.77377 0.79208
0.77427 0.79226
0.77477 0.79243
0.77528 0.7926
0.77578 0.79276
0.77628 0.79291
0.77678 0.79306
0.77728 0.7932
0.77778 0.79333
0.77828 0.79345
0.77878 0.79357
0.77928 0.79368
0.77978 0.79378
0.78028 0.79388
0.78078 0.79397
0.78128 0.79405
0.78178 0.79413
0.78228 0.7942
0.78278 0.79426
0.78328 0.79431
0.78378 0.79435
0.78428 0.79439
0.78478 0.79442
0.78529 0.79445
0.78579 0.79446
0.78629 0.79447
0.78679 0.79447
0.78729 0.79447
0.78779 0.79445
0.78829 0.79443
0.78879 0.7944
0.78929 0.79436
0.78979 0.79432
0.79029 0.79427
0.79079 0.79421
0.79129 0.79414
0.79179 0.79407
0.79229 0.79399
0.79279 0.7939
0.79329 0.79381
0.79379 0.79371
0.79429 0.79361
0.79479 0.7935
0.7953 0.79338
0.7958 0.79326
0.7963 0.79314
0.7968 0.79301
0.7973 0.79288
0.7978 0.79275
0.7983 0.79262
0.7988 0.79248
0.7993 0.79234
0.7998 0.7922
0.8003 0.79206
0.8008 0.79192
0.8013 0.79177
0.8018 0.79163
0.8023 0.79148
0.8028 0.79133
0.8033 0.79118
0.8038 0.79102
0.8043 0.79087
0.8048 0.79071
0.80531 0.79054
0.80581 0.79038
0.80631 0.79021
0.80681 0.79004
0.80731 0.78986
0.80781 0.78968
0.80831 0.78949
0.80881 0.7893
0.80931 0.78911
0.80981 0.78891
0.81031 0.78871
0.81081 0.78851
0.81131 0.7883
0.81181 0.78808
0.81231 0.78786
0.81281 0.78764
0.81331 0.78741
0.81381 0.78718
0.81431 0.78695
0.81481 0.78671
0.81532 0.78646
0.81582 0.78621
0.81632 0.78596
0.81682 0.7857
0.81732 0.78544
0.81782 0.78517
0.81832 0.7849
0.81882 0.78463
0.81932 0.78435
0.81982 0.78407
0.82032 0.78378
0.82082 0.78349
0.82132 0.78319
0.82182 0.78289
0.82232 0.78259
0.82282 0.78228
0.82332 0.78197
0.82382 0.78165
0.82432 0.78133
0.82482 0.78101
0.82533 0.78068
0.82583 0.78035
0.82633 0.78002
0.82683 0.77968
0.82733 0.77934
0.82783 0.77899
0.82833 0.77864
0.82883 0.77828
0.82933 0.77793
0.82983 0.77756
0.83033 0.7772
0.83083 0.77683
0.83133 0.77646
0.83183 0.77608
0.83233 0.7757
0.83283 0.77532
0.83333 0.77494
0.83383 0.77455
0.83433 0.77415
0.83483 0.77376
0.83534 0.77336
0.83584 0.77296
0.83634 0.77255
0.83684 0.77214
0.83734 0.77173
0.83784 0.77131
0.83834 0.7709
0.83884 0.77047
0.83934 0.77005
0.83984 0.76962
0.84034 0.76919
0.84084 0.76876
0.84134 0.76832
0.84184 0.76789
0.84234 0.76744
0.84284 0.767
0.84334 0.76655
0.84384 0.7661
0.84434 0.76565
0.84484 0.7652
0.84535 0.76474
0.84585 0.76428
0.84635 0.76382
0.84685 0.76336
0.84735 0.76289
0.84785 0.76242
0.84835 0.76195
0.84885 0.76148
0.84935 0.761
0.84985 0.76053
0.85035 0.76005
0.85085 0.75957
0.85135 0.75908
0.85185 0.7586
0.85235 0.75811
0.85285 0.75762
0.85335 0.75713
0.85385 0.75664
0.85435 0.75615
0.85485 0.75565
0.85536 0.75515
0.85586 0.75465
0.85636 0.75415
0.85686 0.75365
0.85736 0.75315
0.85786 0.75265
0.85836 0.75214
0.85886 0.75164
0.85936 0.75113
0.85986 0.75062
0.86036 0.75011
0.86086 0.7496
0.86136 0.74909
0.86186 0.74857
0.86236 0.74806
0.86286 0.74755
0.86336 0.74703
0.86386 0.74652
0.86436 0.746
0.86486 0.74548
0.86537 0.74496
0.86587 0.74445
0.86637 0.74393
0.86687 0.74341
0.86737 0.74289
0.86787 0.74237
0.86837 0.74185
0.86887 0.74133
0.86937 0.74081
0.86987 0.74029
0.87037 0.73977
0.87087 0.73925
0.87137 0.73873
0.87187 0.73821
0.87237 0.7377
0.87287 0.73718
0.87337 0.73666
0.87387 0.73614
0.87437 0.73562
0.87487 0.73511
0.87538 0.73459
0.87588 0.73407
0.87638 0.73356
0.87688 0.73304
0.87738 0.73253
0.87788 0.73202
0.87838 0.7315
0.87888 0.73099
0.87938 0.73048
0.87988 0.72997
0.88038 0.72946
0.88088 0.72896
0.88138 0.72845
0.88188 0.72795
0.88238 0.72744
0.88288 0.72694
0.88338 0.72644
0.88388 0.72594
0.88438 0.72544
0.88488 0.72495
0.88539 0.72445
0.88589 0.72396
0.88639 0.72347
0.88689 0.72298
0.88739 0.72249
0.88789 0.72201
0.88839 0.72152
0.88889 0.72104
0.88939 0.72056
0.88989 0.72008
0.89039 0.71961
0.89089 0.71913
0.89139 0.71866
0.89189 0.71819
0.89239 0.71773
0.89289 0.71726
0.89339 0.7168
0.89389 0.71634
0.89439 0.71588
0.89489 0.71542
0.8954 0.71497
0.8959 0.71452
0.8964 0.71407
0.8969 0.71363
0.8974 0.71319
0.8979 0.71275
0.8984 0.71231
0.8989 0.71188
0.8994 0.71144
0.8999 0.71102
0.9004 0.71059
0.9009 0.71017
0.9014 0.70975
0.9019 0.70933
0.9024 0.70892
0.9029 0.70851
0.9034 0.7081
0.9039 0.70769
0.9044 0.70729
0.9049 0.70689
0.90541 0.7065
0.90591 0.7061
0.90641 0.70572
0.90691 0.70533
0.90741 0.70495
0.90791 0.70457
0.90841 0.70419
0.90891 0.70382
0.90941 0.70345
0.90991 0.70308
0.91041 0.70272
0.91091 0.70236
0.91141 0.70201
0.91191 0.70165
0.91241 0.7013
0.91291 0.70096
0.91341 0.70062
0.91391 0.70028
0.91441 0.69994
0.91491 0.69961
0.91542 0.69928
0.91592 0.69896
0.91642 0.69864
0.91692 0.69832
0.91742 0.69801
0.91792 0.69769
0.91842 0.69739
0.91892 0.69708
0.91942 0.69678
0.91992 0.69649
0.92042 0.69619
0.92092 0.6959
0.92142 0.69562
0.92192 0.69534
0.92242 0.69506
0.92292 0.69478
0.92342 0.69451
0.92392 0.69424
0.92442 0.69397
0.92492 0.69371
0.92543 0.69345
0.92593 0.6932
0.92643 0.69295
0.92693 0.6927
0.92743 0.69246
0.92793 0.69221
0.92843 0.69198
0.92893 0.69174
0.92943 0.69151
0.92993 0.69128
0.93043 0.69106
0.93093 0.69084
0.93143 0.69062
0.93193 0.6904
0.93243 0.69019
0.93293 0.68999
0.93343 0.68978
0.93393 0.68958
0.93443 0.68938
0.93493 0.68918
0.93544 0.68899
0.93594 0.6888
0.93644 0.68862
0.93694 0.68843
0.93744 0.68825
0.93794 0.68807
0.93844 0.6879
0.93894 0.68773
0.93944 0.68756
0.93994 0.68739
0.94044 0.68723
0.94094 0.68707
0.94144 0.68691
0.94194 0.68676
0.94244 0.68661
0.94294 0.68646
0.94344 0.68631
0.94394 0.68617
0.94444 0.68603
0.94494 0.68589
0.94545 0.68575
0.94595 0.68562
0.94645 0.68549
0.94695 0.68536
0.94745 0.68523
0.94795 0.68511
0.94845 0.68498
0.94895 0.68487
0.94945 0.68475
0.94995 0.68463
0.95045 0.68452
0.95095 0.68441
0.95145 0.6843
0.95195 0.68419
0.95245 0.68409
0.95295 0.68399
0.95345 0.68389
0.95395 0.68379
0.95445 0.68369
0.95495 0.6836
0.95546 0.68351
0.95596 0.68342
0.95646 0.68333
0.95696 0.68324
0.95746 0.68315
0.95796 0.68307
0.95846 0.68299
0.95896 0.68291
0.95946 0.68283
0.95996 0.68275
0.96046 0.68268
0.96096 0.6826
0.96146 0.68253
0.96196 0.68246
0.96246 0.68239
0.96296 0.68232
0.96346 0.68226
0.96396 0.68219
0.96446 0.68213
0.96496 0.68207
0.96547 0.68201
0.96597 0.68195
0.96647 0.68189
0.96697 0.68183
0.96747 0.68178
0.96797 0.68172
0.96847 0.68167
0.96897 0.68162
0.96947 0.68157
0.96997 0.68152
0.97047 0.68147
0.97097 0.68142
0.97147 0.68138
0.97197 0.68133
0.97247 0.68129
0.97297 0.68125
0.97347 0.68121
0.97397 0.68117
0.97447 0.68113
0.97497 0.68109
0.97548 0.68105
0.97598 0.68101
0.97648 0.68098
0.97698 0.68095
0.97748 0.68091
0.97798 0.68088
0.97848 0.68085
0.97898 0.68082
0.97948 0.68079
0.97998 0.68076
0.98048 0.68074
0.98098 0.68071
0.98148 0.68069
0.98198 0.68066
0.98248 0.68064
0.98298 0.68062
0.98348 0.6806
0.98398 0.68058
0.98448 0.68056
0.98498 0.68055
0.98549 0.68053
0.98599 0.68052
0.98649 0.6805
0.98699 0.68049
0.98749 0.68048
0.98799 0.68047
0.98849 0.68046
0.98899 0.68045
0.98949 0.68044
0.98999 0.68044
0.99049 0.68043
0.99099 0.68043
0.99149 0.68043
0.99199 0.68043
0.99249 0.68043
0.99299 0.68043
0.99349 0.68043
0.99399 0.68043
0.99449 0.68044
0.99499 0.68045
0.9955 0.68045
0.996 0.68046
0.9965 0.68047
0.997 0.68049
0.9975 0.6805
0.998 0.68051
0.9985 0.68053
0.999 0.68055
0.9995 0.68057
1 0.68059
