time energy 
0 0.47997
0.0005005 0.47981
0.001001 0.47964
0.0015015 0.47946
0.002002 0.47928
0.0025025 0.47909
0.003003 0.47889
0.0035035 0.47869
0.004004 0.47849
0.0045045 0.47828
0.005005 0.47806
0.0055055 0.47784
0.006006 0.47762
0.0065065 0.47739
0.007007 0.47716
0.0075075 0.47694
0.008008 0.47671
0.0085085 0.47648
0.009009 0.47625
0.0095095 0.47603
0.01001 0.47581
0.010511 0.47559
0.011011 0.47537
0.011512 0.47516
0.012012 0.47496
0.012513 0.47476
0.013013 0.47457
0.013514 0.47438
0.014014 0.4742
0.014515 0.47403
0.015015 0.47386
0.015516 0.4737
0.016016 0.47355
0.016517 0.4734
0.017017 0.47325
0.017518 0.47311
0.018018 0.47297
0.018519 0.47284
0.019019 0.47271
0.01952 0.47258
0.02002 0.47245
0.020521 0.47232
0.021021 0.47219
0.021522 0.47206
0.022022 0.47192
0.022523 0.47179
0.023023 0.47165
0.023524 0.47151
0.024024 0.47136
0.024525 0.47121
0.025025 0.47105
0.025526 0.47089
0.026026 0.47072
0.026527 0.47055
0.027027 0.47038
0.027528 0.47019
0.028028 0.47001
0.028529 0.46982
0.029029 0.46962
0.02953 0.46942
0.03003 0.46922
0.030531 0.46902
0.031031 0.46881
0.031532 0.46861
0.032032 0.4684
0.032533 0.4682
0.033033 0.46799
0.033534 0.46779
0.034034 0.46759
0.034535 0.46739
0.035035 0.4672
0.035536 0.46701
0.036036 0.46683
0.036537 0.46665
0.037037 0.46647
0.037538 0.4663
0.038038 0.46614
0.038539 0.46598
0.039039 0.46583
0.03954 0.46568
0.04004 0.46553
0.040541 0.46539
0.041041 0.46526
0.041542 0.46512
0.042042 0.46499
0.042543 0.46486
0.043043 0.46474
0.043544 0.46461
0.044044 0.46449
0.044545 0.46436
0.045045 0.46423
0.045546 0.4641
0.046046 0.46397
0.046547 0.46384
0.047047 0.4637
0.047548 0.46356
0.048048 0.46342
0.048549 0.46327
0.049049 0.46312
0.04955 0.46296
0.05005 0.4628
0.050551 0.46263
0.051051 0.46247
0.051552 0.46229
0.052052 0.46212
0.052553 0.46194
0.053053 0.46176
0.053554 0.46158
0.054054 0.4614
0.054555 0.46122
0.055055 0.46104
0.055556 0.46086
0.056056 0.46068
0.056557 0.4605
0.057057 0.46033
0.057558 0.46015
0.058058 0.45999
0.058559 0.45982
0.059059 0.45966
0.05956 0.4595
0.06006 0.45935
0.060561 0.45921
0.061061 0.45906
0.061562 0.45893
0.062062 0.45879
0.062563 0.45866
0.063063 0.45854
0.063564 0.45841
0.064064 0.45829
0.064565 0.45818
0.065065 0.45806
0.065566 0.45794
0.066066 0.45783
0.066567 0.45772
0.067067 0.4576
0.067568 0.45748
0.068068 0.45737
0.068569 0.45725
0.069069 0.45712
0.06957 0.457
0.07007 0.45687
0.070571 0.45674
0.071071 0.4566
0.071572 0.45647
0.072072 0.45632
0.072573 0.45618
0.073073 0.45603
0.073574 0.45588
0.074074 0.45573
0.074575 0.45557
0.075075 0.45541
0.075576 0.45526
0.076076 0.4551
0.076577 0.45494
0.077077 0.45478
0.077578 0.45463
0.078078 0.45447
0.078579 0.45432
0.079079 0.45417
0.07958 0.45402
0.08008 0.45388
0.080581 0.45374
0.081081 0.45361
0.081582 0.45348
0.082082 0.45335
0.082583 0.45323
0.083083 0.45311
0.083584 0.453
0.084084 0.45289
0.084585 0.45279
0.085085 0.45268
0.085586 0.45258
0.086086 0.45249
0.086587 0.45239
0.087087 0.4523
0.087588 0.4522
0.088088 0.45211
0.088589 0.45202
0.089089 0.45192
0.08959 0.45183
0.09009 0.45173
0.090591 0.45163
0.091091 0.45153
0.091592 0.45142
0.092092 0.45131
0.092593 0.4512
0.093093 0.45109
0.093594 0.45097
0.094094 0.45085
0.094595 0.45073
0.095095 0.4506
0.095596 0.45048
0.096096 0.45035
0.096597 0.45022
0.097097 0.45009
0.097598 0.44996
0.098098 0.44983
0.098599 0.4497
0.099099 0.44957
0.0996 0.44944
0.1001 0.44932
0.1006 0.4492
0.1011 0.44908
0.1016 0.44897
0.1021 0.44886
0.1026 0.44876
0.1031 0.44866
0.1036 0.44857
0.1041 0.44848
0.1046 0.44839
0.10511 0.44831
0.10561 0.44823
0.10611 0.44816
0.10661 0.44809
0.10711 0.44802
0.10761 0.44796
0.10811 0.44789
0.10861 0.44783
0.10911 0.44777
0.10961 0.44771
0.11011 0.44764
0.11061 0.44758
0.11111 0.44751
0.11161 0.44745
0.11211 0.44738
0.11261 0.44731
0.11311 0.44723
0.11361 0.44716
0.11411 0.44708
0.11461 0.447
0.11512 0.44691
0.11562 0.44682
0.11612 0.44674
0.11662 0.44664
0.11712 0.44655
0.11762 0.44646
0.11812 0.44637
0.11862 0.44627
0.11912 0.44618
0.11962 0.44609
0.12012 0.446
0.12062 0.44592
0.12112 0.44584
0.12162 0.44576
0.12212 0.44568
0.12262 0.44561
0.12312 0.44555
0.12362 0.44548
0.12412 0.44543
0.12462 0.44538
0.12513 0.44533
0.12563 0.44529
0.12613 0.44525
0.12663 0.44522
0.12713 0.44519
0.12763 0.44516
0.12813 0.44514
0.12863 0.44512
0.12913 0.4451
0.12963 0.44508
0.13013 0.44506
0.13063 0.44505
0.13113 0.44503
0.13163 0.44501
0.13213 0.44499
0.13263 0.44498
0.13313 0.44495
0.13363 0.44493
0.13413 0.4449
0.13463 0.44488
0.13514 0.44485
0.13564 0.44482
0.13614 0.44478
0.13664 0.44475
0.13714 0.44471
0.13764 0.44468
0.13814 0.44464
0.13864 0.44461
0.13914 0.44457
0.13964 0.44454
0.14014 0.44451
0.14064 0.44448
0.14114 0.44446
0.14164 0.44444
0.14214 0.44442
0.14264 0.44441
0.14314 0.4444
0.14364 0.4444
0.14414 0.4444
0.14464 0.44441
0.14515 0.44443
0.14565 0.44445
0.14615 0.44447
0.14665 0.4445
0.14715 0.44454
0.14765 0.44458
0.14815 0.44462
0.14865 0.44467
0.14915 0.44472
0.14965 0.44478
0.15015 0.44483
0.15065 0.44489
0.15115 0.44495
0.15165 0.445
0.15215 0.44506
0.15265 0.44512
0.15315 0.44518
0.15365 0.44524
0.15415 0.4453
0.15465 0.44535
0.15516 0.44541
0.15566 0.44547
0.15616 0.44552
0.15666 0.44558
0.15716 0.44564
0.15766 0.4457
0.15816 0.44576
0.15866 0.44583
0.15916 0.4459
0.15966 0.44597
0.16016 0.44604
0.16066 0.44613
0.16116 0.44621
0.16166 0.44631
0.16216 0.4464
0.16266 0.44651
0.16316 0.44663
0.16366 0.44675
0.16416 0.44688
0.16466 0.44701
0.16517 0.44716
0.16567 0.44731
0.16617 0.44747
0.16667 0.44764
0.16717 0.44781
0.16767 0.44799
0.16817 0.44818
0.16867 0.44837
0.16917 0.44857
0.16967 0.44878
0.17017 0.44899
0.17067 0.4492
0.17117 0.44942
0.17167 0.44964
0.17217 0.44987
0.17267 0.4501
0.17317 0.45033
0.17367 0.45057
0.17417 0.45082
0.17467 0.45107
0.17518 0.45133
0.17568 0.45159
0.17618 0.45186
0.17668 0.45215
0.17718 0.45244
0.17768 0.45274
0.17818 0.45306
0.17868 0.45338
0.17918 0.45373
0.17968 0.45409
0.18018 0.45446
0.18068 0.45485
0.18118 0.45527
0.18168 0.4557
0.18218 0.45615
0.18268 0.45663
0.18318 0.45713
0.18368 0.45765
0.18418 0.45819
0.18468 0.45876
0.18519 0.45936
0.18569 0.45998
0.18619 0.46063
0.18669 0.46131
0.18719 0.46202
0.18769 0.46276
0.18819 0.46353
0.18869 0.46433
0.18919 0.46517
0.18969 0.46605
0.19019 0.46697
0.19069 0.46793
0.19119 0.46894
0.19169 0.47001
0.19219 0.47113
0.19269 0.47231
0.19319 0.47356
0.19369 0.47488
0.19419 0.47628
0.19469 0.47776
0.1952 0.47934
0.1957 0.48102
0.1962 0.48281
0.1967 0.48471
0.1972 0.48674
0.1977 0.4889
0.1982 0.4912
0.1987 0.49365
0.1992 0.49625
0.1997 0.49901
0.2002 0.50194
0.2007 0.50504
0.2012 0.50832
0.2017 0.51179
0.2022 0.51543
0.2027 0.51926
0.2032 0.52328
0.2037 0.52748
0.2042 0.53186
0.2047 0.53642
0.20521 0.54115
0.20571 0.54605
0.20621 0.5511
0.20671 0.5563
0.20721 0.56163
0.20771 0.56708
0.20821 0.57264
0.20871 0.5783
0.20921 0.58402
0.20971 0.58981
0.21021 0.59563
0.21071 0.60147
0.21121 0.60732
0.21171 0.61315
0.21221 0.61895
0.21271 0.6247
0.21321 0.63038
0.21371 0.63598
0.21421 0.64148
0.21471 0.64686
0.21522 0.65212
0.21572 0.65725
0.21622 0.66223
0.21672 0.66706
0.21722 0.67172
0.21772 0.67623
0.21822 0.68057
0.21872 0.68474
0.21922 0.68874
0.21972 0.69257
0.22022 0.69623
0.22072 0.69974
0.22122 0.70308
0.22172 0.70628
0.22222 0.70933
0.22272 0.71223
0.22322 0.71501
0.22372 0.71766
0.22422 0.7202
0.22472 0.72262
0.22523 0.72495
0.22573 0.72719
0.22623 0.72934
0.22673 0.73141
0.22723 0.73341
0.22773 0.73535
0.22823 0.73724
0.22873 0.73907
0.22923 0.74085
0.22973 0.74259
0.23023 0.74429
0.23073 0.74595
0.23123 0.74758
0.23173 0.74918
0.23223 0.75074
0.23273 0.75228
0.23323 0.75378
0.23373 0.75526
0.23423 0.7567
0.23473 0.75811
0.23524 0.75949
0.23574 0.76084
0.23624 0.76216
0.23674 0.76344
0.23724 0.76469
0.23774 0.76591
0.23824 0.76708
0.23874 0.76823
0.23924 0.76934
0.23974 0.77042
0.24024 0.77147
0.24074 0.77248
0.24124 0.77347
0.24174 0.77443
0.24224 0.77536
0.24274 0.77627
0.24324 0.77715
0.24374 0.77802
0.24424 0.77887
0.24474 0.7797
0.24525 0.78053
0.24575 0.78134
0.24625 0.78215
0.24675 0.78295
0.24725 0.78374
0.24775 0.78453
0.24825 0.78532
0.24875 0.78611
0.24925 0.7869
0.24975 0.78768
0.25025 0.78847
0.25075 0.78926
0.25125 0.79004
0.25175 0.79082
0.25225 0.7916
0.25275 0.79238
0.25325 0.79315
0.25375 0.79391
0.25425 0.79467
0.25475 0.79541
0.25526 0.79615
0.25576 0.79687
0.25626 0.79757
0.25676 0.79827
0.25726 0.79894
0.25776 0.79961
0.25826 0.80025
0.25876 0.80088
0.25926 0.80149
0.25976 0.80209
0.26026 0.80267
0.26076 0.80323
0.26126 0.80379
0.26176 0.80433
0.26226 0.80485
0.26276 0.80537
0.26326 0.80589
0.26376 0.80639
0.26426 0.80689
0.26476 0.80739
0.26527 0.80788
0.26577 0.80838
0.26627 0.80888
0.26677 0.80937
0.26727 0.80987
0.26777 0.81038
0.26827 0.81088
0.26877 0.81139
0.26927 0.81191
0.26977 0.81242
0.27027 0.81294
0.27077 0.81347
0.27127 0.81399
0.27177 0.81451
0.27227 0.81503
0.27277 0.81555
0.27327 0.81607
0.27377 0.81658
0.27427 0.81709
0.27477 0.81758
0.27528 0.81807
0.27578 0.81855
0.27628 0.81902
0.27678 0.81948
0.27728 0.81992
0.27778 0.82036
0.27828 0.82078
0.27878 0.82119
0.27928 0.82159
0.27978 0.82198
0.28028 0.82236
0.28078 0.82273
0.28128 0.82309
0.28178 0.82345
0.28228 0.8238
0.28278 0.82415
0.28328 0.82449
0.28378 0.82483
0.28428 0.82517
0.28478 0.82552
0.28529 0.82586
0.28579 0.82621
0.28629 0.82656
0.28679 0.82691
0.28729 0.82727
0.28779 0.82763
0.28829 0.828
0.28879 0.82837
0.28929 0.82874
0.28979 0.82912
0.29029 0.8295
0.29079 0.82988
0.29129 0.83026
0.29179 0.83064
0.29229 0.83102
0.29279 0.8314
0.29329 0.83177
0.29379 0.83214
0.29429 0.8325
0.29479 0.83285
0.2953 0.8332
0.2958 0.83354
0.2963 0.83386
0.2968 0.83418
0.2973 0.83449
0.2978 0.83479
0.2983 0.83508
0.2988 0.83536
0.2993 0.83564
0.2998 0.83591
0.3003 0.83617
0.3008 0.83642
0.3013 0.83667
0.3018 0.83692
0.3023 0.83717
0.3028 0.83742
0.3033 0.83766
0.3038 0.83791
0.3043 0.83816
0.3048 0.83841
0.30531 0.83867
0.30581 0.83893
0.30631 0.8392
0.30681 0.83947
0.30731 0.83975
0.30781 0.84002
0.30831 0.84031
0.30881 0.8406
0.30931 0.84089
0.30981 0.84118
0.31031 0.84147
0.31081 0.84176
0.31131 0.84205
0.31181 0.84234
0.31231 0.84263
0.31281 0.84291
0.31331 0.84319
0.31381 0.84346
0.31431 0.84372
0.31481 0.84398
0.31532 0.84422
0.31582 0.84447
0.31632 0.8447
0.31682 0.84492
0.31732 0.84514
0.31782 0.84535
0.31832 0.84555
0.31882 0.84575
0.31932 0.84594
0.31982 0.84613
0.32032 0.84632
0.32082 0.8465
0.32132 0.84669
0.32182 0.84687
0.32232 0.84705
0.32282 0.84724
0.32332 0.84743
0.32382 0.84762
0.32432 0.84781
0.32482 0.84801
0.32533 0.84822
0.32583 0.84843
0.32633 0.84864
0.32683 0.84886
0.32733 0.84908
0.32783 0.8493
0.32833 0.84953
0.32883 0.84976
0.32933 0.84999
0.32983 0.85022
0.33033 0.85045
0.33083 0.85067
0.33133 0.8509
0.33183 0.85111
0.33233 0.85133
0.33283 0.85154
0.33333 0.85174
0.33383 0.85194
0.33433 0.85213
0.33483 0.85231
0.33534 0.85248
0.33584 0.85265
0.33634 0.85281
0.33684 0.85297
0.33734 0.85312
0.33784 0.85326
0.33834 0.8534
0.33884 0.85354
0.33934 0.85368
0.33984 0.85381
0.34034 0.85395
0.34084 0.85408
0.34134 0.85422
0.34184 0.85436
0.34234 0.8545
0.34284 0.85465
0.34334 0.8548
0.34384 0.85496
0.34434 0.85512
0.34484 0.85528
0.34535 0.85545
0.34585 0.85563
0.34635 0.8558
0.34685 0.85598
0.34735 0.85616
0.34785 0.85635
0.34835 0.85653
0.34885 0.85671
0.34935 0.8569
0.34985 0.85708
0.35035 0.85725
0.35085 0.85742
0.35135 0.85759
0.35185 0.85775
0.35235 0.85791
0.35285 0.85806
0.35335 0.8582
0.35385 0.85834
0.35435 0.85847
0.35485 0.8586
0.35536 0.85871
0.35586 0.85883
0.35636 0.85894
0.35686 0.85904
0.35736 0.85915
0.35786 0.85925
0.35836 0.85935
0.35886 0.85945
0.35936 0.85955
0.35986 0.85965
0.36036 0.85976
0.36086 0.85986
0.36136 0.85998
0.36186 0.86009
0.36236 0.86021
0.36286 0.86034
0.36336 0.86047
0.36386 0.8606
0.36436 0.86074
0.36486 0.86088
0.36537 0.86103
0.36587 0.86117
0.36637 0.86132
0.36687 0.86147
0.36737 0.86162
0.36787 0.86177
0.36837 0.86191
0.36887 0.86206
0.36937 0.86219
0.36987 0.86233
0.37037 0.86246
0.37087 0.86258
0.37137 0.8627
0.37187 0.86281
0.37237 0.86292
0.37287 0.86302
0.37337 0.86311
0.37387 0.8632
0.37437 0.86328
0.37487 0.86336
0.37538 0.86344
0.37588 0.86352
0.37638 0.86359
0.37688 0.86366
0.37738 0.86373
0.37788 0.86381
0.37838 0.86388
0.37888 0.86396
0.37938 0.86404
0.37988 0.86412
0.38038 0.86421
0.38088 0.86431
0.38138 0.86441
0.38188 0.86451
0.38238 0.86462
0.38288 0.86473
0.38338 0.86485
0.38388 0.86496
0.38438 0.86508
0.38488 0.86521
0.38539 0.86533
0.38589 0.86545
0.38639 0.86557
0.38689 0.86569
0.38739 0.86581
0.38789 0.86592
0.38839 0.86603
0.38889 0.86613
0.38939 0.86623
0.38989 0.86632
0.39039 0.86641
0.39089 0.86649
0.39139 0.86656
0.39189 0.86663
0.39239 0.86669
0.39289 0.86675
0.39339 0.86681
0.39389 0.86686
0.39439 0.86691
0.39489 0.86696
0.3954 0.86701
0.3959 0.86706
0.3964 0.86711
0.3969 0.86717
0.3974 0.86722
0.3979 0.86729
0.3984 0.86735
0.3989 0.86742
0.3994 0.8675
0.3999 0.86758
0.4004 0.86766
0.4009 0.86775
0.4014 0.86784
0.4019 0.86794
0.4024 0.86804
0.4029 0.86814
0.4034 0.86824
0.4039 0.86834
0.4044 0.86845
0.4049 0.86855
0.40541 0.86865
0.40591 0.86874
0.40641 0.86883
0.40691 0.86892
0.40741 0.869
0.40791 0.86907
0.40841 0.86914
0.40891 0.8692
0.40941 0.86926
0.40991 0.86931
0.41041 0.86936
0.41091 0.8694
0.41141 0.86944
0.41191 0.86948
0.41241 0.86951
0.41291 0.86954
0.41341 0.86957
0.41391 0.8696
0.41441 0.86963
0.41491 0.86967
0.41542 0.86971
0.41592 0.86975
0.41642 0.8698
0.41692 0.86985
0.41742 0.86991
0.41792 0.86997
0.41842 0.87003
0.41892 0.87011
0.41942 0.87018
0.41992 0.87026
0.42042 0.87035
0.42092 0.87043
0.42142 0.87052
0.42192 0.87061
0.42242 0.87069
0.42292 0.87078
0.42342 0.87086
0.42392 0.87094
0.42442 0.87102
0.42492 0.87109
0.42543 0.87116
0.42593 0.87122
0.42643 0.87127
0.42693 0.87132
0.42743 0.87136
0.42793 0.8714
0.42843 0.87143
0.42893 0.87146
0.42943 0.87148
0.42993 0.8715
0.43043 0.87152
0.43093 0.87153
0.43143 0.87155
0.43193 0.87156
0.43243 0.87158
0.43293 0.8716
0.43343 0.87162
0.43393 0.87165
0.43443 0.87168
0.43493 0.87172
0.43544 0.87177
0.43594 0.87182
0.43644 0.87187
0.43694 0.87193
0.43744 0.87199
0.43794 0.87206
0.43844 0.87214
0.43894 0.87221
0.43944 0.87229
0.43994 0.87236
0.44044 0.87244
0.44094 0.87252
0.44144 0.87259
0.44194 0.87266
0.44244 0.87272
0.44294 0.87278
0.44344 0.87284
0.44394 0.87288
0.44444 0.87292
0.44494 0.87296
0.44545 0.87299
0.44595 0.87301
0.44645 0.87303
0.44695 0.87304
0.44745 0.87305
0.44795 0.87305
0.44845 0.87305
0.44895 0.87305
0.44945 0.87306
0.44995 0.87306
0.45045 0.87306
0.45095 0.87307
0.45145 0.87308
0.45195 0.8731
0.45245 0.87312
0.45295 0.87315
0.45345 0.87319
0.45395 0.87323
0.45445 0.87327
0.45495 0.87333
0.45546 0.87339
0.45596 0.87345
0.45646 0.87351
0.45696 0.87358
0.45746 0.87365
0.45796 0.87372
0.45846 0.87379
0.45896 0.87386
0.45946 0.87392
0.45996 0.87398
0.46046 0.87404
0.46096 0.87408
0.46146 0.87413
0.46196 0.87416
0.46246 0.87419
0.46296 0.87421
0.46346 0.87422
0.46396 0.87423
0.46446 0.87423
0.46496 0.87423
0.46547 0.87422
0.46597 0.87421
0.46647 0.8742
0.46697 0.87419
0.46747 0.87418
0.46797 0.87417
0.46847 0.87417
0.46897 0.87417
0.46947 0.87417
0.46997 0.87418
0.47047 0.8742
0.47097 0.87422
0.47147 0.87426
0.47197 0.87429
0.47247 0.87434
0.47297 0.87439
0.47347 0.87445
0.47397 0.87451
0.47447 0.87457
0.47497 0.87464
0.47548 0.8747
0.47598 0.87477
0.47648 0.87483
0.47698 0.87489
0.47748 0.87495
0.47798 0.875
0.47848 0.87505
0.47898 0.87508
0.47948 0.87511
0.47998 0.87514
0.48048 0.87515
0.48098 0.87515
0.48148 0.87515
0.48198 0.87515
0.48248 0.87513
0.48298 0.87511
0.48348 0.87509
0.48398 0.87507
0.48448 0.87505
0.48498 0.87502
0.48549 0.875
0.48599 0.87499
0.48649 0.87497
0.48699 0.87497
0.48749 0.87497
0.48799 0.87498
0.48849 0.87499
0.48899 0.87502
0.48949 0.87505
0.48999 0.87509
0.49049 0.87514
0.49099 0.8752
0.49149 0.87526
0.49199 0.87532
0.49249 0.87538
0.49299 0.87545
0.49349 0.87552
0.49399 0.87558
0.49449 0.87564
0.49499 0.87569
0.4955 0.87574
0.496 0.87578
0.4965 0.87582
0.497 0.87584
0.4975 0.87585
0.498 0.87586
0.4985 0.87586
0.499 0.87584
0.4995 0.87583
0.5 0.8758
0.5005 0.87577
0.501 0.87574
0.5015 0.8757
0.502 0.87566
0.5025 0.87563
0.503 0.8756
0.5035 0.87557
0.504 0.87555
0.5045 0.87554
0.50501 0.87553
0.50551 0.87554
0.50601 0.87555
0.50651 0.87558
0.50701 0.87561
0.50751 0.87565
0.50801 0.8757
0.50851 0.87576
0.50901 0.87582
0.50951 0.87589
0.51001 0.87596
0.51051 0.87603
0.51101 0.8761
0.51151 0.87616
0.51201 0.87623
0.51251 0.87628
0.51301 0.87633
0.51351 0.87636
0.51401 0.87639
0.51451 0.87641
0.51502 0.87641
0.51552 0.87641
0.51602 0.87639
0.51652 0.87637
0.51702 0.87633
0.51752 0.87629
0.51802 0.87625
0.51852 0.8762
0.51902 0.87615
0.51952 0.8761
0.52002 0.87606
0.52052 0.87602
0.52102 0.87598
0.52152 0.87596
0.52202 0.87594
0.52252 0.87593
0.52302 0.87594
0.52352 0.87595
0.52402 0.87598
0.52452 0.87602
0.52503 0.87607
0.52553 0.87613
0.52603 0.87619
0.52653 0.87626
0.52703 0.87634
0.52753 0.87642
0.52803 0.87649
0.52853 0.87657
0.52903 0.87663
0.52953 0.8767
0.53003 0.87675
0.53053 0.87679
0.53103 0.87682
0.53153 0.87684
0.53203 0.87684
0.53253 0.87683
0.53303 0.87681
0.53353 0.87678
0.53403 0.87674
0.53453 0.87669
0.53504 0.87663
0.53554 0.87657
0.53604 0.87651
0.53654 0.87644
0.53704 0.87638
0.53754 0.87633
0.53804 0.87628
0.53854 0.87624
0.53904 0.87621
0.53954 0.8762
0.54004 0.8762
0.54054 0.87621
0.54104 0.87624
0.54154 0.87628
0.54204 0.87633
0.54254 0.87639
0.54304 0.87647
0.54354 0.87655
0.54404 0.87663
0.54454 0.87672
0.54505 0.87681
0.54555 0.87689
0.54605 0.87697
0.54655 0.87704
0.54705 0.8771
0.54755 0.87715
0.54805 0.87718
0.54855 0.8772
0.54905 0.8772
0.54955 0.87719
0.55005 0.87716
0.55055 0.87712
0.55105 0.87707
0.55155 0.877
0.55205 0.87693
0.55255 0.87685
0.55305 0.87677
0.55355 0.87669
0.55405 0.87661
0.55455 0.87654
0.55506 0.87648
0.55556 0.87643
0.55606 0.87639
0.55656 0.87637
0.55706 0.87636
0.55756 0.87638
0.55806 0.87641
0.55856 0.87645
0.55906 0.87651
0.55956 0.87659
0.56006 0.87667
0.56056 0.87677
0.56106 0.87687
0.56156 0.87697
0.56206 0.87707
0.56256 0.87717
0.56306 0.87726
0.56356 0.87734
0.56406 0.87741
0.56456 0.87746
0.56507 0.87749
0.56557 0.87751
0.56607 0.87751
0.56657 0.87748
0.56707 0.87744
0.56757 0.87739
0.56807 0.87731
0.56857 0.87723
0.56907 0.87714
0.56957 0.87704
0.57007 0.87693
0.57057 0.87683
0.57107 0.87674
0.57157 0.87665
0.57207 0.87657
0.57257 0.87651
0.57307 0.87647
0.57357 0.87645
0.57407 0.87645
0.57457 0.87646
0.57508 0.8765
0.57558 0.87656
0.57608 0.87664
0.57658 0.87674
0.57708 0.87684
0.57758 0.87696
0.57808 0.87708
0.57858 0.87721
0.57908 0.87733
0.57958 0.87744
0.58008 0.87755
0.58058 0.87764
0.58108 0.87771
0.58158 0.87777
0.58208 0.8778
0.58258 0.87781
0.58308 0.87779
0.58358 0.87775
0.58408 0.87769
0.58458 0.87761
0.58509 0.87751
0.58559 0.8774
0.58609 0.87728
0.58659 0.87715
0.58709 0.87702
0.58759 0.8769
0.58809 0.87678
0.58859 0.87668
0.58909 0.87659
0.58959 0.87652
0.59009 0.87648
0.59059 0.87646
0.59109 0.87647
0.59159 0.8765
0.59209 0.87656
0.59259 0.87664
0.59309 0.87674
0.59359 0.87687
0.59409 0.877
0.59459 0.87715
0.5951 0.8773
0.5956 0.87745
0.5961 0.87759
0.5966 0.87773
0.5971 0.87784
0.5976 0.87794
0.5981 0.87802
0.5986 0.87807
0.5991 0.87809
0.5996 0.87808
0.6001 0.87804
0.6006 0.87797
0.6011 0.87788
0.6016 0.87776
0.6021 0.87763
0.6026 0.87748
0.6031 0.87732
0.6036 0.87716
0.6041 0.87701
0.6046 0.87686
0.60511 0.87672
0.60561 0.8766
0.60611 0.87651
0.60661 0.87644
0.60711 0.87641
0.60761 0.8764
0.60811 0.87643
0.60861 0.8765
0.60911 0.87659
0.60961 0.87671
0.61011 0.87685
0.61061 0.87701
0.61111 0.87719
0.61161 0.87738
0.61211 0.87756
0.61261 0.87774
0.61311 0.87791
0.61361 0.87806
0.61411 0.87819
0.61461 0.87829
0.61512 0.87835
0.61562 0.87839
0.61612 0.87838
0.61662 0.87834
0.61712 0.87826
0.61762 0.87816
0.61812 0.87802
0.61862 0.87785
0.61912 0.87767
0.61962 0.87747
0.62012 0.87727
0.62062 0.87707
0.62112 0.87688
0.62162 0.87671
0.62212 0.87656
0.62262 0.87643
0.62312 0.87634
0.62362 0.87629
0.62412 0.87628
0.62462 0.87631
0.62513 0.87637
0.62563 0.87648
0.62613 0.87662
0.62663 0.8768
0.62713 0.87699
0.62763 0.87721
0.62813 0.87744
0.62863 0.87766
0.62913 0.87789
0.62963 0.8781
0.63013 0.87829
0.63063 0.87844
0.63113 0.87857
0.63163 0.87865
0.63213 0.8787
0.63263 0.87869
0.63313 0.87864
0.63363 0.87855
0.63413 0.87841
0.63463 0.87824
0.63514 0.87804
0.63564 0.87781
0.63614 0.87757
0.63664 0.87732
0.63714 0.87707
0.63764 0.87683
0.63814 0.87661
0.63864 0.87642
0.63914 0.87627
0.63964 0.87615
0.64014 0.87609
0.64064 0.87607
0.64114 0.8761
0.64164 0.87619
0.64214 0.87632
0.64264 0.87649
0.64314 0.87671
0.64364 0.87695
0.64414 0.87721
0.64464 0.87749
0.64515 0.87777
0.64565 0.87805
0.64615 0.8783
0.64665 0.87853
0.64715 0.87872
0.64765 0.87887
0.64815 0.87897
0.64865 0.87902
0.64915 0.879
0.64965 0.87894
0.65015 0.87882
0.65065 0.87864
0.65115 0.87842
0.65165 0.87817
0.65215 0.87788
0.65265 0.87758
0.65315 0.87727
0.65365 0.87696
0.65415 0.87667
0.65465 0.8764
0.65516 0.87617
0.65566 0.87599
0.65616 0.87585
0.65666 0.87578
0.65716 0.87577
0.65766 0.87582
0.65816 0.87593
0.65866 0.8761
0.65916 0.87632
0.65966 0.87659
0.66016 0.87689
0.66066 0.87722
0.66116 0.87756
0.66166 0.87791
0.66216 0.87824
0.66266 0.87855
0.66316 0.87882
0.66366 0.87904
0.66416 0.87921
0.66466 0.87932
0.66517 0.87936
0.66567 0.87933
0.66617 0.87923
0.66667 0.87906
0.66717 0.87883
0.66767 0.87855
0.66817 0.87823
0.66867 0.87787
0.66917 0.8775
0.66967 0.87712
0.67017 0.87674
0.67067 0.87639
0.67117 0.87607
0.67167 0.8758
0.67217 0.87559
0.67267 0.87545
0.67317 0.87537
0.67367 0.87538
0.67417 0.87546
0.67467 0.87561
0.67518 0.87583
0.67568 0.87612
0.67618 0.87645
0.67668 0.87683
0.67718 0.87723
0.67768 0.87764
0.67818 0.87805
0.67868 0.87844
0.67918 0.87879
0.67968 0.87909
0.68018 0.87934
0.68068 0.87951
0.68118 0.8796
0.68168 0.87962
0.68218 0.87954
0.68268 0.87939
0.68318 0.87916
0.68368 0.87885
0.68418 0.87849
0.68468 0.87808
0.68519 0.87764
0.68569 0.87718
0.68619 0.87672
0.68669 0.87628
0.68719 0.87588
0.68769 0.87552
0.68819 0.87523
0.68869 0.87501
0.68919 0.87487
0.68969 0.87483
0.69019 0.87488
0.69069 0.87501
0.69119 0.87524
0.69169 0.87554
0.69219 0.87591
0.69269 0.87634
0.69319 0.8768
0.69369 0.87729
0.69419 0.87778
0.69469 0.87825
0.6952 0.8787
0.6957 0.87909
0.6962 0.87941
0.6967 0.87965
0.6972 0.87981
0.6977 0.87986
0.6982 0.87982
0.6987 0.87968
0.6992 0.87944
0.6997 0.87911
0.7002 0.87871
0.7007 0.87824
0.7012 0.87773
0.7017 0.87719
0.7022 0.87665
0.7027 0.87611
0.7032 0.87561
0.7037 0.87517
0.7042 0.87479
0.7047 0.87449
0.70521 0.87429
0.70571 0.8742
0.70621 0.87421
0.70671 0.87433
0.70721 0.87456
0.70771 0.87488
0.70821 0.87529
0.70871 0.87576
0.70921 0.87629
0.70971 0.87684
0.71021 0.87741
0.71071 0.87796
0.71121 0.87848
0.71171 0.87894
0.71221 0.87933
0.71271 0.87963
0.71321 0.87983
0.71371 0.87991
0.71421 0.87988
0.71471 0.87973
0.71522 0.87946
0.71572 0.8791
0.71622 0.87864
0.71672 0.8781
0.71722 0.87751
0.71772 0.87688
0.71822 0.87624
0.71872 0.87562
0.71922 0.87503
0.71972 0.8745
0.72022 0.87405
0.72072 0.87369
0.72122 0.87345
0.72172 0.87333
0.72222 0.87333
0.72272 0.87346
0.72322 0.87372
0.72372 0.87408
0.72422 0.87455
0.72472 0.87509
0.72523 0.8757
0.72573 0.87634
0.72623 0.87699
0.72673 0.87762
0.72723 0.87822
0.72773 0.87875
0.72823 0.87919
0.72873 0.87953
0.72923 0.87974
0.72973 0.87983
0.73023 0.87978
0.73073 0.87959
0.73123 0.87926
0.73173 0.87882
0.73223 0.87827
0.73273 0.87764
0.73323 0.87695
0.73373 0.87621
0.73423 0.87547
0.73473 0.87475
0.73524 0.87408
0.73574 0.87348
0.73624 0.87297
0.73674 0.87258
0.73724 0.87233
0.73774 0.87222
0.73824 0.87225
0.73874 0.87244
0.73924 0.87276
0.73974 0.87321
0.74024 0.87377
0.74074 0.87441
0.74124 0.87512
0.74174 0.87586
0.74224 0.87661
0.74274 0.87732
0.74324 0.87797
0.74374 0.87854
0.74424 0.87899
0.74474 0.87932
0.74525 0.87949
0.74575 0.8795
0.74625 0.87935
0.74675 0.87904
0.74725 0.87858
0.74775 0.87798
0.74825 0.87727
0.74875 0.87647
0.74925 0.87561
0.74975 0.87472
0.75025 0.87384
0.75075 0.873
0.75125 0.87224
0.75175 0.87158
0.75225 0.87105
0.75275 0.87068
0.75325 0.87048
0.75375 0.87045
0.75425 0.8706
0.75475 0.87093
0.75526 0.87142
0.75576 0.87206
0.75626 0.87281
0.75676 0.87364
0.75726 0.87453
0.75776 0.87544
0.75826 0.87631
0.75876 0.87713
0.75926 0.87784
0.75976 0.87843
0.76026 0.87885
0.76076 0.87909
0.76126 0.87913
0.76176 0.87896
0.76226 0.87859
0.76276 0.87802
0.76326 0.87728
0.76376 0.87638
0.76426 0.87537
0.76476 0.87427
0.76527 0.87313
0.76577 0.87199
0.76627 0.8709
0.76677 0.86991
0.76727 0.86905
0.76777 0.86836
0.76827 0.86787
0.76877 0.8676
0.76927 0.86757
0.76977 0.86778
0.77027 0.86823
0.77077 0.86889
0.77127 0.86975
0.77177 0.87077
0.77227 0.87191
0.77277 0.87311
0.77327 0.87433
0.77377 0.87551
0.77427 0.87659
0.77477 0.87753
0.77528 0.87827
0.77578 0.87878
0.77628 0.87901
0.77678 0.87895
0.77728 0.87859
0.77778 0.87793
0.77828 0.87698
0.77878 0.87576
0.77928 0.87433
0.77978 0.87272
0.78028 0.871
0.78078 0.86924
0.78128 0.86751
0.78178 0.86588
0.78228 0.86442
0.78278 0.86319
0.78328 0.86227
0.78378 0.8617
0.78428 0.8615
0.78478 0.86171
0.78529 0.86231
0.78579 0.8633
0.78629 0.86461
0.78679 0.86621
0.78729 0.86798
0.78779 0.86985
0.78829 0.87167
0.78879 0.87332
0.78929 0.87465
0.78979 0.8755
0.79029 0.87572
0.79079 0.87516
0.79129 0.87366
0.79179 0.87112
0.79229 0.86741
0.79279 0.86246
0.79329 0.85623
0.79379 0.8487
0.79429 0.8399
0.79479 0.82991
0.7953 0.81882
0.7958 0.80679
0.7963 0.79398
0.7968 0.7806
0.7973 0.76684
0.7978 0.75292
0.7983 0.73905
0.7988 0.72539
0.7993 0.71212
0.7998 0.69938
0.8003 0.68725
0.8008 0.67581
0.8013 0.6651
0.8018 0.65514
0.8023 0.64592
0.8028 0.63742
0.8033 0.62961
0.8038 0.62245
0.8043 0.61589
0.8048 0.60988
0.80531 0.60439
0.80581 0.59936
0.80631 0.59475
0.80681 0.59053
0.80731 0.58666
0.80781 0.58312
0.80831 0.57987
0.80881 0.57689
0.80931 0.57416
0.80981 0.57167
0.81031 0.56939
0.81081 0.56731
0.81131 0.56542
0.81181 0.5637
0.81231 0.56215
0.81281 0.56076
0.81331 0.55951
0.81381 0.5584
0.81431 0.55742
0.81481 0.55656
0.81532 0.55582
0.81582 0.55518
0.81632 0.55464
0.81682 0.5542
0.81732 0.55383
0.81782 0.55355
0.81832 0.55334
0.81882 0.55319
0.81932 0.55309
0.81982 0.55305
0.82032 0.55304
0.82082 0.55308
0.82132 0.55314
0.82182 0.55322
0.82232 0.55333
0.82282 0.55344
0.82332 0.55356
0.82382 0.55368
0.82432 0.5538
0.82482 0.5539
0.82533 0.554
0.82583 0.55407
0.82633 0.55413
0.82683 0.55416
0.82733 0.55417
0.82783 0.55414
0.82833 0.55409
0.82883 0.554
0.82933 0.55389
0.82983 0.55373
0.83033 0.55355
0.83083 0.55333
0.83133 0.55308
0.83183 0.55279
0.83233 0.55248
0.83283 0.55213
0.83333 0.55176
0.83383 0.55136
0.83433 0.55094
0.83483 0.55049
0.83534 0.55003
0.83584 0.54955
0.83634 0.54905
0.83684 0.54855
0.83734 0.54804
0.83784 0.54752
0.83834 0.54701
0.83884 0.54649
0.83934 0.54598
0.83984 0.54547
0.84034 0.54497
0.84084 0.54449
0.84134 0.54401
0.84184 0.54356
0.84234 0.54312
0.84284 0.5427
0.84334 0.5423
0.84384 0.54192
0.84434 0.54157
0.84484 0.54123
0.84535 0.54093
0.84585 0.54064
0.84635 0.54039
0.84685 0.54015
0.84735 0.53994
0.84785 0.53975
0.84835 0.53958
0.84885 0.53943
0.84935 0.53931
0.84985 0.5392
0.85035 0.5391
0.85085 0.53902
0.85135 0.53895
0.85185 0.53889
0.85235 0.53885
0.85285 0.5388
0.85335 0.53876
0.85385 0.53873
0.85435 0.53869
0.85485 0.53865
0.85536 0.53861
0.85586 0.53856
0.85636 0.5385
0.85686 0.53843
0.85736 0.53835
0.85786 0.53826
0.85836 0.53816
0.85886 0.53804
0.85936 0.5379
0.85986 0.53775
0.86036 0.53758
0.86086 0.5374
0.86136 0.53719
0.86186 0.53697
0.86236 0.53673
0.86286 0.53648
0.86336 0.5362
0.86386 0.53591
0.86436 0.53561
0.86486 0.53529
0.86537 0.53496
0.86587 0.53462
0.86637 0.53427
0.86687 0.53391
0.86737 0.53354
0.86787 0.53317
0.86837 0.53279
0.86887 0.53241
0.86937 0.53204
0.86987 0.53166
0.87037 0.53128
0.87087 0.53091
0.87137 0.53055
0.87187 0.53019
0.87237 0.52985
0.87287 0.52951
0.87337 0.52918
0.87387 0.52887
0.87437 0.52857
0.87487 0.52828
0.87538 0.52801
0.87588 0.52775
0.87638 0.52751
0.87688 0.52728
0.87738 0.52707
0.87788 0.52687
0.87838 0.52669
0.87888 0.52652
0.87938 0.52637
0.87988 0.52622
0.88038 0.52609
0.88088 0.52597
0.88138 0.52586
0.88188 0.52576
0.88238 0.52566
0.88288 0.52557
0.88338 0.52548
0.88388 0.5254
0.88438 0.52531
0.88488 0.52523
0.88539 0.52514
0.88589 0.52506
0.88639 0.52496
0.88689 0.52487
0.88739 0.52476
0.88789 0.52465
0.88839 0.52453
0.88889 0.5244
0.88939 0.52425
0.88989 0.5241
0.89039 0.52393
0.89089 0.52376
0.89139 0.52357
0.89189 0.52336
0.89239 0.52315
0.89289 0.52292
0.89339 0.52268
0.89389 0.52243
0.89439 0.52217
0.89489 0.52189
0.8954 0.52161
0.8959 0.52132
0.8964 0.52102
0.8969 0.52071
0.8974 0.5204
0.8979 0.52009
0.8984 0.51977
0.8989 0.51945
0.8994 0.51913
0.8999 0.51881
0.9004 0.51849
0.9009 0.51818
0.9014 0.51786
0.9019 0.51756
0.9024 0.51726
0.9029 0.51697
0.9034 0.51669
0.9039 0.51642
0.9044 0.51615
0.9049 0.5159
0.90541 0.51566
0.90591 0.51543
0.90641 0.51521
0.90691 0.515
0.90741 0.51481
0.90791 0.51462
0.90841 0.51445
0.90891 0.51428
0.90941 0.51413
0.90991 0.51398
0.91041 0.51385
0.91091 0.51372
0.91141 0.5136
0.91191 0.51348
0.91241 0.51337
0.91291 0.51326
0.91341 0.51315
0.91391 0.51305
0.91441 0.51294
0.91491 0.51284
0.91542 0.51273
0.91592 0.51262
0.91642 0.5125
0.91692 0.51238
0.91742 0.51225
0.91792 0.51211
0.91842 0.51197
0.91892 0.51182
0.91942 0.51166
0.91992 0.51149
0.92042 0.51131
0.92092 0.51112
0.92142 0.51092
0.92192 0.51071
0.92242 0.51049
0.92292 0.51026
0.92342 0.51002
0.92392 0.50977
0.92442 0.50951
0.92492 0.50925
0.92543 0.50898
0.92593 0.5087
0.92643 0.50842
0.92693 0.50814
0.92743 0.50785
0.92793 0.50756
0.92843 0.50727
0.92893 0.50699
0.92943 0.5067
0.92993 0.50641
0.93043 0.50613
0.93093 0.50586
0.93143 0.50559
0.93193 0.50532
0.93243 0.50506
0.93293 0.50481
0.93343 0.50457
0.93393 0.50434
0.93443 0.50412
0.93493 0.5039
0.93544 0.5037
0.93594 0.5035
0.93644 0.50332
0.93694 0.50314
0.93744 0.50297
0.93794 0.50281
0.93844 0.50266
0.93894 0.50252
0.93944 0.50238
0.93994 0.50225
0.94044 0.50212
0.94094 0.50199
0.94144 0.50187
0.94194 0.50176
0.94244 0.50164
0.94294 0.50152
0.94344 0.5014
0.94394 0.50128
0.94444 0.50116
0.94494 0.50103
0.94545 0.5009
0.94595 0.50076
0.94645 0.50062
0.94695 0.50047
0.94745 0.50031
0.94795 0.50014
0.94845 0.49997
0.94895 0.49979
0.94945 0.4996
0.94995 0.4994
0.95045 0.49919
0.95095 0.49897
0.95145 0.49875
0.95195 0.49851
0.95245 0.49827
0.95295 0.49803
0.95345 0.49778
0.95395 0.49752
0.95445 0.49726
0.95495 0.497
0.95546 0.49673
0.95596 0.49647
0.95646 0.4962
0.95696 0.49593
0.95746 0.49567
0.95796 0.4954
0.95846 0.49514
0.95896 0.49489
0.95946 0.49464
0.95996 0.49439
0.96046 0.49416
0.96096 0.49392
0.96146 0.4937
0.96196 0.49349
0.96246 0.49328
0.96296 0.49308
0.96346 0.49289
0.96396 0.4927
0.96446 0.49253
0.96496 0.49236
0.96547 0.4922
0.96597 0.49205
0.96647 0.4919
0.96697 0.49176
0.96747 0.49162
0.96797 0.49149
0.96847 0.49136
0.96897 0.49124
0.96947 0.49111
0.96997 0.49099
0.97047 0.49086
0.97097 0.49073
0.97147 0.49061
0.97197 0.49047
0.97247 0.49034
0.97297 0.4902
0.97347 0.49006
0.97397 0.4899
0.97447 0.48975
0.97497 0.48958
0.97548 0.48941
0.97598 0.48923
0.97648 0.48905
0.97698 0.48885
0.97748 0.48865
0.97798 0.48844
0.97848 0.48823
0.97898 0.48801
0.97948 0.48778
0.97998 0.48755
0.98048 0.48731
0.98098 0.48707
0.98148 0.48683
0.98198 0.48658
0.98248 0.48633
0.98298 0.48608
0.98348 0.48583
0.98398 0.48559
0.98448 0.48534
0.98498 0.4851
0.98549 0.48486
0.98599 0.48463
0.98649 0.4844
0.98699 0.48417
0.98749 0.48396
0.98799 0.48375
0.98849 0.48354
0.98899 0.48334
0.98949 0.48316
0.98999 0.48297
0.99049 0.4828
0.99099 0.48263
0.99149 0.48247
0.99199 0.48231
0.99249 0.48216
0.99299 0.48202
0.99349 0.48188
0.99399 0.48175
0.99449 0.48161
0.99499 0.48148
0.9955 0.48135
0.996 0.48123
0.9965 0.4811
0.997 0.48097
0.9975 0.48084
0.998 0.4807
0.9985 0.48056
0.999 0.48042
0.9995 0.48028
1 0.48013
