time energy 
0 0.77054
0.0005005 0.77126
0.001001 0.77198
0.0015015 0.77269
0.002002 0.77341
0.0025025 0.77413
0.003003 0.77485
0.0035035 0.77557
0.004004 0.77629
0.0045045 0.77701
0.005005 0.77773
0.0055055 0.77845
0.006006 0.77917
0.0065065 0.77989
0.007007 0.78061
0.0075075 0.78134
0.008008 0.78206
0.0085085 0.78278
0.009009 0.7835
0.0095095 0.78422
0.01001 0.78494
0.010511 0.78567
0.011011 0.78639
0.011512 0.78711
0.012012 0.78783
0.012513 0.78856
0.013013 0.78928
0.013514 0.79
0.014014 0.79073
0.014515 0.79145
0.015015 0.79217
0.015516 0.7929
0.016016 0.79362
0.016517 0.79435
0.017017 0.79507
0.017518 0.7958
0.018018 0.79652
0.018519 0.79725
0.019019 0.79798
0.01952 0.7987
0.02002 0.79943
0.020521 0.80016
0.021021 0.80088
0.021522 0.80161
0.022022 0.80234
0.022523 0.80307
0.023023 0.8038
0.023524 0.80452
0.024024 0.80525
0.024525 0.80598
0.025025 0.80671
0.025526 0.80744
0.026026 0.80817
0.026527 0.8089
0.027027 0.80963
0.027528 0.81037
0.028028 0.8111
0.028529 0.81183
0.029029 0.81256
0.02953 0.81329
0.03003 0.81403
0.030531 0.81476
0.031031 0.81549
0.031532 0.81623
0.032032 0.81696
0.032533 0.8177
0.033033 0.81843
0.033534 0.81917
0.034034 0.8199
0.034535 0.82064
0.035035 0.82137
0.035536 0.82211
0.036036 0.82285
0.036537 0.82359
0.037037 0.82433
0.037538 0.82506
0.038038 0.8258
0.038539 0.82654
0.039039 0.82728
0.03954 0.82802
0.04004 0.82876
0.040541 0.8295
0.041041 0.83025
0.041542 0.83099
0.042042 0.83173
0.042543 0.83247
0.043043 0.83322
0.043544 0.83396
0.044044 0.83471
0.044545 0.83545
0.045045 0.8362
0.045546 0.83694
0.046046 0.83769
0.046547 0.83844
0.047047 0.83918
0.047548 0.83993
0.048048 0.84068
0.048549 0.84143
0.049049 0.84218
0.04955 0.84293
0.05005 0.84368
0.050551 0.84443
0.051051 0.84518
0.051552 0.84593
0.052052 0.84669
0.052553 0.84744
0.053053 0.84819
0.053554 0.84895
0.054054 0.8497
0.054555 0.85046
0.055055 0.85121
0.055556 0.85197
0.056056 0.85273
0.056557 0.85349
0.057057 0.85424
0.057558 0.855
0.058058 0.85576
0.058559 0.85652
0.059059 0.85728
0.05956 0.85805
0.06006 0.85881
0.060561 0.85957
0.061061 0.86034
0.061562 0.8611
0.062062 0.86186
0.062563 0.86263
0.063063 0.8634
0.063564 0.86416
0.064064 0.86493
0.064565 0.8657
0.065065 0.86647
0.065566 0.86724
0.066066 0.86801
0.066567 0.86878
0.067067 0.86955
0.067568 0.87032
0.068068 0.8711
0.068569 0.87187
0.069069 0.87265
0.06957 0.87342
0.07007 0.8742
0.070571 0.87497
0.071071 0.87575
0.071572 0.87653
0.072072 0.87731
0.072573 0.87809
0.073073 0.87887
0.073574 0.87965
0.074074 0.88044
0.074575 0.88122
0.075075 0.882
0.075576 0.88279
0.076076 0.88357
0.076577 0.88436
0.077077 0.88515
0.077578 0.88593
0.078078 0.88672
0.078579 0.88751
0.079079 0.8883
0.07958 0.88909
0.08008 0.88989
0.080581 0.89068
0.081081 0.89147
0.081582 0.89227
0.082082 0.89306
0.082583 0.89386
0.083083 0.89466
0.083584 0.89546
0.084084 0.89626
0.084585 0.89706
0.085085 0.89786
0.085586 0.89866
0.086086 0.89946
0.086587 0.90026
0.087087 0.90107
0.087588 0.90188
0.088088 0.90268
0.088589 0.90349
0.089089 0.9043
0.08959 0.90511
0.09009 0.90592
0.090591 0.90673
0.091091 0.90754
0.091592 0.90835
0.092092 0.90917
0.092593 0.90998
0.093093 0.9108
0.093594 0.91161
0.094094 0.91243
0.094595 0.91325
0.095095 0.91407
0.095596 0.91489
0.096096 0.91571
0.096597 0.91654
0.097097 0.91736
0.097598 0.91818
0.098098 0.91901
0.098599 0.91984
0.099099 0.92067
0.0996 0.92149
0.1001 0.92232
0.1006 0.92315
0.1011 0.92399
0.1016 0.92482
0.1021 0.92565
0.1026 0.92649
0.1031 0.92732
0.1036 0.92816
0.1041 0.929
0.1046 0.92984
0.10511 0.93068
0.10561 0.93152
0.10611 0.93236
0.10661 0.93321
0.10711 0.93405
0.10761 0.9349
0.10811 0.93574
0.10861 0.93659
0.10911 0.93744
0.10961 0.93829
0.11011 0.93914
0.11061 0.93999
0.11111 0.94084
0.11161 0.9417
0.11211 0.94255
0.11261 0.94341
0.11311 0.94427
0.11361 0.94513
0.11411 0.94598
0.11461 0.94685
0.11512 0.94771
0.11562 0.94857
0.11612 0.94943
0.11662 0.9503
0.11712 0.95116
0.11762 0.95203
0.11812 0.9529
0.11862 0.95377
0.11912 0.95464
0.11962 0.95551
0.12012 0.95638
0.12062 0.95726
0.12112 0.95813
0.12162 0.95901
0.12212 0.95988
0.12262 0.96076
0.12312 0.96164
0.12362 0.96252
0.12412 0.9634
0.12462 0.96428
0.12513 0.96517
0.12563 0.96605
0.12613 0.96694
0.12663 0.96782
0.12713 0.96871
0.12763 0.9696
0.12813 0.97049
0.12863 0.97138
0.12913 0.97227
0.12963 0.97316
0.13013 0.97406
0.13063 0.97495
0.13113 0.97585
0.13163 0.97675
0.13213 0.97764
0.13263 0.97854
0.13313 0.97944
0.13363 0.98034
0.13413 0.98125
0.13463 0.98215
0.13514 0.98305
0.13564 0.98396
0.13614 0.98487
0.13664 0.98577
0.13714 0.98668
0.13764 0.98759
0.13814 0.9885
0.13864 0.98941
0.13914 0.99032
0.13964 0.99124
0.14014 0.99215
0.14064 0.99306
0.14114 0.99398
0.14164 0.9949
0.14214 0.99581
0.14264 0.99673
0.14314 0.99765
0.14364 0.99857
0.14414 0.99949
0.14464 1.0004
0.14515 1.0013
0.14565 1.0023
0.14615 1.0032
0.14665 1.0041
0.14715 1.005
0.14765 1.006
0.14815 1.0069
0.14865 1.0078
0.14915 1.0087
0.14965 1.0097
0.15015 1.0106
0.15065 1.0115
0.15115 1.0125
0.15165 1.0134
0.15215 1.0143
0.15265 1.0153
0.15315 1.0162
0.15365 1.0171
0.15415 1.0181
0.15465 1.019
0.15516 1.02
0.15566 1.0209
0.15616 1.0218
0.15666 1.0228
0.15716 1.0237
0.15766 1.0247
0.15816 1.0256
0.15866 1.0265
0.15916 1.0275
0.15966 1.0284
0.16016 1.0294
0.16066 1.0303
0.16116 1.0312
0.16166 1.0322
0.16216 1.0331
0.16266 1.0341
0.16316 1.035
0.16366 1.036
0.16416 1.0369
0.16466 1.0379
0.16517 1.0388
0.16567 1.0398
0.16617 1.0407
0.16667 1.0416
0.16717 1.0426
0.16767 1.0435
0.16817 1.0445
0.16867 1.0454
0.16917 1.0464
0.16967 1.0473
0.17017 1.0483
0.17067 1.0492
0.17117 1.0502
0.17167 1.0511
0.17217 1.0521
0.17267 1.053
0.17317 1.054
0.17367 1.0549
0.17417 1.0558
0.17467 1.0568
0.17518 1.0577
0.17568 1.0587
0.17618 1.0596
0.17668 1.0606
0.17718 1.0615
0.17768 1.0625
0.17818 1.0634
0.17868 1.0643
0.17918 1.0653
0.17968 1.0662
0.18018 1.0672
0.18068 1.0681
0.18118 1.069
0.18168 1.07
0.18218 1.0709
0.18268 1.0719
0.18318 1.0728
0.18368 1.0737
0.18418 1.0747
0.18468 1.0756
0.18519 1.0765
0.18569 1.0775
0.18619 1.0784
0.18669 1.0793
0.18719 1.0802
0.18769 1.0812
0.18819 1.0821
0.18869 1.083
0.18919 1.0839
0.18969 1.0849
0.19019 1.0858
0.19069 1.0867
0.19119 1.0876
0.19169 1.0885
0.19219 1.0895
0.19269 1.0904
0.19319 1.0913
0.19369 1.0922
0.19419 1.0931
0.19469 1.094
0.1952 1.0949
0.1957 1.0958
0.1962 1.0967
0.1967 1.0976
0.1972 1.0985
0.1977 1.0994
0.1982 1.1003
0.1987 1.1012
0.1992 1.1021
0.1997 1.1029
0.2002 1.1038
0.2007 1.1047
0.2012 1.1056
0.2017 1.1065
0.2022 1.1073
0.2027 1.1082
0.2032 1.1091
0.2037 1.1099
0.2042 1.1108
0.2047 1.1116
0.20521 1.1125
0.20571 1.1133
0.20621 1.1142
0.20671 1.115
0.20721 1.1159
0.20771 1.1167
0.20821 1.1176
0.20871 1.1184
0.20921 1.1192
0.20971 1.12
0.21021 1.1209
0.21071 1.1217
0.21121 1.1225
0.21171 1.1233
0.21221 1.1241
0.21271 1.1249
0.21321 1.1257
0.21371 1.1265
0.21421 1.1273
0.21471 1.1281
0.21522 1.1288
0.21572 1.1296
0.21622 1.1304
0.21672 1.1312
0.21722 1.1319
0.21772 1.1327
0.21822 1.1334
0.21872 1.1342
0.21922 1.1349
0.21972 1.1357
0.22022 1.1364
0.22072 1.1371
0.22122 1.1378
0.22172 1.1385
0.22222 1.1393
0.22272 1.14
0.22322 1.1407
0.22372 1.1414
0.22422 1.142
0.22472 1.1427
0.22523 1.1434
0.22573 1.1441
0.22623 1.1447
0.22673 1.1454
0.22723 1.146
0.22773 1.1467
0.22823 1.1473
0.22873 1.1479
0.22923 1.1486
0.22973 1.1492
0.23023 1.1498
0.23073 1.1504
0.23123 1.151
0.23173 1.1516
0.23223 1.1521
0.23273 1.1527
0.23323 1.1533
0.23373 1.1538
0.23423 1.1544
0.23473 1.1549
0.23524 1.1554
0.23574 1.156
0.23624 1.1565
0.23674 1.157
0.23724 1.1575
0.23774 1.158
0.23824 1.1584
0.23874 1.1589
0.23924 1.1594
0.23974 1.1598
0.24024 1.1602
0.24074 1.1607
0.24124 1.1611
0.24174 1.1615
0.24224 1.1619
0.24274 1.1623
0.24324 1.1627
0.24374 1.163
0.24424 1.1634
0.24474 1.1638
0.24525 1.1641
0.24575 1.1644
0.24625 1.1647
0.24675 1.165
0.24725 1.1653
0.24775 1.1656
0.24825 1.1659
0.24875 1.1661
0.24925 1.1664
0.24975 1.1666
0.25025 1.1668
0.25075 1.167
0.25125 1.1672
0.25175 1.1674
0.25225 1.1675
0.25275 1.1677
0.25325 1.1678
0.25375 1.168
0.25425 1.1681
0.25475 1.1682
0.25526 1.1682
0.25576 1.1683
0.25626 1.1684
0.25676 1.1684
0.25726 1.1684
0.25776 1.1684
0.25826 1.1684
0.25876 1.1684
0.25926 1.1683
0.25976 1.1683
0.26026 1.1682
0.26076 1.1681
0.26126 1.168
0.26176 1.1678
0.26226 1.1677
0.26276 1.1675
0.26326 1.1673
0.26376 1.1671
0.26426 1.1669
0.26476 1.1667
0.26527 1.1664
0.26577 1.1661
0.26627 1.1658
0.26677 1.1655
0.26727 1.1652
0.26777 1.1648
0.26827 1.1644
0.26877 1.164
0.26927 1.1636
0.26977 1.1631
0.27027 1.1626
0.27077 1.1621
0.27127 1.1616
0.27177 1.1611
0.27227 1.1605
0.27277 1.1599
0.27327 1.1593
0.27377 1.1587
0.27427 1.158
0.27477 1.1573
0.27528 1.1566
0.27578 1.1558
0.27628 1.1551
0.27678 1.1543
0.27728 1.1534
0.27778 1.1526
0.27828 1.1517
0.27878 1.1508
0.27928 1.1498
0.27978 1.1489
0.28028 1.1479
0.28078 1.1468
0.28128 1.1458
0.28178 1.1447
0.28228 1.1435
0.28278 1.1424
0.28328 1.1412
0.28378 1.14
0.28428 1.1387
0.28478 1.1374
0.28529 1.1361
0.28579 1.1347
0.28629 1.1333
0.28679 1.1319
0.28729 1.1304
0.28779 1.1289
0.28829 1.1273
0.28879 1.1257
0.28929 1.1241
0.28979 1.1224
0.29029 1.1207
0.29079 1.119
0.29129 1.1172
0.29179 1.1154
0.29229 1.1135
0.29279 1.1116
0.29329 1.1097
0.29379 1.1077
0.29429 1.1056
0.29479 1.1036
0.2953 1.1014
0.2958 1.0993
0.2963 1.0971
0.2968 1.0948
0.2973 1.0925
0.2978 1.0902
0.2983 1.0878
0.2988 1.0853
0.2993 1.0829
0.2998 1.0803
0.3003 1.0778
0.3008 1.0752
0.3013 1.0725
0.3018 1.0698
0.3023 1.0671
0.3028 1.0643
0.3033 1.0614
0.3038 1.0586
0.3043 1.0556
0.3048 1.0527
0.30531 1.0497
0.30581 1.0466
0.30631 1.0435
0.30681 1.0404
0.30731 1.0372
0.30781 1.034
0.30831 1.0308
0.30881 1.0275
0.30931 1.0242
0.30981 1.0208
0.31031 1.0174
0.31081 1.014
0.31131 1.0106
0.31181 1.0071
0.31231 1.0036
0.31281 1
0.31331 0.99648
0.31381 0.99289
0.31431 0.98929
0.31481 0.98566
0.31532 0.98201
0.31582 0.97834
0.31632 0.97466
0.31682 0.97097
0.31732 0.96726
0.31782 0.96355
0.31832 0.95983
0.31882 0.9561
0.31932 0.95236
0.31982 0.94863
0.32032 0.94489
0.32082 0.94116
0.32132 0.93742
0.32182 0.9337
0.32232 0.92998
0.32282 0.92627
0.32332 0.92257
0.32382 0.91888
0.32432 0.9152
0.32482 0.91154
0.32533 0.9079
0.32583 0.90427
0.32633 0.90067
0.32683 0.89708
0.32733 0.89352
0.32783 0.88998
0.32833 0.88647
0.32883 0.88298
0.32933 0.87952
0.32983 0.87608
0.33033 0.87268
0.33083 0.8693
0.33133 0.86596
0.33183 0.86264
0.33233 0.85936
0.33283 0.85611
0.33333 0.85289
0.33383 0.8497
0.33433 0.84655
0.33483 0.84343
0.33534 0.84035
0.33584 0.8373
0.33634 0.83428
0.33684 0.8313
0.33734 0.82835
0.33784 0.82544
0.33834 0.82257
0.33884 0.81972
0.33934 0.81691
0.33984 0.81414
0.34034 0.8114
0.34084 0.80869
0.34134 0.80602
0.34184 0.80338
0.34234 0.80078
0.34284 0.79821
0.34334 0.79567
0.34384 0.79316
0.34434 0.79068
0.34484 0.78824
0.34535 0.78583
0.34585 0.78344
0.34635 0.78109
0.34685 0.77877
0.34735 0.77648
0.34785 0.77422
0.34835 0.77198
0.34885 0.76978
0.34935 0.7676
0.34985 0.76545
0.35035 0.76333
0.35085 0.76124
0.35135 0.75917
0.35185 0.75712
0.35235 0.75511
0.35285 0.75311
0.35335 0.75114
0.35385 0.7492
0.35435 0.74728
0.35485 0.74538
0.35536 0.74351
0.35586 0.74166
0.35636 0.73983
0.35686 0.73802
0.35736 0.73624
0.35786 0.73447
0.35836 0.73273
0.35886 0.731
0.35936 0.7293
0.35986 0.72761
0.36036 0.72595
0.36086 0.7243
0.36136 0.72268
0.36186 0.72107
0.36236 0.71948
0.36286 0.7179
0.36336 0.71635
0.36386 0.71481
0.36436 0.71328
0.36486 0.71178
0.36537 0.71029
0.36587 0.70881
0.36637 0.70735
0.36687 0.70591
0.36737 0.70448
0.36787 0.70307
0.36837 0.70167
0.36887 0.70028
0.36937 0.69891
0.36987 0.69755
0.37037 0.69621
0.37087 0.69488
0.37137 0.69356
0.37187 0.69225
0.37237 0.69096
0.37287 0.68968
0.37337 0.68841
0.37387 0.68716
0.37437 0.68591
0.37487 0.68468
0.37538 0.68346
0.37588 0.68225
0.37638 0.68105
0.37688 0.67986
0.37738 0.67868
0.37788 0.67752
0.37838 0.67636
0.37888 0.67521
0.37938 0.67408
0.37988 0.67295
0.38038 0.67183
0.38088 0.67072
0.38138 0.66963
0.38188 0.66854
0.38238 0.66746
0.38288 0.66639
0.38338 0.66532
0.38388 0.66427
0.38438 0.66323
0.38488 0.66219
0.38539 0.66116
0.38589 0.66014
0.38639 0.65913
0.38689 0.65812
0.38739 0.65713
0.38789 0.65614
0.38839 0.65516
0.38889 0.65418
0.38939 0.65322
0.38989 0.65226
0.39039 0.65131
0.39089 0.65036
0.39139 0.64942
0.39189 0.64849
0.39239 0.64757
0.39289 0.64665
0.39339 0.64574
0.39389 0.64483
0.39439 0.64394
0.39489 0.64304
0.3954 0.64216
0.3959 0.64128
0.3964 0.6404
0.3969 0.63954
0.3974 0.63867
0.3979 0.63782
0.3984 0.63697
0.3989 0.63612
0.3994 0.63528
0.3999 0.63445
0.4004 0.63362
0.4009 0.6328
0.4014 0.63198
0.4019 0.63117
0.4024 0.63036
0.4029 0.62956
0.4034 0.62876
0.4039 0.62797
0.4044 0.62718
0.4049 0.6264
0.40541 0.62562
0.40591 0.62485
0.40641 0.62408
0.40691 0.62332
0.40741 0.62256
0.40791 0.6218
0.40841 0.62105
0.40891 0.62031
0.40941 0.61957
0.40991 0.61883
0.41041 0.6181
0.41091 0.61737
0.41141 0.61664
0.41191 0.61592
0.41241 0.61521
0.41291 0.61449
0.41341 0.61378
0.41391 0.61308
0.41441 0.61238
0.41491 0.61168
0.41542 0.61099
0.41592 0.6103
0.41642 0.60961
0.41692 0.60893
0.41742 0.60825
0.41792 0.60757
0.41842 0.6069
0.41892 0.60623
0.41942 0.60557
0.41992 0.60491
0.42042 0.60425
0.42092 0.6036
0.42142 0.60294
0.42192 0.6023
0.42242 0.60165
0.42292 0.60101
0.42342 0.60037
0.42392 0.59974
0.42442 0.5991
0.42492 0.59847
0.42543 0.59785
0.42593 0.59722
0.42643 0.5966
0.42693 0.59599
0.42743 0.59537
0.42793 0.59476
0.42843 0.59415
0.42893 0.59355
0.42943 0.59294
0.42993 0.59234
0.43043 0.59175
0.43093 0.59115
0.43143 0.59056
0.43193 0.58997
0.43243 0.58938
0.43293 0.5888
0.43343 0.58822
0.43393 0.58764
0.43443 0.58706
0.43493 0.58649
0.43544 0.58591
0.43594 0.58535
0.43644 0.58478
0.43694 0.58421
0.43744 0.58365
0.43794 0.58309
0.43844 0.58254
0.43894 0.58198
0.43944 0.58143
0.43994 0.58088
0.44044 0.58033
0.44094 0.57979
0.44144 0.57924
0.44194 0.5787
0.44244 0.57816
0.44294 0.57762
0.44344 0.57709
0.44394 0.57656
0.44444 0.57603
0.44494 0.5755
0.44545 0.57497
0.44595 0.57445
0.44645 0.57393
0.44695 0.57341
0.44745 0.57289
0.44795 0.57237
0.44845 0.57186
0.44895 0.57135
0.44945 0.57084
0.44995 0.57033
0.45045 0.56982
0.45095 0.56932
0.45145 0.56882
0.45195 0.56831
0.45245 0.56782
0.45295 0.56732
0.45345 0.56682
0.45395 0.56633
0.45445 0.56584
0.45495 0.56535
0.45546 0.56486
0.45596 0.56438
0.45646 0.56389
0.45696 0.56341
0.45746 0.56293
0.45796 0.56245
0.45846 0.56197
0.45896 0.5615
0.45946 0.56102
0.45996 0.56055
0.46046 0.56008
0.46096 0.55961
0.46146 0.55914
0.46196 0.55868
0.46246 0.55821
0.46296 0.55775
0.46346 0.55729
0.46396 0.55683
0.46446 0.55637
0.46496 0.55591
0.46547 0.55546
0.46597 0.55501
0.46647 0.55455
0.46697 0.5541
0.46747 0.55366
0.46797 0.55321
0.46847 0.55276
0.46897 0.55232
0.46947 0.55187
0.46997 0.55143
0.47047 0.55099
0.47097 0.55056
0.47147 0.55012
0.47197 0.54968
0.47247 0.54925
0.47297 0.54882
0.47347 0.54838
0.47397 0.54795
0.47447 0.54753
0.47497 0.5471
0.47548 0.54667
0.47598 0.54625
0.47648 0.54582
0.47698 0.5454
0.47748 0.54498
0.47798 0.54456
0.47848 0.54414
0.47898 0.54373
0.47948 0.54331
0.47998 0.5429
0.48048 0.54249
0.48098 0.54207
0.48148 0.54166
0.48198 0.54126
0.48248 0.54085
0.48298 0.54044
0.48348 0.54004
0.48398 0.53963
0.48448 0.53923
0.48498 0.53883
0.48549 0.53843
0.48599 0.53803
0.48649 0.53763
0.48699 0.53723
0.48749 0.53684
0.48799 0.53644
0.48849 0.53605
0.48899 0.53566
0.48949 0.53527
0.48999 0.53488
0.49049 0.53449
0.49099 0.5341
0.49149 0.53372
0.49199 0.53333
0.49249 0.53295
0.49299 0.53257
0.49349 0.53219
0.49399 0.53181
0.49449 0.53143
0.49499 0.53105
0.4955 0.53067
0.496 0.5303
0.4965 0.52992
0.497 0.52955
0.4975 0.52918
0.498 0.5288
0.4985 0.52843
0.499 0.52806
0.4995 0.5277
0.5 0.52733
0.5005 0.52696
0.501 0.5266
0.5015 0.52623
0.502 0.52587
0.5025 0.52551
0.503 0.52515
0.5035 0.52479
0.504 0.52443
0.5045 0.52407
0.50501 0.52372
0.50551 0.52336
0.50601 0.52301
0.50651 0.52265
0.50701 0.5223
0.50751 0.52195
0.50801 0.5216
0.50851 0.52125
0.50901 0.5209
0.50951 0.52056
0.51001 0.52021
0.51051 0.51986
0.51101 0.51952
0.51151 0.51918
0.51201 0.51883
0.51251 0.51849
0.51301 0.51815
0.51351 0.51781
0.51401 0.51747
0.51451 0.51714
0.51502 0.5168
0.51552 0.51647
0.51602 0.51613
0.51652 0.5158
0.51702 0.51547
0.51752 0.51513
0.51802 0.5148
0.51852 0.51447
0.51902 0.51414
0.51952 0.51382
0.52002 0.51349
0.52052 0.51316
0.52102 0.51284
0.52152 0.51252
0.52202 0.51219
0.52252 0.51187
0.52302 0.51155
0.52352 0.51123
0.52402 0.51091
0.52452 0.51059
0.52503 0.51028
0.52553 0.50996
0.52603 0.50964
0.52653 0.50933
0.52703 0.50902
0.52753 0.5087
0.52803 0.50839
0.52853 0.50808
0.52903 0.50777
0.52953 0.50746
0.53003 0.50715
0.53053 0.50685
0.53103 0.50654
0.53153 0.50624
0.53203 0.50593
0.53253 0.50563
0.53303 0.50533
0.53353 0.50502
0.53403 0.50472
0.53453 0.50442
0.53504 0.50412
0.53554 0.50383
0.53604 0.50353
0.53654 0.50323
0.53704 0.50294
0.53754 0.50264
0.53804 0.50235
0.53854 0.50206
0.53904 0.50177
0.53954 0.50148
0.54004 0.50119
0.54054 0.5009
0.54104 0.50061
0.54154 0.50032
0.54204 0.50004
0.54254 0.49975
0.54304 0.49947
0.54354 0.49918
0.54404 0.4989
0.54454 0.49862
0.54505 0.49834
0.54555 0.49806
0.54605 0.49778
0.54655 0.4975
0.54705 0.49722
0.54755 0.49695
0.54805 0.49667
0.54855 0.49639
0.54905 0.49612
0.54955 0.49585
0.55005 0.49558
0.55055 0.4953
0.55105 0.49503
0.55155 0.49477
0.55205 0.4945
0.55255 0.49423
0.55305 0.49396
0.55355 0.4937
0.55405 0.49343
0.55455 0.49317
0.55506 0.4929
0.55556 0.49264
0.55606 0.49238
0.55656 0.49212
0.55706 0.49186
0.55756 0.4916
0.55806 0.49134
0.55856 0.49109
0.55906 0.49083
0.55956 0.49058
0.56006 0.49032
0.56056 0.49007
0.56106 0.48982
0.56156 0.48956
0.56206 0.48931
0.56256 0.48906
0.56306 0.48881
0.56356 0.48857
0.56406 0.48832
0.56456 0.48807
0.56507 0.48783
0.56557 0.48758
0.56607 0.48734
0.56657 0.4871
0.56707 0.48685
0.56757 0.48661
0.56807 0.48637
0.56857 0.48613
0.56907 0.48589
0.56957 0.48566
0.57007 0.48542
0.57057 0.48519
0.57107 0.48495
0.57157 0.48472
0.57207 0.48448
0.57257 0.48425
0.57307 0.48402
0.57357 0.48379
0.57407 0.48356
0.57457 0.48333
0.57508 0.4831
0.57558 0.48288
0.57608 0.48265
0.57658 0.48243
0.57708 0.4822
0.57758 0.48198
0.57808 0.48176
0.57858 0.48154
0.57908 0.48132
0.57958 0.4811
0.58008 0.48088
0.58058 0.48066
0.58108 0.48044
0.58158 0.48023
0.58208 0.48001
0.58258 0.4798
0.58308 0.47959
0.58358 0.47937
0.58408 0.47916
0.58458 0.47895
0.58509 0.47874
0.58559 0.47854
0.58609 0.47833
0.58659 0.47812
0.58709 0.47792
0.58759 0.47771
0.58809 0.47751
0.58859 0.4773
0.58909 0.4771
0.58959 0.4769
0.59009 0.4767
0.59059 0.4765
0.59109 0.4763
0.59159 0.47611
0.59209 0.47591
0.59259 0.47572
0.59309 0.47552
0.59359 0.47533
0.59409 0.47514
0.59459 0.47494
0.5951 0.47475
0.5956 0.47456
0.5961 0.47437
0.5966 0.47419
0.5971 0.474
0.5976 0.47381
0.5981 0.47363
0.5986 0.47345
0.5991 0.47326
0.5996 0.47308
0.6001 0.4729
0.6006 0.47272
0.6011 0.47254
0.6016 0.47236
0.6021 0.47219
0.6026 0.47201
0.6031 0.47183
0.6036 0.47166
0.6041 0.47149
0.6046 0.47131
0.60511 0.47114
0.60561 0.47097
0.60611 0.4708
0.60661 0.47064
0.60711 0.47047
0.60761 0.4703
0.60811 0.47014
0.60861 0.46997
0.60911 0.46981
0.60961 0.46965
0.61011 0.46949
0.61061 0.46933
0.61111 0.46917
0.61161 0.46901
0.61211 0.46885
0.61261 0.46869
0.61311 0.46854
0.61361 0.46839
0.61411 0.46823
0.61461 0.46808
0.61512 0.46793
0.61562 0.46778
0.61612 0.46763
0.61662 0.46748
0.61712 0.46734
0.61762 0.46719
0.61812 0.46704
0.61862 0.4669
0.61912 0.46676
0.61962 0.46662
0.62012 0.46648
0.62062 0.46634
0.62112 0.4662
0.62162 0.46606
0.62212 0.46592
0.62262 0.46579
0.62312 0.46565
0.62362 0.46552
0.62412 0.46539
0.62462 0.46526
0.62513 0.46513
0.62563 0.465
0.62613 0.46487
0.62663 0.46475
0.62713 0.46462
0.62763 0.4645
0.62813 0.46437
0.62863 0.46425
0.62913 0.46413
0.62963 0.46401
0.63013 0.46389
0.63063 0.46377
0.63113 0.46365
0.63163 0.46354
0.63213 0.46342
0.63263 0.46331
0.63313 0.4632
0.63363 0.46309
0.63413 0.46298
0.63463 0.46287
0.63514 0.46276
0.63564 0.46266
0.63614 0.46255
0.63664 0.46245
0.63714 0.46234
0.63764 0.46224
0.63814 0.46214
0.63864 0.46204
0.63914 0.46194
0.63964 0.46184
0.64014 0.46175
0.64064 0.46165
0.64114 0.46156
0.64164 0.46147
0.64214 0.46138
0.64264 0.46129
0.64314 0.4612
0.64364 0.46111
0.64414 0.46102
0.64464 0.46094
0.64515 0.46085
0.64565 0.46077
0.64615 0.46069
0.64665 0.46061
0.64715 0.46053
0.64765 0.46045
0.64815 0.46037
0.64865 0.4603
0.64915 0.46022
0.64965 0.46015
0.65015 0.46008
0.65065 0.46001
0.65115 0.45994
0.65165 0.45987
0.65215 0.4598
0.65265 0.45974
0.65315 0.45967
0.65365 0.45961
0.65415 0.45955
0.65465 0.45949
0.65516 0.45943
0.65566 0.45937
0.65616 0.45931
0.65666 0.45926
0.65716 0.4592
0.65766 0.45915
0.65816 0.4591
0.65866 0.45905
0.65916 0.459
0.65966 0.45895
0.66016 0.45891
0.66066 0.45886
0.66116 0.45882
0.66166 0.45878
0.66216 0.45873
0.66266 0.45869
0.66316 0.45866
0.66366 0.45862
0.66416 0.45858
0.66466 0.45855
0.66517 0.45852
0.66567 0.45849
0.66617 0.45845
0.66667 0.45843
0.66717 0.4584
0.66767 0.45837
0.66817 0.45835
0.66867 0.45832
0.66917 0.4583
0.66967 0.45828
0.67017 0.45826
0.67067 0.45825
0.67117 0.45823
0.67167 0.45821
0.67217 0.4582
0.67267 0.45819
0.67317 0.45818
0.67367 0.45817
0.67417 0.45816
0.67467 0.45816
0.67518 0.45815
0.67568 0.45815
0.67618 0.45814
0.67668 0.45814
0.67718 0.45815
0.67768 0.45815
0.67818 0.45815
0.67868 0.45816
0.67918 0.45816
0.67968 0.45817
0.68018 0.45818
0.68068 0.45819
0.68118 0.45821
0.68168 0.45822
0.68218 0.45824
0.68268 0.45825
0.68318 0.45827
0.68368 0.45829
0.68418 0.45831
0.68468 0.45834
0.68519 0.45836
0.68569 0.45839
0.68619 0.45842
0.68669 0.45845
0.68719 0.45848
0.68769 0.45851
0.68819 0.45855
0.68869 0.45858
0.68919 0.45862
0.68969 0.45866
0.69019 0.4587
0.69069 0.45874
0.69119 0.45878
0.69169 0.45883
0.69219 0.45888
0.69269 0.45892
0.69319 0.45897
0.69369 0.45903
0.69419 0.45908
0.69469 0.45913
0.6952 0.45919
0.6957 0.45925
0.6962 0.45931
0.6967 0.45937
0.6972 0.45943
0.6977 0.4595
0.6982 0.45956
0.6987 0.45963
0.6992 0.4597
0.6997 0.45977
0.7002 0.45985
0.7007 0.45992
0.7012 0.46
0.7017 0.46007
0.7022 0.46015
0.7027 0.46024
0.7032 0.46032
0.7037 0.4604
0.7042 0.46049
0.7047 0.46058
0.70521 0.46067
0.70571 0.46076
0.70621 0.46085
0.70671 0.46095
0.70721 0.46105
0.70771 0.46114
0.70821 0.46124
0.70871 0.46135
0.70921 0.46145
0.70971 0.46156
0.71021 0.46166
0.71071 0.46177
0.71121 0.46188
0.71171 0.462
0.71221 0.46211
0.71271 0.46223
0.71321 0.46234
0.71371 0.46246
0.71421 0.46258
0.71471 0.46271
0.71522 0.46283
0.71572 0.46296
0.71622 0.46309
0.71672 0.46322
0.71722 0.46335
0.71772 0.46349
0.71822 0.46362
0.71872 0.46376
0.71922 0.4639
0.71972 0.46404
0.72022 0.46418
0.72072 0.46433
0.72122 0.46448
0.72172 0.46462
0.72222 0.46477
0.72272 0.46493
0.72322 0.46508
0.72372 0.46524
0.72422 0.4654
0.72472 0.46556
0.72523 0.46572
0.72573 0.46588
0.72623 0.46605
0.72673 0.46621
0.72723 0.46638
0.72773 0.46656
0.72823 0.46673
0.72873 0.4669
0.72923 0.46708
0.72973 0.46726
0.73023 0.46744
0.73073 0.46762
0.73123 0.46781
0.73173 0.46799
0.73223 0.46818
0.73273 0.46837
0.73323 0.46857
0.73373 0.46876
0.73423 0.46896
0.73473 0.46915
0.73524 0.46935
0.73574 0.46956
0.73624 0.46976
0.73674 0.46997
0.73724 0.47017
0.73774 0.47038
0.73824 0.47059
0.73874 0.47081
0.73924 0.47102
0.73974 0.47124
0.74024 0.47146
0.74074 0.47168
0.74124 0.47191
0.74174 0.47213
0.74224 0.47236
0.74274 0.47259
0.74324 0.47282
0.74374 0.47305
0.74424 0.47329
0.74474 0.47353
0.74525 0.47376
0.74575 0.47401
0.74625 0.47425
0.74675 0.47449
0.74725 0.47474
0.74775 0.47499
0.74825 0.47524
0.74875 0.47549
0.74925 0.47575
0.74975 0.47601
0.75025 0.47627
0.75075 0.47653
0.75125 0.47679
0.75175 0.47706
0.75225 0.47732
0.75275 0.47759
0.75325 0.47786
0.75375 0.47814
0.75425 0.47841
0.75475 0.47869
0.75526 0.47897
0.75576 0.47925
0.75626 0.47953
0.75676 0.47982
0.75726 0.4801
0.75776 0.48039
0.75826 0.48068
0.75876 0.48098
0.75926 0.48127
0.75976 0.48157
0.76026 0.48187
0.76076 0.48217
0.76126 0.48247
0.76176 0.48278
0.76226 0.48308
0.76276 0.48339
0.76326 0.48371
0.76376 0.48402
0.76426 0.48433
0.76476 0.48465
0.76527 0.48497
0.76577 0.48529
0.76627 0.48561
0.76677 0.48594
0.76727 0.48627
0.76777 0.4866
0.76827 0.48693
0.76877 0.48726
0.76927 0.48759
0.76977 0.48793
0.77027 0.48827
0.77077 0.48861
0.77127 0.48895
0.77177 0.4893
0.77227 0.48965
0.77277 0.48999
0.77327 0.49035
0.77377 0.4907
0.77427 0.49105
0.77477 0.49141
0.77528 0.49177
0.77578 0.49213
0.77628 0.49249
0.77678 0.49286
0.77728 0.49322
0.77778 0.49359
0.77828 0.49396
0.77878 0.49433
0.77928 0.49471
0.77978 0.49509
0.78028 0.49546
0.78078 0.49584
0.78128 0.49623
0.78178 0.49661
0.78228 0.497
0.78278 0.49738
0.78328 0.49777
0.78378 0.49816
0.78428 0.49856
0.78478 0.49895
0.78529 0.49935
0.78579 0.49975
0.78629 0.50015
0.78679 0.50055
0.78729 0.50096
0.78779 0.50137
0.78829 0.50177
0.78879 0.50219
0.78929 0.5026
0.78979 0.50301
0.79029 0.50343
0.79079 0.50385
0.79129 0.50427
0.79179 0.50469
0.79229 0.50511
0.79279 0.50554
0.79329 0.50596
0.79379 0.50639
0.79429 0.50682
0.79479 0.50726
0.7953 0.50769
0.7958 0.50813
0.7963 0.50857
0.7968 0.50901
0.7973 0.50945
0.7978 0.50989
0.7983 0.51034
0.7988 0.51078
0.7993 0.51123
0.7998 0.51168
0.8003 0.51214
0.8008 0.51259
0.8013 0.51305
0.8018 0.5135
0.8023 0.51396
0.8028 0.51442
0.8033 0.51489
0.8038 0.51535
0.8043 0.51582
0.8048 0.51629
0.80531 0.51675
0.80581 0.51723
0.80631 0.5177
0.80681 0.51817
0.80731 0.51865
0.80781 0.51913
0.80831 0.51961
0.80881 0.52009
0.80931 0.52057
0.80981 0.52106
0.81031 0.52155
0.81081 0.52203
0.81131 0.52252
0.81181 0.52301
0.81231 0.52351
0.81281 0.524
0.81331 0.5245
0.81381 0.525
0.81431 0.5255
0.81481 0.526
0.81532 0.5265
0.81582 0.527
0.81632 0.52751
0.81682 0.52802
0.81732 0.52853
0.81782 0.52904
0.81832 0.52955
0.81882 0.53006
0.81932 0.53058
0.81982 0.5311
0.82032 0.53161
0.82082 0.53213
0.82132 0.53265
0.82182 0.53318
0.82232 0.5337
0.82282 0.53423
0.82332 0.53476
0.82382 0.53528
0.82432 0.53581
0.82482 0.53635
0.82533 0.53688
0.82583 0.53741
0.82633 0.53795
0.82683 0.53849
0.82733 0.53903
0.82783 0.53957
0.82833 0.54011
0.82883 0.54065
0.82933 0.5412
0.82983 0.54174
0.83033 0.54229
0.83083 0.54284
0.83133 0.54339
0.83183 0.54394
0.83233 0.54449
0.83283 0.54505
0.83333 0.5456
0.83383 0.54616
0.83433 0.54672
0.83483 0.54728
0.83534 0.54784
0.83584 0.5484
0.83634 0.54897
0.83684 0.54953
0.83734 0.5501
0.83784 0.55067
0.83834 0.55123
0.83884 0.5518
0.83934 0.55238
0.83984 0.55295
0.84034 0.55352
0.84084 0.5541
0.84134 0.55467
0.84184 0.55525
0.84234 0.55583
0.84284 0.55641
0.84334 0.55699
0.84384 0.55757
0.84434 0.55816
0.84484 0.55874
0.84535 0.55933
0.84585 0.55992
0.84635 0.56051
0.84685 0.56109
0.84735 0.56169
0.84785 0.56228
0.84835 0.56287
0.84885 0.56347
0.84935 0.56406
0.84985 0.56466
0.85035 0.56526
0.85085 0.56585
0.85135 0.56645
0.85185 0.56705
0.85235 0.56766
0.85285 0.56826
0.85335 0.56886
0.85385 0.56947
0.85435 0.57008
0.85485 0.57068
0.85536 0.57129
0.85586 0.5719
0.85636 0.57251
0.85686 0.57312
0.85736 0.57374
0.85786 0.57435
0.85836 0.57497
0.85886 0.57558
0.85936 0.5762
0.85986 0.57682
0.86036 0.57744
0.86086 0.57806
0.86136 0.57868
0.86186 0.5793
0.86236 0.57992
0.86286 0.58054
0.86336 0.58117
0.86386 0.58179
0.86436 0.58242
0.86486 0.58305
0.86537 0.58368
0.86587 0.58431
0.86637 0.58494
0.86687 0.58557
0.86737 0.5862
0.86787 0.58683
0.86837 0.58747
0.86887 0.5881
0.86937 0.58874
0.86987 0.58937
0.87037 0.59001
0.87087 0.59065
0.87137 0.59129
0.87187 0.59193
0.87237 0.59257
0.87287 0.59321
0.87337 0.59385
0.87387 0.5945
0.87437 0.59514
0.87487 0.59578
0.87538 0.59643
0.87588 0.59708
0.87638 0.59772
0.87688 0.59837
0.87738 0.59902
0.87788 0.59967
0.87838 0.60032
0.87888 0.60097
0.87938 0.60162
0.87988 0.60228
0.88038 0.60293
0.88088 0.60358
0.88138 0.60424
0.88188 0.60489
0.88238 0.60555
0.88288 0.60621
0.88338 0.60686
0.88388 0.60752
0.88438 0.60818
0.88488 0.60884
0.88539 0.6095
0.88589 0.61016
0.88639 0.61082
0.88689 0.61149
0.88739 0.61215
0.88789 0.61281
0.88839 0.61348
0.88889 0.61414
0.88939 0.61481
0.88989 0.61547
0.89039 0.61614
0.89089 0.61681
0.89139 0.61748
0.89189 0.61815
0.89239 0.61882
0.89289 0.61948
0.89339 0.62016
0.89389 0.62083
0.89439 0.6215
0.89489 0.62217
0.8954 0.62284
0.8959 0.62352
0.8964 0.62419
0.8969 0.62487
0.8974 0.62554
0.8979 0.62622
0.8984 0.62689
0.8989 0.62757
0.8994 0.62825
0.8999 0.62892
0.9004 0.6296
0.9009 0.63028
0.9014 0.63096
0.9019 0.63164
0.9024 0.63232
0.9029 0.633
0.9034 0.63368
0.9039 0.63436
0.9044 0.63505
0.9049 0.63573
0.90541 0.63641
0.90591 0.63709
0.90641 0.63778
0.90691 0.63846
0.90741 0.63915
0.90791 0.63983
0.90841 0.64052
0.90891 0.64121
0.90941 0.64189
0.90991 0.64258
0.91041 0.64327
0.91091 0.64395
0.91141 0.64464
0.91191 0.64533
0.91241 0.64602
0.91291 0.64671
0.91341 0.6474
0.91391 0.64809
0.91441 0.64878
0.91491 0.64947
0.91542 0.65016
0.91592 0.65085
0.91642 0.65155
0.91692 0.65224
0.91742 0.65293
0.91792 0.65362
0.91842 0.65432
0.91892 0.65501
0.91942 0.65571
0.91992 0.6564
0.92042 0.65709
0.92092 0.65779
0.92142 0.65849
0.92192 0.65918
0.92242 0.65988
0.92292 0.66057
0.92342 0.66127
0.92392 0.66197
0.92442 0.66266
0.92492 0.66336
0.92543 0.66406
0.92593 0.66476
0.92643 0.66546
0.92693 0.66615
0.92743 0.66685
0.92793 0.66755
0.92843 0.66825
0.92893 0.66895
0.92943 0.66965
0.92993 0.67035
0.93043 0.67105
0.93093 0.67175
0.93143 0.67245
0.93193 0.67315
0.93243 0.67386
0.93293 0.67456
0.93343 0.67526
0.93393 0.67596
0.93443 0.67666
0.93493 0.67737
0.93544 0.67807
0.93594 0.67877
0.93644 0.67947
0.93694 0.68018
0.93744 0.68088
0.93794 0.68159
0.93844 0.68229
0.93894 0.68299
0.93944 0.6837
0.93994 0.6844
0.94044 0.68511
0.94094 0.68581
0.94144 0.68652
0.94194 0.68722
0.94244 0.68793
0.94294 0.68863
0.94344 0.68934
0.94394 0.69004
0.94444 0.69075
0.94494 0.69146
0.94545 0.69216
0.94595 0.69287
0.94645 0.69358
0.94695 0.69428
0.94745 0.69499
0.94795 0.6957
0.94845 0.6964
0.94895 0.69711
0.94945 0.69782
0.94995 0.69853
0.95045 0.69923
0.95095 0.69994
0.95145 0.70065
0.95195 0.70136
0.95245 0.70207
0.95295 0.70278
0.95345 0.70348
0.95395 0.70419
0.95445 0.7049
0.95495 0.70561
0.95546 0.70632
0.95596 0.70703
0.95646 0.70774
0.95696 0.70845
0.95746 0.70916
0.95796 0.70987
0.95846 0.71058
0.95896 0.71129
0.95946 0.712
0.95996 0.71271
0.96046 0.71342
0.96096 0.71413
0.96146 0.71484
0.96196 0.71555
0.96246 0.71626
0.96296 0.71697
0.96346 0.71768
0.96396 0.71839
0.96446 0.7191
0.96496 0.71981
0.96547 0.72052
0.96597 0.72123
0.96647 0.72195
0.96697 0.72266
0.96747 0.72337
0.96797 0.72408
0.96847 0.72479
0.96897 0.7255
0.96947 0.72621
0.96997 0.72693
0.97047 0.72764
0.97097 0.72835
0.97147 0.72906
0.97197 0.72978
0.97247 0.73049
0.97297 0.7312
0.97347 0.73191
0.97397 0.73263
0.97447 0.73334
0.97497 0.73405
0.97548 0.73476
0.97598 0.73548
0.97648 0.73619
0.97698 0.7369
0.97748 0.73762
0.97798 0.73833
0.97848 0.73904
0.97898 0.73976
0.97948 0.74047
0.97998 0.74118
0.98048 0.7419
0.98098 0.74261
0.98148 0.74333
0.98198 0.74404
0.98248 0.74475
0.98298 0.74547
0.98348 0.74618
0.98398 0.7469
0.98448 0.74761
0.98498 0.74833
0.98549 0.74904
0.98599 0.74976
0.98649 0.75047
0.98699 0.75119
0.98749 0.7519
0.98799 0.75262
0.98849 0.75333
0.98899 0.75405
0.98949 0.75476
0.98999 0.75548
0.99049 0.7562
0.99099 0.75691
0.99149 0.75763
0.99199 0.75834
0.99249 0.75906
0.99299 0.75978
0.99349 0.76049
0.99399 0.76121
0.99449 0.76193
0.99499 0.76264
0.9955 0.76336
0.996 0.76408
0.9965 0.76479
0.997 0.76551
0.9975 0.76623
0.998 0.76695
0.9985 0.76767
0.999 0.76838
0.9995 0.7691
1 0.76982
