time energy 
0 0.6806
0.0005005 0.68065
0.001001 0.6807
0.0015015 0.68075
0.002002 0.6808
0.0025025 0.68086
0.003003 0.68091
0.0035035 0.68096
0.004004 0.68102
0.0045045 0.68108
0.005005 0.68114
0.0055055 0.6812
0.006006 0.68126
0.0065065 0.68132
0.007007 0.68138
0.0075075 0.68145
0.008008 0.68151
0.0085085 0.68158
0.009009 0.68164
0.0095095 0.68171
0.01001 0.68178
0.010511 0.68185
0.011011 0.68192
0.011512 0.682
0.012012 0.68207
0.012513 0.68214
0.013013 0.68222
0.013514 0.68229
0.014014 0.68237
0.014515 0.68245
0.015015 0.68253
0.015516 0.68261
0.016016 0.68269
0.016517 0.68277
0.017017 0.68285
0.017518 0.68294
0.018018 0.68302
0.018519 0.68311
0.019019 0.68319
0.01952 0.68328
0.02002 0.68337
0.020521 0.68346
0.021021 0.68355
0.021522 0.68364
0.022022 0.68373
0.022523 0.68382
0.023023 0.68391
0.023524 0.684
0.024024 0.6841
0.024525 0.68419
0.025025 0.68429
0.025526 0.68438
0.026026 0.68448
0.026527 0.68458
0.027027 0.68468
0.027528 0.68478
0.028028 0.68487
0.028529 0.68498
0.029029 0.68508
0.02953 0.68518
0.03003 0.68528
0.030531 0.68538
0.031031 0.68549
0.031532 0.68559
0.032032 0.68569
0.032533 0.6858
0.033033 0.68591
0.033534 0.68601
0.034034 0.68612
0.034535 0.68623
0.035035 0.68633
0.035536 0.68644
0.036036 0.68655
0.036537 0.68666
0.037037 0.68677
0.037538 0.68688
0.038038 0.68699
0.038539 0.68711
0.039039 0.68722
0.03954 0.68733
0.04004 0.68744
0.040541 0.68756
0.041041 0.68767
0.041542 0.68778
0.042042 0.6879
0.042543 0.68801
0.043043 0.68813
0.043544 0.68825
0.044044 0.68836
0.044545 0.68848
0.045045 0.6886
0.045546 0.68871
0.046046 0.68883
0.046547 0.68895
0.047047 0.68907
0.047548 0.68919
0.048048 0.68931
0.048549 0.68943
0.049049 0.68955
0.04955 0.68967
0.05005 0.68979
0.050551 0.68991
0.051051 0.69003
0.051552 0.69015
0.052052 0.69027
0.052553 0.69039
0.053053 0.69051
0.053554 0.69064
0.054054 0.69076
0.054555 0.69088
0.055055 0.691
0.055556 0.69113
0.056056 0.69125
0.056557 0.69137
0.057057 0.6915
0.057558 0.69162
0.058058 0.69175
0.058559 0.69187
0.059059 0.69199
0.05956 0.69212
0.06006 0.69224
0.060561 0.69237
0.061061 0.69249
0.061562 0.69262
0.062062 0.69274
0.062563 0.69287
0.063063 0.693
0.063564 0.69312
0.064064 0.69325
0.064565 0.69337
0.065065 0.6935
0.065566 0.69362
0.066066 0.69375
0.066567 0.69388
0.067067 0.694
0.067568 0.69413
0.068068 0.69425
0.068569 0.69438
0.069069 0.69451
0.06957 0.69463
0.07007 0.69476
0.070571 0.69488
0.071071 0.69501
0.071572 0.69514
0.072072 0.69526
0.072573 0.69539
0.073073 0.69552
0.073574 0.69564
0.074074 0.69577
0.074575 0.69589
0.075075 0.69602
0.075576 0.69615
0.076076 0.69627
0.076577 0.6964
0.077077 0.69652
0.077578 0.69665
0.078078 0.69677
0.078579 0.6969
0.079079 0.69702
0.07958 0.69715
0.08008 0.69728
0.080581 0.6974
0.081081 0.69752
0.081582 0.69765
0.082082 0.69777
0.082583 0.6979
0.083083 0.69802
0.083584 0.69815
0.084084 0.69827
0.084585 0.6984
0.085085 0.69852
0.085586 0.69864
0.086086 0.69877
0.086587 0.69889
0.087087 0.69901
0.087588 0.69913
0.088088 0.69926
0.088589 0.69938
0.089089 0.6995
0.08959 0.69962
0.09009 0.69975
0.090591 0.69987
0.091091 0.69999
0.091592 0.70011
0.092092 0.70023
0.092593 0.70035
0.093093 0.70047
0.093594 0.70059
0.094094 0.70071
0.094595 0.70083
0.095095 0.70095
0.095596 0.70107
0.096096 0.70119
0.096597 0.70131
0.097097 0.70142
0.097598 0.70154
0.098098 0.70166
0.098599 0.70178
0.099099 0.70189
0.0996 0.70201
0.1001 0.70213
0.1006 0.70224
0.1011 0.70236
0.1016 0.70247
0.1021 0.70259
0.1026 0.7027
0.1031 0.70282
0.1036 0.70293
0.1041 0.70304
0.1046 0.70316
0.10511 0.70327
0.10561 0.70338
0.10611 0.70349
0.10661 0.70361
0.10711 0.70372
0.10761 0.70383
0.10811 0.70394
0.10861 0.70405
0.10911 0.70416
0.10961 0.70427
0.11011 0.70438
0.11061 0.70449
0.11111 0.70459
0.11161 0.7047
0.11211 0.70481
0.11261 0.70492
0.11311 0.70502
0.11361 0.70513
0.11411 0.70523
0.11461 0.70534
0.11512 0.70544
0.11562 0.70555
0.11612 0.70565
0.11662 0.70575
0.11712 0.70586
0.11762 0.70596
0.11812 0.70606
0.11862 0.70616
0.11912 0.70626
0.11962 0.70636
0.12012 0.70646
0.12062 0.70656
0.12112 0.70666
0.12162 0.70676
0.12212 0.70686
0.12262 0.70696
0.12312 0.70705
0.12362 0.70715
0.12412 0.70725
0.12462 0.70734
0.12513 0.70744
0.12563 0.70753
0.12613 0.70762
0.12663 0.70772
0.12713 0.70781
0.12763 0.7079
0.12813 0.70799
0.12863 0.70809
0.12913 0.70818
0.12963 0.70827
0.13013 0.70836
0.13063 0.70845
0.13113 0.70853
0.13163 0.70862
0.13213 0.70871
0.13263 0.7088
0.13313 0.70888
0.13363 0.70897
0.13413 0.70905
0.13463 0.70914
0.13514 0.70922
0.13564 0.7093
0.13614 0.70939
0.13664 0.70947
0.13714 0.70955
0.13764 0.70963
0.13814 0.70971
0.13864 0.70979
0.13914 0.70987
0.13964 0.70995
0.14014 0.71003
0.14064 0.7101
0.14114 0.71018
0.14164 0.71026
0.14214 0.71033
0.14264 0.71041
0.14314 0.71048
0.14364 0.71056
0.14414 0.71063
0.14464 0.7107
0.14515 0.71077
0.14565 0.71084
0.14615 0.71091
0.14665 0.71098
0.14715 0.71105
0.14765 0.71112
0.14815 0.71119
0.14865 0.71126
0.14915 0.71132
0.14965 0.71139
0.15015 0.71145
0.15065 0.71152
0.15115 0.71158
0.15165 0.71165
0.15215 0.71171
0.15265 0.71177
0.15315 0.71183
0.15365 0.71189
0.15415 0.71195
0.15465 0.71201
0.15516 0.71207
0.15566 0.71213
0.15616 0.71218
0.15666 0.71224
0.15716 0.7123
0.15766 0.71235
0.15816 0.71241
0.15866 0.71246
0.15916 0.71251
0.15966 0.71256
0.16016 0.71262
0.16066 0.71267
0.16116 0.71272
0.16166 0.71277
0.16216 0.71281
0.16266 0.71286
0.16316 0.71291
0.16366 0.71296
0.16416 0.713
0.16466 0.71305
0.16517 0.71309
0.16567 0.71314
0.16617 0.71318
0.16667 0.71322
0.16717 0.71326
0.16767 0.7133
0.16817 0.71334
0.16867 0.71338
0.16917 0.71342
0.16967 0.71346
0.17017 0.7135
0.17067 0.71353
0.17117 0.71357
0.17167 0.7136
0.17217 0.71364
0.17267 0.71367
0.17317 0.7137
0.17367 0.71374
0.17417 0.71377
0.17467 0.7138
0.17518 0.71383
0.17568 0.71386
0.17618 0.71388
0.17668 0.71391
0.17718 0.71394
0.17768 0.71397
0.17818 0.71399
0.17868 0.71401
0.17918 0.71404
0.17968 0.71406
0.18018 0.71408
0.18068 0.71411
0.18118 0.71413
0.18168 0.71415
0.18218 0.71416
0.18268 0.71418
0.18318 0.7142
0.18368 0.71422
0.18418 0.71423
0.18468 0.71425
0.18519 0.71426
0.18569 0.71428
0.18619 0.71429
0.18669 0.7143
0.18719 0.71431
0.18769 0.71432
0.18819 0.71433
0.18869 0.71434
0.18919 0.71435
0.18969 0.71436
0.19019 0.71437
0.19069 0.71437
0.19119 0.71438
0.19169 0.71438
0.19219 0.71439
0.19269 0.71439
0.19319 0.71439
0.19369 0.71439
0.19419 0.71439
0.19469 0.71439
0.1952 0.71439
0.1957 0.71439
0.1962 0.71439
0.1967 0.71438
0.1972 0.71438
0.1977 0.71437
0.1982 0.71437
0.1987 0.71436
0.1992 0.71435
0.1997 0.71435
0.2002 0.71434
0.2007 0.71433
0.2012 0.71432
0.2017 0.71431
0.2022 0.71429
0.2027 0.71428
0.2032 0.71427
0.2037 0.71425
0.2042 0.71424
0.2047 0.71422
0.20521 0.71421
0.20571 0.71419
0.20621 0.71417
0.20671 0.71415
0.20721 0.71413
0.20771 0.71411
0.20821 0.71409
0.20871 0.71407
0.20921 0.71404
0.20971 0.71402
0.21021 0.71399
0.21071 0.71397
0.21121 0.71394
0.21171 0.71391
0.21221 0.71389
0.21271 0.71386
0.21321 0.71383
0.21371 0.7138
0.21421 0.71377
0.21471 0.71373
0.21522 0.7137
0.21572 0.71367
0.21622 0.71363
0.21672 0.7136
0.21722 0.71356
0.21772 0.71353
0.21822 0.71349
0.21872 0.71345
0.21922 0.71341
0.21972 0.71337
0.22022 0.71333
0.22072 0.71329
0.22122 0.71325
0.22172 0.7132
0.22222 0.71316
0.22272 0.71312
0.22322 0.71307
0.22372 0.71302
0.22422 0.71298
0.22472 0.71293
0.22523 0.71288
0.22573 0.71283
0.22623 0.71278
0.22673 0.71273
0.22723 0.71268
0.22773 0.71263
0.22823 0.71257
0.22873 0.71252
0.22923 0.71246
0.22973 0.71241
0.23023 0.71235
0.23073 0.71229
0.23123 0.71224
0.23173 0.71218
0.23223 0.71212
0.23273 0.71206
0.23323 0.712
0.23373 0.71194
0.23423 0.71187
0.23473 0.71181
0.23524 0.71175
0.23574 0.71168
0.23624 0.71161
0.23674 0.71155
0.23724 0.71148
0.23774 0.71141
0.23824 0.71134
0.23874 0.71127
0.23924 0.7112
0.23974 0.71113
0.24024 0.71106
0.24074 0.71099
0.24124 0.71091
0.24174 0.71084
0.24224 0.71076
0.24274 0.71069
0.24324 0.71061
0.24374 0.71054
0.24424 0.71046
0.24474 0.71038
0.24525 0.7103
0.24575 0.71022
0.24625 0.71014
0.24675 0.71006
0.24725 0.70997
0.24775 0.70989
0.24825 0.70981
0.24875 0.70972
0.24925 0.70963
0.24975 0.70955
0.25025 0.70946
0.25075 0.70937
0.25125 0.70929
0.25175 0.7092
0.25225 0.70911
0.25275 0.70901
0.25325 0.70892
0.25375 0.70883
0.25425 0.70874
0.25475 0.70864
0.25526 0.70855
0.25576 0.70845
0.25626 0.70836
0.25676 0.70826
0.25726 0.70816
0.25776 0.70807
0.25826 0.70797
0.25876 0.70787
0.25926 0.70777
0.25976 0.70767
0.26026 0.70756
0.26076 0.70746
0.26126 0.70736
0.26176 0.70725
0.26226 0.70715
0.26276 0.70704
0.26326 0.70694
0.26376 0.70683
0.26426 0.70672
0.26476 0.70662
0.26527 0.70651
0.26577 0.7064
0.26627 0.70629
0.26677 0.70618
0.26727 0.70606
0.26777 0.70595
0.26827 0.70584
0.26877 0.70573
0.26927 0.70561
0.26977 0.7055
0.27027 0.70538
0.27077 0.70526
0.27127 0.70515
0.27177 0.70503
0.27227 0.70491
0.27277 0.70479
0.27327 0.70467
0.27377 0.70455
0.27427 0.70443
0.27477 0.70431
0.27528 0.70418
0.27578 0.70406
0.27628 0.70394
0.27678 0.70381
0.27728 0.70369
0.27778 0.70356
0.27828 0.70343
0.27878 0.70331
0.27928 0.70318
0.27978 0.70305
0.28028 0.70292
0.28078 0.70279
0.28128 0.70266
0.28178 0.70253
0.28228 0.7024
0.28278 0.70227
0.28328 0.70213
0.28378 0.702
0.28428 0.70187
0.28478 0.70173
0.28529 0.70159
0.28579 0.70146
0.28629 0.70132
0.28679 0.70118
0.28729 0.70105
0.28779 0.70091
0.28829 0.70077
0.28879 0.70063
0.28929 0.70049
0.28979 0.70035
0.29029 0.70021
0.29079 0.70006
0.29129 0.69992
0.29179 0.69978
0.29229 0.69963
0.29279 0.69949
0.29329 0.69934
0.29379 0.6992
0.29429 0.69905
0.29479 0.6989
0.2953 0.69876
0.2958 0.69861
0.2963 0.69846
0.2968 0.69831
0.2973 0.69816
0.2978 0.69801
0.2983 0.69786
0.2988 0.69771
0.2993 0.69756
0.2998 0.6974
0.3003 0.69725
0.3008 0.6971
0.3013 0.69694
0.3018 0.69679
0.3023 0.69663
0.3028 0.69648
0.3033 0.69632
0.3038 0.69616
0.3043 0.696
0.3048 0.69585
0.30531 0.69569
0.30581 0.69553
0.30631 0.69537
0.30681 0.69521
0.30731 0.69505
0.30781 0.69489
0.30831 0.69473
0.30881 0.69456
0.30931 0.6944
0.30981 0.69424
0.31031 0.69407
0.31081 0.69391
0.31131 0.69375
0.31181 0.69358
0.31231 0.69341
0.31281 0.69325
0.31331 0.69308
0.31381 0.69291
0.31431 0.69275
0.31481 0.69258
0.31532 0.69241
0.31582 0.69224
0.31632 0.69207
0.31682 0.6919
0.31732 0.69173
0.31782 0.69156
0.31832 0.69139
0.31882 0.69122
0.31932 0.69105
0.31982 0.69087
0.32032 0.6907
0.32082 0.69053
0.32132 0.69035
0.32182 0.69018
0.32232 0.69001
0.32282 0.68983
0.32332 0.68965
0.32382 0.68948
0.32432 0.6893
0.32482 0.68913
0.32533 0.68895
0.32583 0.68877
0.32633 0.68859
0.32683 0.68842
0.32733 0.68824
0.32783 0.68806
0.32833 0.68788
0.32883 0.6877
0.32933 0.68752
0.32983 0.68734
0.33033 0.68716
0.33083 0.68698
0.33133 0.68679
0.33183 0.68661
0.33233 0.68643
0.33283 0.68625
0.33333 0.68606
0.33383 0.68588
0.33433 0.6857
0.33483 0.68551
0.33534 0.68533
0.33584 0.68514
0.33634 0.68496
0.33684 0.68477
0.33734 0.68459
0.33784 0.6844
0.33834 0.68421
0.33884 0.68403
0.33934 0.68384
0.33984 0.68365
0.34034 0.68347
0.34084 0.68328
0.34134 0.68309
0.34184 0.6829
0.34234 0.68271
0.34284 0.68252
0.34334 0.68233
0.34384 0.68215
0.34434 0.68196
0.34484 0.68177
0.34535 0.68157
0.34585 0.68138
0.34635 0.68119
0.34685 0.681
0.34735 0.68081
0.34785 0.68062
0.34835 0.68043
0.34885 0.68024
0.34935 0.68004
0.34985 0.67985
0.35035 0.67966
0.35085 0.67947
0.35135 0.67927
0.35185 0.67908
0.35235 0.67889
0.35285 0.67869
0.35335 0.6785
0.35385 0.6783
0.35435 0.67811
0.35485 0.67792
0.35536 0.67772
0.35586 0.67753
0.35636 0.67733
0.35686 0.67714
0.35736 0.67694
0.35786 0.67674
0.35836 0.67655
0.35886 0.67635
0.35936 0.67616
0.35986 0.67596
0.36036 0.67577
0.36086 0.67557
0.36136 0.67537
0.36186 0.67518
0.36236 0.67498
0.36286 0.67478
0.36336 0.67459
0.36386 0.67439
0.36436 0.67419
0.36486 0.67399
0.36537 0.6738
0.36587 0.6736
0.36637 0.6734
0.36687 0.6732
0.36737 0.67301
0.36787 0.67281
0.36837 0.67261
0.36887 0.67241
0.36937 0.67221
0.36987 0.67202
0.37037 0.67182
0.37087 0.67162
0.37137 0.67142
0.37187 0.67122
0.37237 0.67103
0.37287 0.67083
0.37337 0.67063
0.37387 0.67043
0.37437 0.67023
0.37487 0.67003
0.37538 0.66984
0.37588 0.66964
0.37638 0.66944
0.37688 0.66924
0.37738 0.66904
0.37788 0.66884
0.37838 0.66864
0.37888 0.66845
0.37938 0.66825
0.37988 0.66805
0.38038 0.66785
0.38088 0.66765
0.38138 0.66746
0.38188 0.66726
0.38238 0.66706
0.38288 0.66686
0.38338 0.66666
0.38388 0.66647
0.38438 0.66627
0.38488 0.66607
0.38539 0.66587
0.38589 0.66567
0.38639 0.66548
0.38689 0.66528
0.38739 0.66508
0.38789 0.66489
0.38839 0.66469
0.38889 0.66449
0.38939 0.66429
0.38989 0.6641
0.39039 0.6639
0.39089 0.6637
0.39139 0.66351
0.39189 0.66331
0.39239 0.66312
0.39289 0.66292
0.39339 0.66272
0.39389 0.66253
0.39439 0.66233
0.39489 0.66214
0.3954 0.66194
0.3959 0.66175
0.3964 0.66155
0.3969 0.66136
0.3974 0.66117
0.3979 0.66097
0.3984 0.66078
0.3989 0.66058
0.3994 0.66039
0.3999 0.6602
0.4004 0.66
0.4009 0.65981
0.4014 0.65962
0.4019 0.65943
0.4024 0.65923
0.4029 0.65904
0.4034 0.65885
0.4039 0.65866
0.4044 0.65847
0.4049 0.65828
0.40541 0.65809
0.40591 0.6579
0.40641 0.65771
0.40691 0.65752
0.40741 0.65733
0.40791 0.65714
0.40841 0.65695
0.40891 0.65676
0.40941 0.65657
0.40991 0.65639
0.41041 0.6562
0.41091 0.65601
0.41141 0.65583
0.41191 0.65564
0.41241 0.65545
0.41291 0.65527
0.41341 0.65508
0.41391 0.6549
0.41441 0.65471
0.41491 0.65453
0.41542 0.65434
0.41592 0.65416
0.41642 0.65398
0.41692 0.65379
0.41742 0.65361
0.41792 0.65343
0.41842 0.65325
0.41892 0.65307
0.41942 0.65289
0.41992 0.65271
0.42042 0.65253
0.42092 0.65235
0.42142 0.65217
0.42192 0.65199
0.42242 0.65181
0.42292 0.65163
0.42342 0.65146
0.42392 0.65128
0.42442 0.6511
0.42492 0.65093
0.42543 0.65075
0.42593 0.65058
0.42643 0.6504
0.42693 0.65023
0.42743 0.65006
0.42793 0.64988
0.42843 0.64971
0.42893 0.64954
0.42943 0.64937
0.42993 0.6492
0.43043 0.64903
0.43093 0.64886
0.43143 0.64869
0.43193 0.64852
0.43243 0.64835
0.43293 0.64818
0.43343 0.64802
0.43393 0.64785
0.43443 0.64768
0.43493 0.64752
0.43544 0.64735
0.43594 0.64719
0.43644 0.64703
0.43694 0.64686
0.43744 0.6467
0.43794 0.64654
0.43844 0.64638
0.43894 0.64622
0.43944 0.64606
0.43994 0.6459
0.44044 0.64574
0.44094 0.64558
0.44144 0.64542
0.44194 0.64527
0.44244 0.64511
0.44294 0.64496
0.44344 0.6448
0.44394 0.64465
0.44444 0.64449
0.44494 0.64434
0.44545 0.64419
0.44595 0.64404
0.44645 0.64389
0.44695 0.64374
0.44745 0.64359
0.44795 0.64344
0.44845 0.64329
0.44895 0.64314
0.44945 0.643
0.44995 0.64285
0.45045 0.64271
0.45095 0.64256
0.45145 0.64242
0.45195 0.64228
0.45245 0.64214
0.45295 0.642
0.45345 0.64185
0.45395 0.64172
0.45445 0.64158
0.45495 0.64144
0.45546 0.6413
0.45596 0.64117
0.45646 0.64103
0.45696 0.6409
0.45746 0.64076
0.45796 0.64063
0.45846 0.6405
0.45896 0.64036
0.45946 0.64023
0.45996 0.6401
0.46046 0.63998
0.46096 0.63985
0.46146 0.63972
0.46196 0.63959
0.46246 0.63947
0.46296 0.63934
0.46346 0.63922
0.46396 0.6391
0.46446 0.63898
0.46496 0.63885
0.46547 0.63873
0.46597 0.63861
0.46647 0.6385
0.46697 0.63838
0.46747 0.63826
0.46797 0.63815
0.46847 0.63803
0.46897 0.63792
0.46947 0.63781
0.46997 0.63769
0.47047 0.63758
0.47097 0.63747
0.47147 0.63736
0.47197 0.63726
0.47247 0.63715
0.47297 0.63704
0.47347 0.63694
0.47397 0.63683
0.47447 0.63673
0.47497 0.63663
0.47548 0.63653
0.47598 0.63643
0.47648 0.63633
0.47698 0.63623
0.47748 0.63613
0.47798 0.63604
0.47848 0.63594
0.47898 0.63585
0.47948 0.63576
0.47998 0.63566
0.48048 0.63557
0.48098 0.63548
0.48148 0.6354
0.48198 0.63531
0.48248 0.63522
0.48298 0.63514
0.48348 0.63505
0.48398 0.63497
0.48448 0.63489
0.48498 0.63481
0.48549 0.63473
0.48599 0.63465
0.48649 0.63457
0.48699 0.63449
0.48749 0.63442
0.48799 0.63434
0.48849 0.63427
0.48899 0.6342
0.48949 0.63413
0.48999 0.63406
0.49049 0.63399
0.49099 0.63392
0.49149 0.63385
0.49199 0.63379
0.49249 0.63373
0.49299 0.63366
0.49349 0.6336
0.49399 0.63354
0.49449 0.63348
0.49499 0.63342
0.4955 0.63337
0.496 0.63331
0.4965 0.63326
0.497 0.6332
0.4975 0.63315
0.498 0.6331
0.4985 0.63305
0.499 0.633
0.4995 0.63296
0.5 0.63291
0.5005 0.63287
0.501 0.63282
0.5015 0.63278
0.502 0.63274
0.5025 0.6327
0.503 0.63266
0.5035 0.63263
0.504 0.63259
0.5045 0.63256
0.50501 0.63252
0.50551 0.63249
0.50601 0.63246
0.50651 0.63243
0.50701 0.6324
0.50751 0.63238
0.50801 0.63235
0.50851 0.63233
0.50901 0.63231
0.50951 0.63228
0.51001 0.63226
0.51051 0.63225
0.51101 0.63223
0.51151 0.63221
0.51201 0.6322
0.51251 0.63219
0.51301 0.63217
0.51351 0.63216
0.51401 0.63215
0.51451 0.63215
0.51502 0.63214
0.51552 0.63214
0.51602 0.63213
0.51652 0.63213
0.51702 0.63213
0.51752 0.63213
0.51802 0.63213
0.51852 0.63214
0.51902 0.63214
0.51952 0.63215
0.52002 0.63216
0.52052 0.63216
0.52102 0.63218
0.52152 0.63219
0.52202 0.6322
0.52252 0.63222
0.52302 0.63223
0.52352 0.63225
0.52402 0.63227
0.52452 0.63229
0.52503 0.63231
0.52553 0.63234
0.52603 0.63236
0.52653 0.63239
0.52703 0.63242
0.52753 0.63245
0.52803 0.63248
0.52853 0.63251
0.52903 0.63254
0.52953 0.63258
0.53003 0.63262
0.53053 0.63265
0.53103 0.63269
0.53153 0.63274
0.53203 0.63278
0.53253 0.63282
0.53303 0.63287
0.53353 0.63292
0.53403 0.63297
0.53453 0.63302
0.53504 0.63307
0.53554 0.63312
0.53604 0.63318
0.53654 0.63324
0.53704 0.63329
0.53754 0.63335
0.53804 0.63342
0.53854 0.63348
0.53904 0.63354
0.53954 0.63361
0.54004 0.63368
0.54054 0.63375
0.54104 0.63382
0.54154 0.63389
0.54204 0.63396
0.54254 0.63404
0.54304 0.63412
0.54354 0.6342
0.54404 0.63428
0.54454 0.63436
0.54505 0.63444
0.54555 0.63453
0.54605 0.63461
0.54655 0.6347
0.54705 0.63479
0.54755 0.63488
0.54805 0.63498
0.54855 0.63507
0.54905 0.63517
0.54955 0.63527
0.55005 0.63537
0.55055 0.63547
0.55105 0.63557
0.55155 0.63567
0.55205 0.63578
0.55255 0.63589
0.55305 0.636
0.55355 0.63611
0.55405 0.63622
0.55455 0.63634
0.55506 0.63645
0.55556 0.63657
0.55606 0.63669
0.55656 0.63681
0.55706 0.63693
0.55756 0.63706
0.55806 0.63718
0.55856 0.63731
0.55906 0.63744
0.55956 0.63757
0.56006 0.6377
0.56056 0.63784
0.56106 0.63797
0.56156 0.63811
0.56206 0.63825
0.56256 0.63839
0.56306 0.63853
0.56356 0.63867
0.56406 0.63882
0.56456 0.63897
0.56507 0.63912
0.56557 0.63927
0.56607 0.63942
0.56657 0.63957
0.56707 0.63973
0.56757 0.63989
0.56807 0.64005
0.56857 0.64021
0.56907 0.64037
0.56957 0.64053
0.57007 0.6407
0.57057 0.64087
0.57107 0.64104
0.57157 0.64121
0.57207 0.64138
0.57257 0.64156
0.57307 0.64173
0.57357 0.64191
0.57407 0.64209
0.57457 0.64227
0.57508 0.64245
0.57558 0.64264
0.57608 0.64282
0.57658 0.64301
0.57708 0.6432
0.57758 0.64339
0.57808 0.64358
0.57858 0.64378
0.57908 0.64398
0.57958 0.64417
0.58008 0.64437
0.58058 0.64457
0.58108 0.64478
0.58158 0.64498
0.58208 0.64519
0.58258 0.6454
0.58308 0.64561
0.58358 0.64582
0.58408 0.64603
0.58458 0.64625
0.58509 0.64646
0.58559 0.64668
0.58609 0.6469
0.58659 0.64712
0.58709 0.64735
0.58759 0.64757
0.58809 0.6478
0.58859 0.64803
0.58909 0.64826
0.58959 0.64849
0.59009 0.64872
0.59059 0.64896
0.59109 0.6492
0.59159 0.64943
0.59209 0.64967
0.59259 0.64992
0.59309 0.65016
0.59359 0.65041
0.59409 0.65065
0.59459 0.6509
0.5951 0.65115
0.5956 0.6514
0.5961 0.65166
0.5966 0.65191
0.5971 0.65217
0.5976 0.65243
0.5981 0.65269
0.5986 0.65295
0.5991 0.65321
0.5996 0.65348
0.6001 0.65375
0.6006 0.65402
0.6011 0.65429
0.6016 0.65456
0.6021 0.65483
0.6026 0.65511
0.6031 0.65538
0.6036 0.65566
0.6041 0.65594
0.6046 0.65622
0.60511 0.65651
0.60561 0.65679
0.60611 0.65708
0.60661 0.65737
0.60711 0.65766
0.60761 0.65795
0.60811 0.65824
0.60861 0.65854
0.60911 0.65884
0.60961 0.65913
0.61011 0.65943
0.61061 0.65973
0.61111 0.66004
0.61161 0.66034
0.61211 0.66065
0.61261 0.66096
0.61311 0.66127
0.61361 0.66158
0.61411 0.66189
0.61461 0.6622
0.61512 0.66252
0.61562 0.66284
0.61612 0.66316
0.61662 0.66348
0.61712 0.6638
0.61762 0.66412
0.61812 0.66445
0.61862 0.66477
0.61912 0.6651
0.61962 0.66543
0.62012 0.66576
0.62062 0.6661
0.62112 0.66643
0.62162 0.66677
0.62212 0.6671
0.62262 0.66744
0.62312 0.66778
0.62362 0.66813
0.62412 0.66847
0.62462 0.66882
0.62513 0.66916
0.62563 0.66951
0.62613 0.66986
0.62663 0.67021
0.62713 0.67056
0.62763 0.67092
0.62813 0.67127
0.62863 0.67163
0.62913 0.67199
0.62963 0.67235
0.63013 0.67271
0.63063 0.67307
0.63113 0.67344
0.63163 0.6738
0.63213 0.67417
0.63263 0.67454
0.63313 0.67491
0.63363 0.67528
0.63413 0.67566
0.63463 0.67603
0.63514 0.67641
0.63564 0.67678
0.63614 0.67716
0.63664 0.67754
0.63714 0.67792
0.63764 0.67831
0.63814 0.67869
0.63864 0.67908
0.63914 0.67946
0.63964 0.67985
0.64014 0.68024
0.64064 0.68063
0.64114 0.68102
0.64164 0.68142
0.64214 0.68181
0.64264 0.68221
0.64314 0.68261
0.64364 0.683
0.64414 0.6834
0.64464 0.68381
0.64515 0.68421
0.64565 0.68461
0.64615 0.68502
0.64665 0.68542
0.64715 0.68583
0.64765 0.68624
0.64815 0.68665
0.64865 0.68706
0.64915 0.68748
0.64965 0.68789
0.65015 0.68831
0.65065 0.68872
0.65115 0.68914
0.65165 0.68956
0.65215 0.68998
0.65265 0.6904
0.65315 0.69082
0.65365 0.69125
0.65415 0.69167
0.65465 0.6921
0.65516 0.69252
0.65566 0.69295
0.65616 0.69338
0.65666 0.69381
0.65716 0.69424
0.65766 0.69467
0.65816 0.69511
0.65866 0.69554
0.65916 0.69598
0.65966 0.69642
0.66016 0.69685
0.66066 0.69729
0.66116 0.69773
0.66166 0.69817
0.66216 0.69862
0.66266 0.69906
0.66316 0.6995
0.66366 0.69995
0.66416 0.70039
0.66466 0.70084
0.66517 0.70129
0.66567 0.70174
0.66617 0.70219
0.66667 0.70264
0.66717 0.70309
0.66767 0.70354
0.66817 0.70399
0.66867 0.70445
0.66917 0.7049
0.66967 0.70536
0.67017 0.70582
0.67067 0.70627
0.67117 0.70673
0.67167 0.70719
0.67217 0.70765
0.67267 0.70811
0.67317 0.70858
0.67367 0.70904
0.67417 0.7095
0.67467 0.70996
0.67518 0.71043
0.67568 0.7109
0.67618 0.71136
0.67668 0.71183
0.67718 0.7123
0.67768 0.71276
0.67818 0.71323
0.67868 0.7137
0.67918 0.71417
0.67968 0.71464
0.68018 0.71512
0.68068 0.71559
0.68118 0.71606
0.68168 0.71653
0.68218 0.71701
0.68268 0.71748
0.68318 0.71796
0.68368 0.71843
0.68418 0.71891
0.68468 0.71938
0.68519 0.71986
0.68569 0.72034
0.68619 0.72082
0.68669 0.7213
0.68719 0.72177
0.68769 0.72225
0.68819 0.72273
0.68869 0.72321
0.68919 0.72369
0.68969 0.72417
0.69019 0.72465
0.69069 0.72514
0.69119 0.72562
0.69169 0.7261
0.69219 0.72658
0.69269 0.72706
0.69319 0.72755
0.69369 0.72803
0.69419 0.72851
0.69469 0.72899
0.6952 0.72948
0.6957 0.72996
0.6962 0.73045
0.6967 0.73093
0.6972 0.73141
0.6977 0.7319
0.6982 0.73238
0.6987 0.73287
0.6992 0.73335
0.6997 0.73383
0.7002 0.73432
0.7007 0.7348
0.7012 0.73529
0.7017 0.73577
0.7022 0.73625
0.7027 0.73674
0.7032 0.73722
0.7037 0.7377
0.7042 0.73819
0.7047 0.73867
0.70521 0.73915
0.70571 0.73964
0.70621 0.74012
0.70671 0.7406
0.70721 0.74108
0.70771 0.74156
0.70821 0.74205
0.70871 0.74253
0.70921 0.74301
0.70971 0.74349
0.71021 0.74397
0.71071 0.74445
0.71121 0.74493
0.71171 0.7454
0.71221 0.74588
0.71271 0.74636
0.71321 0.74684
0.71371 0.74731
0.71421 0.74779
0.71471 0.74826
0.71522 0.74874
0.71572 0.74921
0.71622 0.74968
0.71672 0.75016
0.71722 0.75063
0.71772 0.7511
0.71822 0.75157
0.71872 0.75204
0.71922 0.7525
0.71972 0.75297
0.72022 0.75344
0.72072 0.7539
0.72122 0.75437
0.72172 0.75483
0.72222 0.75529
0.72272 0.75576
0.72322 0.75622
0.72372 0.75668
0.72422 0.75713
0.72472 0.75759
0.72523 0.75805
0.72573 0.7585
0.72623 0.75896
0.72673 0.75941
0.72723 0.75986
0.72773 0.76031
0.72823 0.76076
0.72873 0.7612
0.72923 0.76165
0.72973 0.76209
0.73023 0.76254
0.73073 0.76298
0.73123 0.76342
0.73173 0.76385
0.73223 0.76429
0.73273 0.76473
0.73323 0.76516
0.73373 0.76559
0.73423 0.76602
0.73473 0.76645
0.73524 0.76687
0.73574 0.7673
0.73624 0.76772
0.73674 0.76814
0.73724 0.76856
0.73774 0.76898
0.73824 0.76939
0.73874 0.7698
0.73924 0.77022
0.73974 0.77062
0.74024 0.77103
0.74074 0.77144
0.74124 0.77184
0.74174 0.77224
0.74224 0.77263
0.74274 0.77303
0.74324 0.77342
0.74374 0.77381
0.74424 0.7742
0.74474 0.77459
0.74525 0.77497
0.74575 0.77535
0.74625 0.77573
0.74675 0.77611
0.74725 0.77648
0.74775 0.77685
0.74825 0.77722
0.74875 0.77758
0.74925 0.77795
0.74975 0.77831
0.75025 0.77866
0.75075 0.77902
0.75125 0.77937
0.75175 0.77971
0.75225 0.78006
0.75275 0.7804
0.75325 0.78074
0.75375 0.78108
0.75425 0.78141
0.75475 0.78174
0.75526 0.78207
0.75576 0.78239
0.75626 0.78271
0.75676 0.78302
0.75726 0.78334
0.75776 0.78365
0.75826 0.78395
0.75876 0.78426
0.75926 0.78456
0.75976 0.78485
0.76026 0.78514
0.76076 0.78543
0.76126 0.78572
0.76176 0.786
0.76226 0.78627
0.76276 0.78655
0.76326 0.78682
0.76376 0.78708
0.76426 0.78735
0.76476 0.7876
0.76527 0.78786
0.76577 0.78811
0.76627 0.78835
0.76677 0.7886
0.76727 0.78883
0.76777 0.78907
0.76827 0.7893
0.76877 0.78952
0.76927 0.78974
0.76977 0.78996
0.77027 0.79017
0.77077 0.79038
0.77127 0.79058
0.77177 0.79078
0.77227 0.79098
0.77277 0.79117
0.77327 0.79135
0.77377 0.79153
0.77427 0.79171
0.77477 0.79188
0.77528 0.79205
0.77578 0.79221
0.77628 0.79237
0.77678 0.79252
0.77728 0.79267
0.77778 0.79281
0.77828 0.79295
0.77878 0.79309
0.77928 0.79321
0.77978 0.79334
0.78028 0.79346
0.78078 0.79357
0.78128 0.79368
0.78178 0.79378
0.78228 0.79388
0.78278 0.79397
0.78328 0.79406
0.78378 0.79414
0.78428 0.79422
0.78478 0.7943
0.78529 0.79436
0.78579 0.79442
0.78629 0.79448
0.78679 0.79453
0.78729 0.79458
0.78779 0.79462
0.78829 0.79465
0.78879 0.79468
0.78929 0.79471
0.78979 0.79473
0.79029 0.79474
0.79079 0.79475
0.79129 0.79475
0.79179 0.79475
0.79229 0.79474
0.79279 0.79473
0.79329 0.79471
0.79379 0.79468
0.79429 0.79465
0.79479 0.79462
0.7953 0.79458
0.7958 0.79453
0.7963 0.79448
0.7968 0.79442
0.7973 0.79435
0.7978 0.79429
0.7983 0.79421
0.7988 0.79413
0.7993 0.79404
0.7998 0.79395
0.8003 0.79385
0.8008 0.79375
0.8013 0.79364
0.8018 0.79353
0.8023 0.79341
0.8028 0.79328
0.8033 0.79315
0.8038 0.79301
0.8043 0.79287
0.8048 0.79272
0.80531 0.79257
0.80581 0.79241
0.80631 0.79225
0.80681 0.79208
0.80731 0.7919
0.80781 0.79172
0.80831 0.79153
0.80881 0.79134
0.80931 0.79114
0.80981 0.79094
0.81031 0.79073
0.81081 0.79052
0.81131 0.7903
0.81181 0.79007
0.81231 0.78984
0.81281 0.78961
0.81331 0.78937
0.81381 0.78912
0.81431 0.78887
0.81481 0.78862
0.81532 0.78835
0.81582 0.78809
0.81632 0.78782
0.81682 0.78754
0.81732 0.78726
0.81782 0.78697
0.81832 0.78668
0.81882 0.78638
0.81932 0.78608
0.81982 0.78577
0.82032 0.78546
0.82082 0.78515
0.82132 0.78483
0.82182 0.7845
0.82232 0.78417
0.82282 0.78383
0.82332 0.78349
0.82382 0.78315
0.82432 0.7828
0.82482 0.78245
0.82533 0.78209
0.82583 0.78173
0.82633 0.78136
0.82683 0.78099
0.82733 0.78062
0.82783 0.78024
0.82833 0.77986
0.82883 0.77947
0.82933 0.77908
0.82983 0.77868
0.83033 0.77829
0.83083 0.77788
0.83133 0.77748
0.83183 0.77707
0.83233 0.77665
0.83283 0.77623
0.83333 0.77581
0.83383 0.77539
0.83433 0.77496
0.83483 0.77453
0.83534 0.77409
0.83584 0.77366
0.83634 0.77322
0.83684 0.77277
0.83734 0.77232
0.83784 0.77187
0.83834 0.77142
0.83884 0.77096
0.83934 0.7705
0.83984 0.77004
0.84034 0.76958
0.84084 0.76911
0.84134 0.76864
0.84184 0.76816
0.84234 0.76769
0.84284 0.76721
0.84334 0.76673
0.84384 0.76625
0.84434 0.76576
0.84484 0.76528
0.84535 0.76479
0.84585 0.7643
0.84635 0.7638
0.84685 0.76331
0.84735 0.76281
0.84785 0.76231
0.84835 0.76181
0.84885 0.76131
0.84935 0.76081
0.84985 0.7603
0.85035 0.7598
0.85085 0.75929
0.85135 0.75878
0.85185 0.75827
0.85235 0.75776
0.85285 0.75724
0.85335 0.75673
0.85385 0.75621
0.85435 0.7557
0.85485 0.75518
0.85536 0.75466
0.85586 0.75414
0.85636 0.75362
0.85686 0.7531
0.85736 0.75258
0.85786 0.75206
0.85836 0.75154
0.85886 0.75102
0.85936 0.75049
0.85986 0.74997
0.86036 0.74945
0.86086 0.74892
0.86136 0.7484
0.86186 0.74788
0.86236 0.74735
0.86286 0.74683
0.86336 0.7463
0.86386 0.74578
0.86436 0.74526
0.86486 0.74473
0.86537 0.74421
0.86587 0.74369
0.86637 0.74316
0.86687 0.74264
0.86737 0.74212
0.86787 0.7416
0.86837 0.74108
0.86887 0.74056
0.86937 0.74004
0.86987 0.73952
0.87037 0.739
0.87087 0.73849
0.87137 0.73797
0.87187 0.73746
0.87237 0.73694
0.87287 0.73643
0.87337 0.73592
0.87387 0.73541
0.87437 0.7349
0.87487 0.73439
0.87538 0.73388
0.87588 0.73337
0.87638 0.73287
0.87688 0.73237
0.87738 0.73186
0.87788 0.73136
0.87838 0.73086
0.87888 0.73037
0.87938 0.72987
0.87988 0.72938
0.88038 0.72888
0.88088 0.72839
0.88138 0.7279
0.88188 0.72741
0.88238 0.72693
0.88288 0.72644
0.88338 0.72596
0.88388 0.72548
0.88438 0.725
0.88488 0.72452
0.88539 0.72405
0.88589 0.72358
0.88639 0.7231
0.88689 0.72263
0.88739 0.72217
0.88789 0.7217
0.88839 0.72124
0.88889 0.72078
0.88939 0.72032
0.88989 0.71986
0.89039 0.71941
0.89089 0.71896
0.89139 0.71851
0.89189 0.71806
0.89239 0.71761
0.89289 0.71717
0.89339 0.71673
0.89389 0.71629
0.89439 0.71586
0.89489 0.71542
0.8954 0.71499
0.8959 0.71456
0.8964 0.71414
0.8969 0.71371
0.8974 0.71329
0.8979 0.71287
0.8984 0.71246
0.8989 0.71204
0.8994 0.71163
0.8999 0.71122
0.9004 0.71082
0.9009 0.71042
0.9014 0.71001
0.9019 0.70962
0.9024 0.70922
0.9029 0.70883
0.9034 0.70844
0.9039 0.70805
0.9044 0.70767
0.9049 0.70728
0.90541 0.7069
0.90591 0.70653
0.90641 0.70615
0.90691 0.70578
0.90741 0.70541
0.90791 0.70505
0.90841 0.70468
0.90891 0.70432
0.90941 0.70397
0.90991 0.70361
0.91041 0.70326
0.91091 0.70291
0.91141 0.70256
0.91191 0.70222
0.91241 0.70188
0.91291 0.70154
0.91341 0.7012
0.91391 0.70087
0.91441 0.70054
0.91491 0.70021
0.91542 0.69989
0.91592 0.69957
0.91642 0.69925
0.91692 0.69893
0.91742 0.69862
0.91792 0.69831
0.91842 0.698
0.91892 0.6977
0.91942 0.6974
0.91992 0.6971
0.92042 0.6968
0.92092 0.69651
0.92142 0.69622
0.92192 0.69593
0.92242 0.69565
0.92292 0.69536
0.92342 0.69508
0.92392 0.69481
0.92442 0.69453
0.92492 0.69426
0.92543 0.694
0.92593 0.69373
0.92643 0.69347
0.92693 0.69321
0.92743 0.69295
0.92793 0.6927
0.92843 0.69245
0.92893 0.6922
0.92943 0.69195
0.92993 0.69171
0.93043 0.69147
0.93093 0.69123
0.93143 0.69099
0.93193 0.69076
0.93243 0.69053
0.93293 0.69031
0.93343 0.69008
0.93393 0.68986
0.93443 0.68964
0.93493 0.68943
0.93544 0.68921
0.93594 0.689
0.93644 0.6888
0.93694 0.68859
0.93744 0.68839
0.93794 0.68819
0.93844 0.68799
0.93894 0.6878
0.93944 0.6876
0.93994 0.68741
0.94044 0.68723
0.94094 0.68704
0.94144 0.68686
0.94194 0.68668
0.94244 0.68651
0.94294 0.68633
0.94344 0.68616
0.94394 0.68599
0.94444 0.68583
0.94494 0.68566
0.94545 0.6855
0.94595 0.68534
0.94645 0.68519
0.94695 0.68503
0.94745 0.68488
0.94795 0.68473
0.94845 0.68459
0.94895 0.68444
0.94945 0.6843
0.94995 0.68416
0.95045 0.68403
0.95095 0.68389
0.95145 0.68376
0.95195 0.68363
0.95245 0.6835
0.95295 0.68338
0.95345 0.68326
0.95395 0.68314
0.95445 0.68302
0.95495 0.6829
0.95546 0.68279
0.95596 0.68268
0.95646 0.68257
0.95696 0.68247
0.95746 0.68236
0.95796 0.68226
0.95846 0.68216
0.95896 0.68206
0.95946 0.68197
0.95996 0.68188
0.96046 0.68179
0.96096 0.6817
0.96146 0.68161
0.96196 0.68153
0.96246 0.68144
0.96296 0.68137
0.96346 0.68129
0.96396 0.68121
0.96446 0.68114
0.96496 0.68107
0.96547 0.681
0.96597 0.68093
0.96647 0.68087
0.96697 0.6808
0.96747 0.68074
0.96797 0.68068
0.96847 0.68063
0.96897 0.68057
0.96947 0.68052
0.96997 0.68047
0.97047 0.68042
0.97097 0.68037
0.97147 0.68033
0.97197 0.68028
0.97247 0.68024
0.97297 0.6802
0.97347 0.68016
0.97397 0.68013
0.97447 0.68009
0.97497 0.68006
0.97548 0.68003
0.97598 0.68
0.97648 0.67998
0.97698 0.67995
0.97748 0.67993
0.97798 0.67991
0.97848 0.67989
0.97898 0.67987
0.97948 0.67986
0.97998 0.67984
0.98048 0.67983
0.98098 0.67982
0.98148 0.67981
0.98198 0.6798
0.98248 0.6798
0.98298 0.67979
0.98348 0.67979
0.98398 0.67979
0.98448 0.67979
0.98498 0.67979
0.98549 0.6798
0.98599 0.6798
0.98649 0.67981
0.98699 0.67982
0.98749 0.67983
0.98799 0.67984
0.98849 0.67985
0.98899 0.67987
0.98949 0.67989
0.98999 0.6799
0.99049 0.67992
0.99099 0.67994
0.99149 0.67997
0.99199 0.67999
0.99249 0.68002
0.99299 0.68004
0.99349 0.68007
0.99399 0.6801
0.99449 0.68013
0.99499 0.68016
0.9955 0.6802
0.996 0.68023
0.9965 0.68027
0.997 0.6803
0.9975 0.68034
0.998 0.68038
0.9985 0.68043
0.999 0.68047
0.9995 0.68051
1 0.68056
