time energy 
0 0.47959
0.0005005 0.4794
0.001001 0.47922
0.0015015 0.47904
0.002002 0.47886
0.0025025 0.47868
0.003003 0.4785
0.0035035 0.47832
0.004004 0.47814
0.0045045 0.47796
0.005005 0.47778
0.0055055 0.4776
0.006006 0.47742
0.0065065 0.47724
0.007007 0.47706
0.0075075 0.47688
0.008008 0.4767
0.0085085 0.47652
0.009009 0.47634
0.0095095 0.47616
0.01001 0.47599
0.010511 0.47581
0.011011 0.47563
0.011512 0.47545
0.012012 0.47528
0.012513 0.4751
0.013013 0.47492
0.013514 0.47475
0.014014 0.47457
0.014515 0.47439
0.015015 0.47422
0.015516 0.47404
0.016016 0.47387
0.016517 0.47369
0.017017 0.47352
0.017518 0.47334
0.018018 0.47317
0.018519 0.47299
0.019019 0.47282
0.01952 0.47265
0.02002 0.47247
0.020521 0.4723
0.021021 0.47213
0.021522 0.47195
0.022022 0.47178
0.022523 0.47161
0.023023 0.47144
0.023524 0.47126
0.024024 0.47109
0.024525 0.47092
0.025025 0.47075
0.025526 0.47058
0.026026 0.47041
0.026527 0.47024
0.027027 0.47007
0.027528 0.4699
0.028028 0.46973
0.028529 0.46956
0.029029 0.46939
0.02953 0.46922
0.03003 0.46906
0.030531 0.46889
0.031031 0.46872
0.031532 0.46855
0.032032 0.46839
0.032533 0.46822
0.033033 0.46805
0.033534 0.46789
0.034034 0.46772
0.034535 0.46755
0.035035 0.46739
0.035536 0.46722
0.036036 0.46706
0.036537 0.46689
0.037037 0.46673
0.037538 0.46657
0.038038 0.4664
0.038539 0.46624
0.039039 0.46608
0.03954 0.46591
0.04004 0.46575
0.040541 0.46559
0.041041 0.46543
0.041542 0.46527
0.042042 0.46511
0.042543 0.46495
0.043043 0.46479
0.043544 0.46463
0.044044 0.46447
0.044545 0.46431
0.045045 0.46415
0.045546 0.46399
0.046046 0.46383
0.046547 0.46367
0.047047 0.46352
0.047548 0.46336
0.048048 0.4632
0.048549 0.46305
0.049049 0.46289
0.04955 0.46273
0.05005 0.46258
0.050551 0.46242
0.051051 0.46227
0.051552 0.46211
0.052052 0.46196
0.052553 0.46181
0.053053 0.46165
0.053554 0.4615
0.054054 0.46135
0.054555 0.4612
0.055055 0.46105
0.055556 0.46089
0.056056 0.46074
0.056557 0.46059
0.057057 0.46044
0.057558 0.46029
0.058058 0.46014
0.058559 0.46
0.059059 0.45985
0.05956 0.4597
0.06006 0.45955
0.060561 0.4594
0.061061 0.45926
0.061562 0.45911
0.062062 0.45897
0.062563 0.45882
0.063063 0.45868
0.063564 0.45853
0.064064 0.45839
0.064565 0.45824
0.065065 0.4581
0.065566 0.45796
0.066066 0.45782
0.066567 0.45767
0.067067 0.45753
0.067568 0.45739
0.068068 0.45725
0.068569 0.45711
0.069069 0.45697
0.06957 0.45683
0.07007 0.4567
0.070571 0.45656
0.071071 0.45642
0.071572 0.45628
0.072072 0.45615
0.072573 0.45601
0.073073 0.45588
0.073574 0.45574
0.074074 0.45561
0.074575 0.45547
0.075075 0.45534
0.075576 0.45521
0.076076 0.45507
0.076577 0.45494
0.077077 0.45481
0.077578 0.45468
0.078078 0.45455
0.078579 0.45442
0.079079 0.45429
0.07958 0.45416
0.08008 0.45403
0.080581 0.45391
0.081081 0.45378
0.081582 0.45365
0.082082 0.45353
0.082583 0.4534
0.083083 0.45328
0.083584 0.45315
0.084084 0.45303
0.084585 0.45291
0.085085 0.45279
0.085586 0.45266
0.086086 0.45254
0.086587 0.45242
0.087087 0.4523
0.087588 0.45218
0.088088 0.45207
0.088589 0.45195
0.089089 0.45183
0.08959 0.45171
0.09009 0.4516
0.090591 0.45148
0.091091 0.45137
0.091592 0.45125
0.092092 0.45114
0.092593 0.45103
0.093093 0.45092
0.093594 0.45081
0.094094 0.4507
0.094595 0.45059
0.095095 0.45048
0.095596 0.45037
0.096096 0.45026
0.096597 0.45015
0.097097 0.45005
0.097598 0.44994
0.098098 0.44984
0.098599 0.44973
0.099099 0.44963
0.0996 0.44953
0.1001 0.44943
0.1006 0.44932
0.1011 0.44922
0.1016 0.44912
0.1021 0.44903
0.1026 0.44893
0.1031 0.44883
0.1036 0.44873
0.1041 0.44864
0.1046 0.44854
0.10511 0.44845
0.10561 0.44836
0.10611 0.44827
0.10661 0.44817
0.10711 0.44808
0.10761 0.44799
0.10811 0.44791
0.10861 0.44782
0.10911 0.44773
0.10961 0.44765
0.11011 0.44756
0.11061 0.44748
0.11111 0.44739
0.11161 0.44731
0.11211 0.44723
0.11261 0.44715
0.11311 0.44707
0.11361 0.44699
0.11411 0.44691
0.11461 0.44684
0.11512 0.44676
0.11562 0.44669
0.11612 0.44661
0.11662 0.44654
0.11712 0.44647
0.11762 0.4464
0.11812 0.44633
0.11862 0.44626
0.11912 0.4462
0.11962 0.44613
0.12012 0.44606
0.12062 0.446
0.12112 0.44594
0.12162 0.44588
0.12212 0.44582
0.12262 0.44576
0.12312 0.4457
0.12362 0.44564
0.12412 0.44559
0.12462 0.44553
0.12513 0.44548
0.12563 0.44543
0.12613 0.44538
0.12663 0.44533
0.12713 0.44528
0.12763 0.44523
0.12813 0.44519
0.12863 0.44514
0.12913 0.4451
0.12963 0.44506
0.13013 0.44502
0.13063 0.44498
0.13113 0.44494
0.13163 0.44491
0.13213 0.44487
0.13263 0.44484
0.13313 0.44481
0.13363 0.44478
0.13413 0.44475
0.13463 0.44472
0.13514 0.4447
0.13564 0.44468
0.13614 0.44465
0.13664 0.44463
0.13714 0.44462
0.13764 0.4446
0.13814 0.44458
0.13864 0.44457
0.13914 0.44456
0.13964 0.44455
0.14014 0.44454
0.14064 0.44453
0.14114 0.44453
0.14164 0.44453
0.14214 0.44453
0.14264 0.44453
0.14314 0.44453
0.14364 0.44453
0.14414 0.44454
0.14464 0.44455
0.14515 0.44456
0.14565 0.44458
0.14615 0.44459
0.14665 0.44461
0.14715 0.44463
0.14765 0.44465
0.14815 0.44468
0.14865 0.4447
0.14915 0.44473
0.14965 0.44477
0.15015 0.4448
0.15065 0.44484
0.15115 0.44488
0.15165 0.44492
0.15215 0.44496
0.15265 0.44501
0.15315 0.44506
0.15365 0.44511
0.15415 0.44517
0.15465 0.44523
0.15516 0.44529
0.15566 0.44535
0.15616 0.44542
0.15666 0.44549
0.15716 0.44557
0.15766 0.44564
0.15816 0.44572
0.15866 0.44581
0.15916 0.4459
0.15966 0.44599
0.16016 0.44608
0.16066 0.44618
0.16116 0.44629
0.16166 0.44639
0.16216 0.4465
0.16266 0.44662
0.16316 0.44674
0.16366 0.44686
0.16416 0.44699
0.16466 0.44712
0.16517 0.44726
0.16567 0.4474
0.16617 0.44755
0.16667 0.4477
0.16717 0.44786
0.16767 0.44802
0.16817 0.44819
0.16867 0.44836
0.16917 0.44855
0.16967 0.44873
0.17017 0.44892
0.17067 0.44912
0.17117 0.44933
0.17167 0.44954
0.17217 0.44976
0.17267 0.44999
0.17317 0.45023
0.17367 0.45047
0.17417 0.45072
0.17467 0.45098
0.17518 0.45125
0.17568 0.45153
0.17618 0.45182
0.17668 0.45212
0.17718 0.45243
0.17768 0.45275
0.17818 0.45309
0.17868 0.45343
0.17918 0.45379
0.17968 0.45416
0.18018 0.45455
0.18068 0.45495
0.18118 0.45536
0.18168 0.4558
0.18218 0.45625
0.18268 0.45671
0.18318 0.4572
0.18368 0.45771
0.18418 0.45824
0.18468 0.45879
0.18519 0.45936
0.18569 0.45997
0.18619 0.4606
0.18669 0.46125
0.18719 0.46194
0.18769 0.46267
0.18819 0.46342
0.18869 0.46422
0.18919 0.46505
0.18969 0.46593
0.19019 0.46686
0.19069 0.46783
0.19119 0.46886
0.19169 0.46994
0.19219 0.47108
0.19269 0.47229
0.19319 0.47357
0.19369 0.47492
0.19419 0.47635
0.19469 0.47787
0.1952 0.47947
0.1957 0.48117
0.1962 0.48298
0.1967 0.4849
0.1972 0.48693
0.1977 0.48909
0.1982 0.49138
0.1987 0.4938
0.1992 0.49638
0.1997 0.49911
0.2002 0.50199
0.2007 0.50505
0.2012 0.50828
0.2017 0.51169
0.2022 0.51528
0.2027 0.51906
0.2032 0.52304
0.2037 0.5272
0.2042 0.53155
0.2047 0.5361
0.20521 0.54083
0.20571 0.54573
0.20621 0.55081
0.20671 0.55604
0.20721 0.56143
0.20771 0.56694
0.20821 0.57257
0.20871 0.5783
0.20921 0.58411
0.20971 0.58997
0.21021 0.59587
0.21071 0.60179
0.21121 0.60769
0.21171 0.61357
0.21221 0.6194
0.21271 0.62517
0.21321 0.63085
0.21371 0.63642
0.21421 0.64188
0.21471 0.64722
0.21522 0.65241
0.21572 0.65746
0.21622 0.66235
0.21672 0.66709
0.21722 0.67166
0.21772 0.67608
0.21822 0.68033
0.21872 0.68442
0.21922 0.68835
0.21972 0.69213
0.22022 0.69575
0.22072 0.69923
0.22122 0.70257
0.22172 0.70578
0.22222 0.70885
0.22272 0.7118
0.22322 0.71463
0.22372 0.71735
0.22422 0.71996
0.22472 0.72247
0.22523 0.72488
0.22573 0.7272
0.22623 0.72944
0.22673 0.7316
0.22723 0.73368
0.22773 0.73569
0.22823 0.73763
0.22873 0.73951
0.22923 0.74132
0.22973 0.74308
0.23023 0.74479
0.23073 0.74644
0.23123 0.74805
0.23173 0.74961
0.23223 0.75113
0.23273 0.7526
0.23323 0.75404
0.23373 0.75544
0.23423 0.75681
0.23473 0.75814
0.23524 0.75945
0.23574 0.76072
0.23624 0.76196
0.23674 0.76318
0.23724 0.76437
0.23774 0.76554
0.23824 0.76668
0.23874 0.7678
0.23924 0.76889
0.23974 0.76997
0.24024 0.77102
0.24074 0.77206
0.24124 0.77308
0.24174 0.77408
0.24224 0.77506
0.24274 0.77602
0.24324 0.77697
0.24374 0.77791
0.24424 0.77883
0.24474 0.77973
0.24525 0.78062
0.24575 0.7815
0.24625 0.78236
0.24675 0.78321
0.24725 0.78405
0.24775 0.78487
0.24825 0.78569
0.24875 0.78649
0.24925 0.78728
0.24975 0.78806
0.25025 0.78883
0.25075 0.78959
0.25125 0.79034
0.25175 0.79108
0.25225 0.79181
0.25275 0.79253
0.25325 0.79325
0.25375 0.79395
0.25425 0.79464
0.25475 0.79533
0.25526 0.79601
0.25576 0.79668
0.25626 0.79734
0.25676 0.79799
0.25726 0.79864
0.25776 0.79928
0.25826 0.79991
0.25876 0.80053
0.25926 0.80115
0.25976 0.80176
0.26026 0.80237
0.26076 0.80296
0.26126 0.80355
0.26176 0.80414
0.26226 0.80472
0.26276 0.80529
0.26326 0.80585
0.26376 0.80641
0.26426 0.80697
0.26476 0.80752
0.26527 0.80806
0.26577 0.8086
0.26627 0.80913
0.26677 0.80966
0.26727 0.81018
0.26777 0.8107
0.26827 0.81121
0.26877 0.81171
0.26927 0.81222
0.26977 0.81271
0.27027 0.8132
0.27077 0.81369
0.27127 0.81417
0.27177 0.81465
0.27227 0.81513
0.27277 0.8156
0.27327 0.81606
0.27377 0.81652
0.27427 0.81698
0.27477 0.81743
0.27528 0.81788
0.27578 0.81832
0.27628 0.81876
0.27678 0.8192
0.27728 0.81963
0.27778 0.82006
0.27828 0.82048
0.27878 0.8209
0.27928 0.82132
0.27978 0.82174
0.28028 0.82215
0.28078 0.82255
0.28128 0.82295
0.28178 0.82335
0.28228 0.82375
0.28278 0.82414
0.28328 0.82453
0.28378 0.82492
0.28428 0.8253
0.28478 0.82568
0.28529 0.82606
0.28579 0.82643
0.28629 0.8268
0.28679 0.82717
0.28729 0.82753
0.28779 0.8279
0.28829 0.82825
0.28879 0.82861
0.28929 0.82896
0.28979 0.82931
0.29029 0.82966
0.29079 0.83
0.29129 0.83035
0.29179 0.83068
0.29229 0.83102
0.29279 0.83135
0.29329 0.83168
0.29379 0.83201
0.29429 0.83234
0.29479 0.83266
0.2953 0.83298
0.2958 0.8333
0.2963 0.83362
0.2968 0.83393
0.2973 0.83424
0.2978 0.83455
0.2983 0.83485
0.2988 0.83516
0.2993 0.83546
0.2998 0.83576
0.3003 0.83605
0.3008 0.83635
0.3013 0.83664
0.3018 0.83693
0.3023 0.83722
0.3028 0.83751
0.3033 0.83779
0.3038 0.83807
0.3043 0.83835
0.3048 0.83863
0.30531 0.8389
0.30581 0.83918
0.30631 0.83945
0.30681 0.83972
0.30731 0.83998
0.30781 0.84025
0.30831 0.84051
0.30881 0.84077
0.30931 0.84103
0.30981 0.84129
0.31031 0.84155
0.31081 0.8418
0.31131 0.84205
0.31181 0.8423
0.31231 0.84255
0.31281 0.8428
0.31331 0.84304
0.31381 0.84329
0.31431 0.84353
0.31481 0.84377
0.31532 0.84401
0.31582 0.84424
0.31632 0.84448
0.31682 0.84471
0.31732 0.84494
0.31782 0.84517
0.31832 0.8454
0.31882 0.84563
0.31932 0.84585
0.31982 0.84607
0.32032 0.8463
0.32082 0.84652
0.32132 0.84673
0.32182 0.84695
0.32232 0.84717
0.32282 0.84738
0.32332 0.84759
0.32382 0.8478
0.32432 0.84801
0.32482 0.84822
0.32533 0.84843
0.32583 0.84863
0.32633 0.84884
0.32683 0.84904
0.32733 0.84924
0.32783 0.84944
0.32833 0.84964
0.32883 0.84984
0.32933 0.85003
0.32983 0.85023
0.33033 0.85042
0.33083 0.85061
0.33133 0.8508
0.33183 0.85099
0.33233 0.85118
0.33283 0.85136
0.33333 0.85155
0.33383 0.85173
0.33433 0.85192
0.33483 0.8521
0.33534 0.85228
0.33584 0.85246
0.33634 0.85263
0.33684 0.85281
0.33734 0.85299
0.33784 0.85316
0.33834 0.85333
0.33884 0.8535
0.33934 0.85367
0.33984 0.85384
0.34034 0.85401
0.34084 0.85418
0.34134 0.85435
0.34184 0.85451
0.34234 0.85467
0.34284 0.85484
0.34334 0.855
0.34384 0.85516
0.34434 0.85532
0.34484 0.85548
0.34535 0.85563
0.34585 0.85579
0.34635 0.85595
0.34685 0.8561
0.34735 0.85625
0.34785 0.8564
0.34835 0.85656
0.34885 0.85671
0.34935 0.85685
0.34985 0.857
0.35035 0.85715
0.35085 0.8573
0.35135 0.85744
0.35185 0.85758
0.35235 0.85773
0.35285 0.85787
0.35335 0.85801
0.35385 0.85815
0.35435 0.85829
0.35485 0.85843
0.35536 0.85857
0.35586 0.8587
0.35636 0.85884
0.35686 0.85897
0.35736 0.85911
0.35786 0.85924
0.35836 0.85937
0.35886 0.8595
0.35936 0.85963
0.35986 0.85976
0.36036 0.85989
0.36086 0.86002
0.36136 0.86015
0.36186 0.86027
0.36236 0.8604
0.36286 0.86052
0.36336 0.86065
0.36386 0.86077
0.36436 0.86089
0.36486 0.86101
0.36537 0.86113
0.36587 0.86125
0.36637 0.86137
0.36687 0.86149
0.36737 0.86161
0.36787 0.86172
0.36837 0.86184
0.36887 0.86195
0.36937 0.86207
0.36987 0.86218
0.37037 0.86229
0.37087 0.8624
0.37137 0.86252
0.37187 0.86263
0.37237 0.86274
0.37287 0.86284
0.37337 0.86295
0.37387 0.86306
0.37437 0.86317
0.37487 0.86327
0.37538 0.86338
0.37588 0.86348
0.37638 0.86359
0.37688 0.86369
0.37738 0.86379
0.37788 0.86389
0.37838 0.86399
0.37888 0.86409
0.37938 0.86419
0.37988 0.86429
0.38038 0.86439
0.38088 0.86449
0.38138 0.86459
0.38188 0.86468
0.38238 0.86478
0.38288 0.86487
0.38338 0.86497
0.38388 0.86506
0.38438 0.86516
0.38488 0.86525
0.38539 0.86534
0.38589 0.86543
0.38639 0.86552
0.38689 0.86561
0.38739 0.8657
0.38789 0.86579
0.38839 0.86588
0.38889 0.86597
0.38939 0.86605
0.38989 0.86614
0.39039 0.86623
0.39089 0.86631
0.39139 0.8664
0.39189 0.86648
0.39239 0.86656
0.39289 0.86665
0.39339 0.86673
0.39389 0.86681
0.39439 0.86689
0.39489 0.86697
0.3954 0.86705
0.3959 0.86713
0.3964 0.86721
0.3969 0.86729
0.3974 0.86737
0.3979 0.86745
0.3984 0.86752
0.3989 0.8676
0.3994 0.86768
0.3999 0.86775
0.4004 0.86783
0.4009 0.8679
0.4014 0.86798
0.4019 0.86805
0.4024 0.86812
0.4029 0.86819
0.4034 0.86827
0.4039 0.86834
0.4044 0.86841
0.4049 0.86848
0.40541 0.86855
0.40591 0.86862
0.40641 0.86869
0.40691 0.86876
0.40741 0.86882
0.40791 0.86889
0.40841 0.86896
0.40891 0.86903
0.40941 0.86909
0.40991 0.86916
0.41041 0.86922
0.41091 0.86929
0.41141 0.86935
0.41191 0.86942
0.41241 0.86948
0.41291 0.86954
0.41341 0.8696
0.41391 0.86967
0.41441 0.86973
0.41491 0.86979
0.41542 0.86985
0.41592 0.86991
0.41642 0.86997
0.41692 0.87003
0.41742 0.87009
0.41792 0.87015
0.41842 0.87021
0.41892 0.87026
0.41942 0.87032
0.41992 0.87038
0.42042 0.87044
0.42092 0.87049
0.42142 0.87055
0.42192 0.8706
0.42242 0.87066
0.42292 0.87071
0.42342 0.87077
0.42392 0.87082
0.42442 0.87087
0.42492 0.87093
0.42543 0.87098
0.42593 0.87103
0.42643 0.87108
0.42693 0.87114
0.42743 0.87119
0.42793 0.87124
0.42843 0.87129
0.42893 0.87134
0.42943 0.87139
0.42993 0.87144
0.43043 0.87149
0.43093 0.87154
0.43143 0.87158
0.43193 0.87163
0.43243 0.87168
0.43293 0.87173
0.43343 0.87177
0.43393 0.87182
0.43443 0.87187
0.43493 0.87191
0.43544 0.87196
0.43594 0.872
0.43644 0.87205
0.43694 0.87209
0.43744 0.87214
0.43794 0.87218
0.43844 0.87223
0.43894 0.87227
0.43944 0.87231
0.43994 0.87235
0.44044 0.8724
0.44094 0.87244
0.44144 0.87248
0.44194 0.87252
0.44244 0.87256
0.44294 0.8726
0.44344 0.87264
0.44394 0.87269
0.44444 0.87273
0.44494 0.87276
0.44545 0.8728
0.44595 0.87284
0.44645 0.87288
0.44695 0.87292
0.44745 0.87296
0.44795 0.873
0.44845 0.87303
0.44895 0.87307
0.44945 0.87311
0.44995 0.87314
0.45045 0.87318
0.45095 0.87322
0.45145 0.87325
0.45195 0.87329
0.45245 0.87332
0.45295 0.87336
0.45345 0.87339
0.45395 0.87343
0.45445 0.87346
0.45495 0.8735
0.45546 0.87353
0.45596 0.87356
0.45646 0.8736
0.45696 0.87363
0.45746 0.87366
0.45796 0.87369
0.45846 0.87373
0.45896 0.87376
0.45946 0.87379
0.45996 0.87382
0.46046 0.87385
0.46096 0.87388
0.46146 0.87391
0.46196 0.87394
0.46246 0.87398
0.46296 0.87401
0.46346 0.87403
0.46396 0.87406
0.46446 0.87409
0.46496 0.87412
0.46547 0.87415
0.46597 0.87418
0.46647 0.87421
0.46697 0.87424
0.46747 0.87426
0.46797 0.87429
0.46847 0.87432
0.46897 0.87435
0.46947 0.87437
0.46997 0.8744
0.47047 0.87443
0.47097 0.87445
0.47147 0.87448
0.47197 0.87451
0.47247 0.87453
0.47297 0.87456
0.47347 0.87458
0.47397 0.87461
0.47447 0.87463
0.47497 0.87466
0.47548 0.87468
0.47598 0.87471
0.47648 0.87473
0.47698 0.87475
0.47748 0.87478
0.47798 0.8748
0.47848 0.87482
0.47898 0.87485
0.47948 0.87487
0.47998 0.87489
0.48048 0.87492
0.48098 0.87494
0.48148 0.87496
0.48198 0.87498
0.48248 0.875
0.48298 0.87503
0.48348 0.87505
0.48398 0.87507
0.48448 0.87509
0.48498 0.87511
0.48549 0.87513
0.48599 0.87515
0.48649 0.87517
0.48699 0.87519
0.48749 0.87521
0.48799 0.87523
0.48849 0.87525
0.48899 0.87527
0.48949 0.87529
0.48999 0.87531
0.49049 0.87533
0.49099 0.87535
0.49149 0.87537
0.49199 0.87539
0.49249 0.87541
0.49299 0.87542
0.49349 0.87544
0.49399 0.87546
0.49449 0.87548
0.49499 0.8755
0.4955 0.87551
0.496 0.87553
0.4965 0.87555
0.497 0.87556
0.4975 0.87558
0.498 0.8756
0.4985 0.87562
0.499 0.87563
0.4995 0.87565
0.5 0.87567
0.5005 0.87568
0.501 0.8757
0.5015 0.87571
0.502 0.87573
0.5025 0.87574
0.503 0.87576
0.5035 0.87578
0.504 0.87579
0.5045 0.87581
0.50501 0.87582
0.50551 0.87584
0.50601 0.87585
0.50651 0.87587
0.50701 0.87588
0.50751 0.87589
0.50801 0.87591
0.50851 0.87592
0.50901 0.87594
0.50951 0.87595
0.51001 0.87596
0.51051 0.87598
0.51101 0.87599
0.51151 0.87601
0.51201 0.87602
0.51251 0.87603
0.51301 0.87604
0.51351 0.87606
0.51401 0.87607
0.51451 0.87608
0.51502 0.8761
0.51552 0.87611
0.51602 0.87612
0.51652 0.87613
0.51702 0.87615
0.51752 0.87616
0.51802 0.87617
0.51852 0.87618
0.51902 0.87619
0.51952 0.87621
0.52002 0.87622
0.52052 0.87623
0.52102 0.87624
0.52152 0.87625
0.52202 0.87626
0.52252 0.87627
0.52302 0.87629
0.52352 0.8763
0.52402 0.87631
0.52452 0.87632
0.52503 0.87633
0.52553 0.87634
0.52603 0.87635
0.52653 0.87636
0.52703 0.87637
0.52753 0.87638
0.52803 0.87639
0.52853 0.8764
0.52903 0.87641
0.52953 0.87642
0.53003 0.87643
0.53053 0.87644
0.53103 0.87645
0.53153 0.87646
0.53203 0.87647
0.53253 0.87648
0.53303 0.87649
0.53353 0.8765
0.53403 0.87651
0.53453 0.87652
0.53504 0.87653
0.53554 0.87653
0.53604 0.87654
0.53654 0.87655
0.53704 0.87656
0.53754 0.87657
0.53804 0.87658
0.53854 0.87659
0.53904 0.8766
0.53954 0.8766
0.54004 0.87661
0.54054 0.87662
0.54104 0.87663
0.54154 0.87664
0.54204 0.87665
0.54254 0.87665
0.54304 0.87666
0.54354 0.87667
0.54404 0.87668
0.54454 0.87668
0.54505 0.87669
0.54555 0.8767
0.54605 0.87671
0.54655 0.87672
0.54705 0.87672
0.54755 0.87673
0.54805 0.87674
0.54855 0.87674
0.54905 0.87675
0.54955 0.87676
0.55005 0.87677
0.55055 0.87677
0.55105 0.87678
0.55155 0.87679
0.55205 0.87679
0.55255 0.8768
0.55305 0.87681
0.55355 0.87682
0.55405 0.87682
0.55455 0.87683
0.55506 0.87684
0.55556 0.87684
0.55606 0.87685
0.55656 0.87685
0.55706 0.87686
0.55756 0.87687
0.55806 0.87687
0.55856 0.87688
0.55906 0.87689
0.55956 0.87689
0.56006 0.8769
0.56056 0.8769
0.56106 0.87691
0.56156 0.87692
0.56206 0.87692
0.56256 0.87693
0.56306 0.87693
0.56356 0.87694
0.56406 0.87695
0.56456 0.87695
0.56507 0.87696
0.56557 0.87696
0.56607 0.87697
0.56657 0.87697
0.56707 0.87698
0.56757 0.87699
0.56807 0.87699
0.56857 0.877
0.56907 0.877
0.56957 0.87701
0.57007 0.87701
0.57057 0.87702
0.57107 0.87702
0.57157 0.87703
0.57207 0.87703
0.57257 0.87704
0.57307 0.87704
0.57357 0.87705
0.57407 0.87705
0.57457 0.87706
0.57508 0.87706
0.57558 0.87707
0.57608 0.87707
0.57658 0.87708
0.57708 0.87708
0.57758 0.87709
0.57808 0.87709
0.57858 0.8771
0.57908 0.8771
0.57958 0.87711
0.58008 0.87711
0.58058 0.87712
0.58108 0.87712
0.58158 0.87712
0.58208 0.87713
0.58258 0.87713
0.58308 0.87714
0.58358 0.87714
0.58408 0.87715
0.58458 0.87715
0.58509 0.87716
0.58559 0.87716
0.58609 0.87716
0.58659 0.87717
0.58709 0.87717
0.58759 0.87718
0.58809 0.87718
0.58859 0.87719
0.58909 0.87719
0.58959 0.87719
0.59009 0.8772
0.59059 0.8772
0.59109 0.87721
0.59159 0.87721
0.59209 0.87721
0.59259 0.87722
0.59309 0.87722
0.59359 0.87722
0.59409 0.87723
0.59459 0.87723
0.5951 0.87724
0.5956 0.87724
0.5961 0.87724
0.5966 0.87725
0.5971 0.87725
0.5976 0.87725
0.5981 0.87726
0.5986 0.87726
0.5991 0.87727
0.5996 0.87727
0.6001 0.87727
0.6006 0.87728
0.6011 0.87728
0.6016 0.87728
0.6021 0.87729
0.6026 0.87729
0.6031 0.87729
0.6036 0.8773
0.6041 0.8773
0.6046 0.8773
0.60511 0.87731
0.60561 0.87731
0.60611 0.87731
0.60661 0.87732
0.60711 0.87732
0.60761 0.87732
0.60811 0.87732
0.60861 0.87733
0.60911 0.87733
0.60961 0.87733
0.61011 0.87734
0.61061 0.87734
0.61111 0.87734
0.61161 0.87735
0.61211 0.87735
0.61261 0.87735
0.61311 0.87735
0.61361 0.87736
0.61411 0.87736
0.61461 0.87736
0.61512 0.87736
0.61562 0.87737
0.61612 0.87737
0.61662 0.87737
0.61712 0.87738
0.61762 0.87738
0.61812 0.87738
0.61862 0.87738
0.61912 0.87739
0.61962 0.87739
0.62012 0.87739
0.62062 0.87739
0.62112 0.8774
0.62162 0.8774
0.62212 0.8774
0.62262 0.8774
0.62312 0.8774
0.62362 0.87741
0.62412 0.87741
0.62462 0.87741
0.62513 0.87741
0.62563 0.87742
0.62613 0.87742
0.62663 0.87742
0.62713 0.87742
0.62763 0.87742
0.62813 0.87743
0.62863 0.87743
0.62913 0.87743
0.62963 0.87743
0.63013 0.87743
0.63063 0.87743
0.63113 0.87744
0.63163 0.87744
0.63213 0.87744
0.63263 0.87744
0.63313 0.87744
0.63363 0.87745
0.63413 0.87745
0.63463 0.87745
0.63514 0.87745
0.63564 0.87745
0.63614 0.87745
0.63664 0.87745
0.63714 0.87746
0.63764 0.87746
0.63814 0.87746
0.63864 0.87746
0.63914 0.87746
0.63964 0.87746
0.64014 0.87746
0.64064 0.87746
0.64114 0.87747
0.64164 0.87747
0.64214 0.87747
0.64264 0.87747
0.64314 0.87747
0.64364 0.87747
0.64414 0.87747
0.64464 0.87747
0.64515 0.87747
0.64565 0.87747
0.64615 0.87747
0.64665 0.87747
0.64715 0.87747
0.64765 0.87748
0.64815 0.87748
0.64865 0.87748
0.64915 0.87748
0.64965 0.87748
0.65015 0.87748
0.65065 0.87748
0.65115 0.87748
0.65165 0.87748
0.65215 0.87748
0.65265 0.87748
0.65315 0.87748
0.65365 0.87748
0.65415 0.87748
0.65465 0.87748
0.65516 0.87748
0.65566 0.87748
0.65616 0.87748
0.65666 0.87748
0.65716 0.87748
0.65766 0.87748
0.65816 0.87747
0.65866 0.87747
0.65916 0.87747
0.65966 0.87747
0.66016 0.87747
0.66066 0.87747
0.66116 0.87747
0.66166 0.87747
0.66216 0.87747
0.66266 0.87747
0.66316 0.87747
0.66366 0.87747
0.66416 0.87746
0.66466 0.87746
0.66517 0.87746
0.66567 0.87746
0.66617 0.87746
0.66667 0.87746
0.66717 0.87746
0.66767 0.87745
0.66817 0.87745
0.66867 0.87745
0.66917 0.87745
0.66967 0.87745
0.67017 0.87744
0.67067 0.87744
0.67117 0.87744
0.67167 0.87744
0.67217 0.87743
0.67267 0.87743
0.67317 0.87743
0.67367 0.87743
0.67417 0.87742
0.67467 0.87742
0.67518 0.87742
0.67568 0.87742
0.67618 0.87741
0.67668 0.87741
0.67718 0.87741
0.67768 0.8774
0.67818 0.8774
0.67868 0.8774
0.67918 0.87739
0.67968 0.87739
0.68018 0.87739
0.68068 0.87738
0.68118 0.87738
0.68168 0.87737
0.68218 0.87737
0.68268 0.87737
0.68318 0.87736
0.68368 0.87736
0.68418 0.87735
0.68468 0.87735
0.68519 0.87734
0.68569 0.87734
0.68619 0.87733
0.68669 0.87733
0.68719 0.87732
0.68769 0.87732
0.68819 0.87731
0.68869 0.87731
0.68919 0.8773
0.68969 0.8773
0.69019 0.87729
0.69069 0.87728
0.69119 0.87728
0.69169 0.87727
0.69219 0.87727
0.69269 0.87726
0.69319 0.87725
0.69369 0.87725
0.69419 0.87724
0.69469 0.87723
0.6952 0.87722
0.6957 0.87722
0.6962 0.87721
0.6967 0.8772
0.6972 0.8772
0.6977 0.87719
0.6982 0.87718
0.6987 0.87717
0.6992 0.87716
0.6997 0.87716
0.7002 0.87715
0.7007 0.87714
0.7012 0.87713
0.7017 0.87712
0.7022 0.87711
0.7027 0.8771
0.7032 0.87709
0.7037 0.87708
0.7042 0.87707
0.7047 0.87706
0.70521 0.87705
0.70571 0.87704
0.70621 0.87703
0.70671 0.87702
0.70721 0.87701
0.70771 0.877
0.70821 0.87699
0.70871 0.87698
0.70921 0.87697
0.70971 0.87696
0.71021 0.87694
0.71071 0.87693
0.71121 0.87692
0.71171 0.87691
0.71221 0.8769
0.71271 0.87688
0.71321 0.87687
0.71371 0.87686
0.71421 0.87684
0.71471 0.87683
0.71522 0.87682
0.71572 0.8768
0.71622 0.87679
0.71672 0.87677
0.71722 0.87676
0.71772 0.87674
0.71822 0.87673
0.71872 0.87671
0.71922 0.8767
0.71972 0.87668
0.72022 0.87667
0.72072 0.87665
0.72122 0.87663
0.72172 0.87662
0.72222 0.8766
0.72272 0.87658
0.72322 0.87657
0.72372 0.87655
0.72422 0.87653
0.72472 0.87651
0.72523 0.87649
0.72573 0.87648
0.72623 0.87646
0.72673 0.87644
0.72723 0.87642
0.72773 0.8764
0.72823 0.87638
0.72873 0.87636
0.72923 0.87634
0.72973 0.87632
0.73023 0.87629
0.73073 0.87627
0.73123 0.87625
0.73173 0.87623
0.73223 0.87621
0.73273 0.87618
0.73323 0.87616
0.73373 0.87614
0.73423 0.87611
0.73473 0.87609
0.73524 0.87606
0.73574 0.87604
0.73624 0.87601
0.73674 0.87599
0.73724 0.87596
0.73774 0.87593
0.73824 0.87591
0.73874 0.87588
0.73924 0.87585
0.73974 0.87583
0.74024 0.8758
0.74074 0.87577
0.74124 0.87574
0.74174 0.87571
0.74224 0.87568
0.74274 0.87565
0.74324 0.87562
0.74374 0.87559
0.74424 0.87556
0.74474 0.87552
0.74525 0.87549
0.74575 0.87546
0.74625 0.87542
0.74675 0.87539
0.74725 0.87535
0.74775 0.87532
0.74825 0.87528
0.74875 0.87525
0.74925 0.87521
0.74975 0.87517
0.75025 0.87514
0.75075 0.8751
0.75125 0.87506
0.75175 0.87502
0.75225 0.87498
0.75275 0.87494
0.75325 0.8749
0.75375 0.87486
0.75425 0.87482
0.75475 0.87477
0.75526 0.87473
0.75576 0.87469
0.75626 0.87464
0.75676 0.8746
0.75726 0.87455
0.75776 0.8745
0.75826 0.87446
0.75876 0.87441
0.75926 0.87436
0.75976 0.87431
0.76026 0.87426
0.76076 0.87421
0.76126 0.87416
0.76176 0.8741
0.76226 0.87405
0.76276 0.874
0.76326 0.87394
0.76376 0.87388
0.76426 0.87383
0.76476 0.87377
0.76527 0.87371
0.76577 0.87365
0.76627 0.87359
0.76677 0.87353
0.76727 0.87347
0.76777 0.8734
0.76827 0.87334
0.76877 0.87327
0.76927 0.87321
0.76977 0.87314
0.77027 0.87307
0.77077 0.873
0.77127 0.87293
0.77177 0.87286
0.77227 0.87279
0.77277 0.87271
0.77327 0.87263
0.77377 0.87256
0.77427 0.87248
0.77477 0.8724
0.77528 0.87231
0.77578 0.87223
0.77628 0.87214
0.77678 0.87206
0.77728 0.87197
0.77778 0.87188
0.77828 0.87178
0.77878 0.87169
0.77928 0.87159
0.77978 0.87149
0.78028 0.87138
0.78078 0.87127
0.78128 0.87116
0.78178 0.87104
0.78228 0.87092
0.78278 0.87079
0.78328 0.87066
0.78378 0.87051
0.78428 0.87035
0.78478 0.87019
0.78529 0.87
0.78579 0.86979
0.78629 0.86955
0.78679 0.86928
0.78729 0.86896
0.78779 0.86858
0.78829 0.86813
0.78879 0.86757
0.78929 0.86689
0.78979 0.86603
0.79029 0.86497
0.79079 0.86363
0.79129 0.86194
0.79179 0.85983
0.79229 0.8572
0.79279 0.85394
0.79329 0.84992
0.79379 0.84503
0.79429 0.83915
0.79479 0.83216
0.7953 0.824
0.7958 0.81461
0.7963 0.804
0.7968 0.79223
0.7973 0.77941
0.7978 0.76572
0.7983 0.75138
0.7988 0.73664
0.7993 0.72178
0.7998 0.70706
0.8003 0.69273
0.8008 0.679
0.8013 0.66603
0.8018 0.65395
0.8023 0.64284
0.8028 0.63273
0.8033 0.62361
0.8038 0.61546
0.8043 0.60822
0.8048 0.60184
0.80531 0.59624
0.80581 0.59134
0.80631 0.58707
0.80681 0.58336
0.80731 0.58013
0.80781 0.57733
0.80831 0.5749
0.80881 0.57279
0.80931 0.57095
0.80981 0.56934
0.81031 0.56794
0.81081 0.5667
0.81131 0.56561
0.81181 0.56465
0.81231 0.56378
0.81281 0.56301
0.81331 0.56231
0.81381 0.56168
0.81431 0.5611
0.81481 0.56056
0.81532 0.56006
0.81582 0.5596
0.81632 0.55916
0.81682 0.55875
0.81732 0.55836
0.81782 0.55798
0.81832 0.55762
0.81882 0.55727
0.81932 0.55693
0.81982 0.5566
0.82032 0.55628
0.82082 0.55597
0.82132 0.55566
0.82182 0.55535
0.82232 0.55506
0.82282 0.55476
0.82332 0.55447
0.82382 0.55418
0.82432 0.55389
0.82482 0.55361
0.82533 0.55333
0.82583 0.55305
0.82633 0.55277
0.82683 0.5525
0.82733 0.55222
0.82783 0.55195
0.82833 0.55168
0.82883 0.55141
0.82933 0.55114
0.82983 0.55087
0.83033 0.55061
0.83083 0.55034
0.83133 0.55008
0.83183 0.54982
0.83233 0.54955
0.83283 0.54929
0.83333 0.54903
0.83383 0.54877
0.83433 0.54852
0.83483 0.54826
0.83534 0.548
0.83584 0.54775
0.83634 0.54749
0.83684 0.54724
0.83734 0.54698
0.83784 0.54673
0.83834 0.54648
0.83884 0.54623
0.83934 0.54598
0.83984 0.54573
0.84034 0.54548
0.84084 0.54523
0.84134 0.54498
0.84184 0.54473
0.84234 0.54449
0.84284 0.54424
0.84334 0.544
0.84384 0.54375
0.84434 0.54351
0.84484 0.54327
0.84535 0.54302
0.84585 0.54278
0.84635 0.54254
0.84685 0.5423
0.84735 0.54206
0.84785 0.54182
0.84835 0.54158
0.84885 0.54134
0.84935 0.5411
0.84985 0.54086
0.85035 0.54063
0.85085 0.54039
0.85135 0.54015
0.85185 0.53992
0.85235 0.53968
0.85285 0.53945
0.85335 0.53921
0.85385 0.53898
0.85435 0.53875
0.85485 0.53851
0.85536 0.53828
0.85586 0.53805
0.85636 0.53782
0.85686 0.53759
0.85736 0.53735
0.85786 0.53712
0.85836 0.53689
0.85886 0.53666
0.85936 0.53644
0.85986 0.53621
0.86036 0.53598
0.86086 0.53575
0.86136 0.53552
0.86186 0.5353
0.86236 0.53507
0.86286 0.53484
0.86336 0.53462
0.86386 0.53439
0.86436 0.53417
0.86486 0.53394
0.86537 0.53372
0.86587 0.53349
0.86637 0.53327
0.86687 0.53304
0.86737 0.53282
0.86787 0.5326
0.86837 0.53238
0.86887 0.53215
0.86937 0.53193
0.86987 0.53171
0.87037 0.53149
0.87087 0.53127
0.87137 0.53105
0.87187 0.53083
0.87237 0.53061
0.87287 0.53039
0.87337 0.53017
0.87387 0.52995
0.87437 0.52973
0.87487 0.52951
0.87538 0.52929
0.87588 0.52907
0.87638 0.52886
0.87688 0.52864
0.87738 0.52842
0.87788 0.5282
0.87838 0.52799
0.87888 0.52777
0.87938 0.52755
0.87988 0.52734
0.88038 0.52712
0.88088 0.52691
0.88138 0.52669
0.88188 0.52648
0.88238 0.52626
0.88288 0.52605
0.88338 0.52583
0.88388 0.52562
0.88438 0.5254
0.88488 0.52519
0.88539 0.52498
0.88589 0.52476
0.88639 0.52455
0.88689 0.52434
0.88739 0.52412
0.88789 0.52391
0.88839 0.5237
0.88889 0.52349
0.88939 0.52328
0.88989 0.52306
0.89039 0.52285
0.89089 0.52264
0.89139 0.52243
0.89189 0.52222
0.89239 0.52201
0.89289 0.5218
0.89339 0.52159
0.89389 0.52138
0.89439 0.52117
0.89489 0.52096
0.8954 0.52075
0.8959 0.52054
0.8964 0.52033
0.8969 0.52012
0.8974 0.51991
0.8979 0.5197
0.8984 0.5195
0.8989 0.51929
0.8994 0.51908
0.8999 0.51887
0.9004 0.51866
0.9009 0.51846
0.9014 0.51825
0.9019 0.51804
0.9024 0.51783
0.9029 0.51763
0.9034 0.51742
0.9039 0.51721
0.9044 0.51701
0.9049 0.5168
0.90541 0.51659
0.90591 0.51639
0.90641 0.51618
0.90691 0.51597
0.90741 0.51577
0.90791 0.51556
0.90841 0.51536
0.90891 0.51515
0.90941 0.51495
0.90991 0.51474
0.91041 0.51454
0.91091 0.51433
0.91141 0.51413
0.91191 0.51392
0.91241 0.51372
0.91291 0.51352
0.91341 0.51331
0.91391 0.51311
0.91441 0.5129
0.91491 0.5127
0.91542 0.5125
0.91592 0.51229
0.91642 0.51209
0.91692 0.51189
0.91742 0.51168
0.91792 0.51148
0.91842 0.51128
0.91892 0.51108
0.91942 0.51087
0.91992 0.51067
0.92042 0.51047
0.92092 0.51027
0.92142 0.51006
0.92192 0.50986
0.92242 0.50966
0.92292 0.50946
0.92342 0.50926
0.92392 0.50905
0.92442 0.50885
0.92492 0.50865
0.92543 0.50845
0.92593 0.50825
0.92643 0.50805
0.92693 0.50785
0.92743 0.50765
0.92793 0.50745
0.92843 0.50725
0.92893 0.50705
0.92943 0.50685
0.92993 0.50665
0.93043 0.50645
0.93093 0.50625
0.93143 0.50605
0.93193 0.50585
0.93243 0.50565
0.93293 0.50545
0.93343 0.50525
0.93393 0.50505
0.93443 0.50485
0.93493 0.50465
0.93544 0.50445
0.93594 0.50425
0.93644 0.50405
0.93694 0.50386
0.93744 0.50366
0.93794 0.50346
0.93844 0.50326
0.93894 0.50306
0.93944 0.50286
0.93994 0.50267
0.94044 0.50247
0.94094 0.50227
0.94144 0.50207
0.94194 0.50187
0.94244 0.50168
0.94294 0.50148
0.94344 0.50128
0.94394 0.50109
0.94444 0.50089
0.94494 0.50069
0.94545 0.50049
0.94595 0.5003
0.94645 0.5001
0.94695 0.49991
0.94745 0.49971
0.94795 0.49951
0.94845 0.49932
0.94895 0.49912
0.94945 0.49892
0.94995 0.49873
0.95045 0.49853
0.95095 0.49834
0.95145 0.49814
0.95195 0.49795
0.95245 0.49775
0.95295 0.49756
0.95345 0.49736
0.95395 0.49717
0.95445 0.49697
0.95495 0.49678
0.95546 0.49658
0.95596 0.49639
0.95646 0.49619
0.95696 0.496
0.95746 0.4958
0.95796 0.49561
0.95846 0.49542
0.95896 0.49522
0.95946 0.49503
0.95996 0.49483
0.96046 0.49464
0.96096 0.49445
0.96146 0.49425
0.96196 0.49406
0.96246 0.49387
0.96296 0.49367
0.96346 0.49348
0.96396 0.49329
0.96446 0.4931
0.96496 0.4929
0.96547 0.49271
0.96597 0.49252
0.96647 0.49233
0.96697 0.49214
0.96747 0.49194
0.96797 0.49175
0.96847 0.49156
0.96897 0.49137
0.96947 0.49118
0.96997 0.49099
0.97047 0.49079
0.97097 0.4906
0.97147 0.49041
0.97197 0.49022
0.97247 0.49003
0.97297 0.48984
0.97347 0.48965
0.97397 0.48946
0.97447 0.48927
0.97497 0.48908
0.97548 0.48889
0.97598 0.4887
0.97648 0.48851
0.97698 0.48832
0.97748 0.48813
0.97798 0.48794
0.97848 0.48775
0.97898 0.48756
0.97948 0.48738
0.97998 0.48719
0.98048 0.487
0.98098 0.48681
0.98148 0.48662
0.98198 0.48643
0.98248 0.48625
0.98298 0.48606
0.98348 0.48587
0.98398 0.48568
0.98448 0.4855
0.98498 0.48531
0.98549 0.48512
0.98599 0.48494
0.98649 0.48475
0.98699 0.48456
0.98749 0.48438
0.98799 0.48419
0.98849 0.484
0.98899 0.48382
0.98949 0.48363
0.98999 0.48345
0.99049 0.48326
0.99099 0.48307
0.99149 0.48289
0.99199 0.4827
0.99249 0.48252
0.99299 0.48234
0.99349 0.48215
0.99399 0.48197
0.99449 0.48178
0.99499 0.4816
0.9955 0.48141
0.996 0.48123
0.9965 0.48105
0.997 0.48086
0.9975 0.48068
0.998 0.4805
0.9985 0.48032
0.999 0.48013
0.9995 0.47995
1 0.47977
