time energy 
0 0.68084
0.0005005 0.68088
0.001001 0.68093
0.0015015 0.68098
0.002002 0.68103
0.0025025 0.68108
0.003003 0.68114
0.0035035 0.68119
0.004004 0.68125
0.0045045 0.6813
0.005005 0.68136
0.0055055 0.68142
0.006006 0.68148
0.0065065 0.68154
0.007007 0.6816
0.0075075 0.68167
0.008008 0.68173
0.0085085 0.6818
0.009009 0.68187
0.0095095 0.68194
0.01001 0.68201
0.010511 0.68208
0.011011 0.68215
0.011512 0.68222
0.012012 0.68229
0.012513 0.68237
0.013013 0.68244
0.013514 0.68252
0.014014 0.6826
0.014515 0.68268
0.015015 0.68275
0.015516 0.68283
0.016016 0.68291
0.016517 0.68299
0.017017 0.68308
0.017518 0.68316
0.018018 0.68324
0.018519 0.68333
0.019019 0.68341
0.01952 0.6835
0.02002 0.68358
0.020521 0.68367
0.021021 0.68376
0.021522 0.68385
0.022022 0.68394
0.022523 0.68403
0.023023 0.68412
0.023524 0.68421
0.024024 0.6843
0.024525 0.6844
0.025025 0.68449
0.025526 0.68459
0.026026 0.68468
0.026527 0.68478
0.027027 0.68487
0.027528 0.68497
0.028028 0.68507
0.028529 0.68517
0.029029 0.68527
0.02953 0.68537
0.03003 0.68548
0.030531 0.68558
0.031031 0.68568
0.031532 0.68579
0.032032 0.68589
0.032533 0.686
0.033033 0.6861
0.033534 0.68621
0.034034 0.68632
0.034535 0.68642
0.035035 0.68653
0.035536 0.68664
0.036036 0.68675
0.036537 0.68686
0.037037 0.68697
0.037538 0.68708
0.038038 0.68719
0.038539 0.6873
0.039039 0.68742
0.03954 0.68753
0.04004 0.68764
0.040541 0.68775
0.041041 0.68787
0.041542 0.68798
0.042042 0.68809
0.042543 0.68821
0.043043 0.68832
0.043544 0.68844
0.044044 0.68855
0.044545 0.68867
0.045045 0.68878
0.045546 0.6889
0.046046 0.68902
0.046547 0.68913
0.047047 0.68925
0.047548 0.68937
0.048048 0.68948
0.048549 0.6896
0.049049 0.68972
0.04955 0.68984
0.05005 0.68996
0.050551 0.69008
0.051051 0.6902
0.051552 0.69032
0.052052 0.69044
0.052553 0.69056
0.053053 0.69068
0.053554 0.69081
0.054054 0.69093
0.054555 0.69105
0.055055 0.69117
0.055556 0.6913
0.056056 0.69142
0.056557 0.69155
0.057057 0.69167
0.057558 0.69179
0.058058 0.69192
0.058559 0.69204
0.059059 0.69217
0.05956 0.69229
0.06006 0.69242
0.060561 0.69254
0.061061 0.69267
0.061562 0.69279
0.062062 0.69292
0.062563 0.69304
0.063063 0.69317
0.063564 0.69329
0.064064 0.69342
0.064565 0.69354
0.065065 0.69367
0.065566 0.69379
0.066066 0.69392
0.066567 0.69404
0.067067 0.69417
0.067568 0.69429
0.068068 0.69442
0.068569 0.69454
0.069069 0.69467
0.06957 0.69479
0.07007 0.69492
0.070571 0.69504
0.071071 0.69517
0.071572 0.69529
0.072072 0.69542
0.072573 0.69554
0.073073 0.69567
0.073574 0.69579
0.074074 0.69592
0.074575 0.69604
0.075075 0.69617
0.075576 0.69629
0.076076 0.69642
0.076577 0.69654
0.077077 0.69667
0.077578 0.6968
0.078078 0.69692
0.078579 0.69705
0.079079 0.69717
0.07958 0.6973
0.08008 0.69743
0.080581 0.69755
0.081081 0.69768
0.081582 0.6978
0.082082 0.69793
0.082583 0.69805
0.083083 0.69818
0.083584 0.6983
0.084084 0.69843
0.084585 0.69855
0.085085 0.69867
0.085586 0.6988
0.086086 0.69892
0.086587 0.69904
0.087087 0.69916
0.087588 0.69929
0.088088 0.69941
0.088589 0.69953
0.089089 0.69965
0.08959 0.69977
0.09009 0.69989
0.090591 0.70001
0.091091 0.70013
0.091592 0.70025
0.092092 0.70037
0.092593 0.70049
0.093093 0.70061
0.093594 0.70073
0.094094 0.70084
0.094595 0.70096
0.095095 0.70108
0.095596 0.7012
0.096096 0.70132
0.096597 0.70143
0.097097 0.70155
0.097598 0.70167
0.098098 0.70179
0.098599 0.7019
0.099099 0.70202
0.0996 0.70214
0.1001 0.70226
0.1006 0.70237
0.1011 0.70249
0.1016 0.7026
0.1021 0.70272
0.1026 0.70284
0.1031 0.70295
0.1036 0.70306
0.1041 0.70318
0.1046 0.70329
0.10511 0.70341
0.10561 0.70352
0.10611 0.70363
0.10661 0.70374
0.10711 0.70385
0.10761 0.70396
0.10811 0.70407
0.10861 0.70418
0.10911 0.70429
0.10961 0.7044
0.11011 0.70451
0.11061 0.70462
0.11111 0.70472
0.11161 0.70483
0.11211 0.70494
0.11261 0.70504
0.11311 0.70515
0.11361 0.70525
0.11411 0.70535
0.11461 0.70546
0.11512 0.70556
0.11562 0.70566
0.11612 0.70577
0.11662 0.70587
0.11712 0.70597
0.11762 0.70607
0.11812 0.70617
0.11862 0.70627
0.11912 0.70638
0.11962 0.70648
0.12012 0.70658
0.12062 0.70668
0.12112 0.70678
0.12162 0.70687
0.12212 0.70697
0.12262 0.70707
0.12312 0.70717
0.12362 0.70727
0.12412 0.70736
0.12462 0.70746
0.12513 0.70756
0.12563 0.70765
0.12613 0.70775
0.12663 0.70784
0.12713 0.70793
0.12763 0.70803
0.12813 0.70812
0.12863 0.70821
0.12913 0.7083
0.12963 0.70839
0.13013 0.70848
0.13063 0.70857
0.13113 0.70865
0.13163 0.70874
0.13213 0.70883
0.13263 0.70891
0.13313 0.709
0.13363 0.70908
0.13413 0.70916
0.13463 0.70925
0.13514 0.70933
0.13564 0.70941
0.13614 0.70949
0.13664 0.70957
0.13714 0.70965
0.13764 0.70973
0.13814 0.70981
0.13864 0.70989
0.13914 0.70997
0.13964 0.71005
0.14014 0.71012
0.14064 0.7102
0.14114 0.71028
0.14164 0.71036
0.14214 0.71043
0.14264 0.71051
0.14314 0.71058
0.14364 0.71066
0.14414 0.71073
0.14464 0.7108
0.14515 0.71088
0.14565 0.71095
0.14615 0.71102
0.14665 0.71109
0.14715 0.71116
0.14765 0.71123
0.14815 0.7113
0.14865 0.71137
0.14915 0.71143
0.14965 0.7115
0.15015 0.71156
0.15065 0.71163
0.15115 0.71169
0.15165 0.71175
0.15215 0.71181
0.15265 0.71187
0.15315 0.71193
0.15365 0.71199
0.15415 0.71205
0.15465 0.71211
0.15516 0.71217
0.15566 0.71222
0.15616 0.71228
0.15666 0.71233
0.15716 0.71239
0.15766 0.71244
0.15816 0.71249
0.15866 0.71255
0.15916 0.7126
0.15966 0.71265
0.16016 0.7127
0.16066 0.71275
0.16116 0.7128
0.16166 0.71285
0.16216 0.7129
0.16266 0.71295
0.16316 0.713
0.16366 0.71304
0.16416 0.71309
0.16466 0.71314
0.16517 0.71318
0.16567 0.71323
0.16617 0.71327
0.16667 0.71331
0.16717 0.71336
0.16767 0.7134
0.16817 0.71344
0.16867 0.71348
0.16917 0.71352
0.16967 0.71356
0.17017 0.71359
0.17067 0.71363
0.17117 0.71367
0.17167 0.7137
0.17217 0.71373
0.17267 0.71377
0.17317 0.7138
0.17367 0.71383
0.17417 0.71386
0.17467 0.71389
0.17518 0.71391
0.17568 0.71394
0.17618 0.71397
0.17668 0.71399
0.17718 0.71402
0.17768 0.71404
0.17818 0.71407
0.17868 0.71409
0.17918 0.71411
0.17968 0.71413
0.18018 0.71416
0.18068 0.71418
0.18118 0.7142
0.18168 0.71422
0.18218 0.71424
0.18268 0.71426
0.18318 0.71427
0.18368 0.71429
0.18418 0.71431
0.18468 0.71432
0.18519 0.71434
0.18569 0.71436
0.18619 0.71437
0.18669 0.71438
0.18719 0.7144
0.18769 0.71441
0.18819 0.71442
0.18869 0.71443
0.18919 0.71444
0.18969 0.71445
0.19019 0.71445
0.19069 0.71446
0.19119 0.71446
0.19169 0.71447
0.19219 0.71447
0.19269 0.71447
0.19319 0.71447
0.19369 0.71447
0.19419 0.71447
0.19469 0.71447
0.1952 0.71447
0.1957 0.71446
0.1962 0.71446
0.1967 0.71445
0.1972 0.71445
0.1977 0.71444
0.1982 0.71443
0.1987 0.71443
0.1992 0.71442
0.1997 0.71441
0.2002 0.7144
0.2007 0.71439
0.2012 0.71438
0.2017 0.71437
0.2022 0.71435
0.2027 0.71434
0.2032 0.71433
0.2037 0.71431
0.2042 0.7143
0.2047 0.71429
0.20521 0.71427
0.20571 0.71425
0.20621 0.71424
0.20671 0.71422
0.20721 0.7142
0.20771 0.71418
0.20821 0.71416
0.20871 0.71414
0.20921 0.71412
0.20971 0.71409
0.21021 0.71407
0.21071 0.71404
0.21121 0.71402
0.21171 0.71399
0.21221 0.71396
0.21271 0.71393
0.21321 0.7139
0.21371 0.71387
0.21421 0.71383
0.21471 0.7138
0.21522 0.71377
0.21572 0.71373
0.21622 0.71369
0.21672 0.71366
0.21722 0.71362
0.21772 0.71358
0.21822 0.71354
0.21872 0.7135
0.21922 0.71346
0.21972 0.71342
0.22022 0.71338
0.22072 0.71334
0.22122 0.71329
0.22172 0.71325
0.22222 0.71321
0.22272 0.71316
0.22322 0.71312
0.22372 0.71307
0.22422 0.71303
0.22472 0.71298
0.22523 0.71294
0.22573 0.71289
0.22623 0.71284
0.22673 0.71279
0.22723 0.71274
0.22773 0.71269
0.22823 0.71264
0.22873 0.71258
0.22923 0.71253
0.22973 0.71247
0.23023 0.71242
0.23073 0.71236
0.23123 0.7123
0.23173 0.71224
0.23223 0.71218
0.23273 0.71212
0.23323 0.71206
0.23373 0.71199
0.23423 0.71193
0.23473 0.71186
0.23524 0.7118
0.23574 0.71173
0.23624 0.71166
0.23674 0.71159
0.23724 0.71152
0.23774 0.71145
0.23824 0.71138
0.23874 0.71131
0.23924 0.71124
0.23974 0.71117
0.24024 0.71109
0.24074 0.71102
0.24124 0.71095
0.24174 0.71087
0.24224 0.7108
0.24274 0.71072
0.24324 0.71065
0.24374 0.71057
0.24424 0.7105
0.24474 0.71042
0.24525 0.71034
0.24575 0.71026
0.24625 0.71018
0.24675 0.7101
0.24725 0.71002
0.24775 0.70994
0.24825 0.70986
0.24875 0.70977
0.24925 0.70969
0.24975 0.7096
0.25025 0.70951
0.25075 0.70943
0.25125 0.70934
0.25175 0.70925
0.25225 0.70916
0.25275 0.70906
0.25325 0.70897
0.25375 0.70887
0.25425 0.70878
0.25475 0.70868
0.25526 0.70859
0.25576 0.70849
0.25626 0.70839
0.25676 0.70829
0.25726 0.70819
0.25776 0.70809
0.25826 0.70799
0.25876 0.70789
0.25926 0.70779
0.25976 0.70769
0.26026 0.70758
0.26076 0.70748
0.26126 0.70738
0.26176 0.70728
0.26226 0.70717
0.26276 0.70707
0.26326 0.70696
0.26376 0.70686
0.26426 0.70675
0.26476 0.70664
0.26527 0.70654
0.26577 0.70643
0.26627 0.70632
0.26677 0.70621
0.26727 0.7061
0.26777 0.70599
0.26827 0.70588
0.26877 0.70577
0.26927 0.70565
0.26977 0.70554
0.27027 0.70542
0.27077 0.7053
0.27127 0.70518
0.27177 0.70507
0.27227 0.70494
0.27277 0.70482
0.27327 0.7047
0.27377 0.70458
0.27427 0.70445
0.27477 0.70433
0.27528 0.7042
0.27578 0.70408
0.27628 0.70395
0.27678 0.70383
0.27728 0.7037
0.27778 0.70357
0.27828 0.70344
0.27878 0.70331
0.27928 0.70318
0.27978 0.70306
0.28028 0.70293
0.28078 0.7028
0.28128 0.70267
0.28178 0.70254
0.28228 0.70241
0.28278 0.70227
0.28328 0.70214
0.28378 0.70201
0.28428 0.70188
0.28478 0.70175
0.28529 0.70161
0.28579 0.70148
0.28629 0.70134
0.28679 0.70121
0.28729 0.70107
0.28779 0.70093
0.28829 0.70079
0.28879 0.70066
0.28929 0.70051
0.28979 0.70037
0.29029 0.70023
0.29079 0.70009
0.29129 0.69994
0.29179 0.6998
0.29229 0.69965
0.29279 0.6995
0.29329 0.69936
0.29379 0.69921
0.29429 0.69906
0.29479 0.69891
0.2953 0.69876
0.2958 0.69861
0.2963 0.69846
0.2968 0.6983
0.2973 0.69815
0.2978 0.698
0.2983 0.69785
0.2988 0.6977
0.2993 0.69754
0.2998 0.69739
0.3003 0.69724
0.3008 0.69708
0.3013 0.69693
0.3018 0.69678
0.3023 0.69662
0.3028 0.69647
0.3033 0.69631
0.3038 0.69616
0.3043 0.696
0.3048 0.69585
0.30531 0.69569
0.30581 0.69553
0.30631 0.69538
0.30681 0.69522
0.30731 0.69506
0.30781 0.6949
0.30831 0.69474
0.30881 0.69457
0.30931 0.69441
0.30981 0.69425
0.31031 0.69408
0.31081 0.69392
0.31131 0.69375
0.31181 0.69358
0.31231 0.69341
0.31281 0.69324
0.31331 0.69307
0.31381 0.6929
0.31431 0.69273
0.31481 0.69256
0.31532 0.69239
0.31582 0.69222
0.31632 0.69205
0.31682 0.69188
0.31732 0.6917
0.31782 0.69153
0.31832 0.69136
0.31882 0.69119
0.31932 0.69102
0.31982 0.69084
0.32032 0.69067
0.32082 0.6905
0.32132 0.69033
0.32182 0.69015
0.32232 0.68998
0.32282 0.68981
0.32332 0.68964
0.32382 0.68946
0.32432 0.68929
0.32482 0.68911
0.32533 0.68894
0.32583 0.68876
0.32633 0.68858
0.32683 0.68841
0.32733 0.68823
0.32783 0.68805
0.32833 0.68787
0.32883 0.68769
0.32933 0.68751
0.32983 0.68733
0.33033 0.68714
0.33083 0.68696
0.33133 0.68677
0.33183 0.68659
0.33233 0.6864
0.33283 0.68622
0.33333 0.68603
0.33383 0.68585
0.33433 0.68566
0.33483 0.68547
0.33534 0.68529
0.33584 0.6851
0.33634 0.68491
0.33684 0.68472
0.33734 0.68454
0.33784 0.68435
0.33834 0.68416
0.33884 0.68398
0.33934 0.68379
0.33984 0.68361
0.34034 0.68342
0.34084 0.68323
0.34134 0.68305
0.34184 0.68286
0.34234 0.68267
0.34284 0.68249
0.34334 0.6823
0.34384 0.68211
0.34434 0.68192
0.34484 0.68173
0.34535 0.68155
0.34585 0.68136
0.34635 0.68117
0.34685 0.68097
0.34735 0.68078
0.34785 0.68059
0.34835 0.6804
0.34885 0.6802
0.34935 0.68001
0.34985 0.67982
0.35035 0.67962
0.35085 0.67942
0.35135 0.67923
0.35185 0.67903
0.35235 0.67884
0.35285 0.67864
0.35335 0.67844
0.35385 0.67825
0.35435 0.67805
0.35485 0.67785
0.35536 0.67766
0.35586 0.67746
0.35636 0.67726
0.35686 0.67707
0.35736 0.67687
0.35786 0.67668
0.35836 0.67648
0.35886 0.67628
0.35936 0.67609
0.35986 0.67589
0.36036 0.6757
0.36086 0.6755
0.36136 0.67531
0.36186 0.67512
0.36236 0.67492
0.36286 0.67472
0.36336 0.67453
0.36386 0.67433
0.36436 0.67414
0.36486 0.67394
0.36537 0.67374
0.36587 0.67355
0.36637 0.67335
0.36687 0.67315
0.36737 0.67295
0.36787 0.67275
0.36837 0.67255
0.36887 0.67235
0.36937 0.67215
0.36987 0.67195
0.37037 0.67175
0.37087 0.67155
0.37137 0.67135
0.37187 0.67115
0.37237 0.67095
0.37287 0.67075
0.37337 0.67055
0.37387 0.67035
0.37437 0.67015
0.37487 0.66995
0.37538 0.66975
0.37588 0.66955
0.37638 0.66935
0.37688 0.66915
0.37738 0.66895
0.37788 0.66875
0.37838 0.66856
0.37888 0.66836
0.37938 0.66816
0.37988 0.66796
0.38038 0.66777
0.38088 0.66757
0.38138 0.66737
0.38188 0.66718
0.38238 0.66698
0.38288 0.66678
0.38338 0.66658
0.38388 0.66639
0.38438 0.66619
0.38488 0.66599
0.38539 0.66579
0.38589 0.6656
0.38639 0.6654
0.38689 0.6652
0.38739 0.665
0.38789 0.6648
0.38839 0.6646
0.38889 0.66441
0.38939 0.66421
0.38989 0.66401
0.39039 0.66381
0.39089 0.66361
0.39139 0.66341
0.39189 0.66321
0.39239 0.66302
0.39289 0.66282
0.39339 0.66262
0.39389 0.66242
0.39439 0.66223
0.39489 0.66203
0.3954 0.66184
0.3959 0.66164
0.3964 0.66144
0.3969 0.66125
0.3974 0.66106
0.3979 0.66086
0.3984 0.66067
0.3989 0.66047
0.3994 0.66028
0.3999 0.66009
0.4004 0.6599
0.4009 0.6597
0.4014 0.65951
0.4019 0.65932
0.4024 0.65913
0.4029 0.65894
0.4034 0.65875
0.4039 0.65855
0.4044 0.65836
0.4049 0.65817
0.40541 0.65798
0.40591 0.65779
0.40641 0.6576
0.40691 0.65741
0.40741 0.65722
0.40791 0.65703
0.40841 0.65684
0.40891 0.65665
0.40941 0.65646
0.40991 0.65627
0.41041 0.65608
0.41091 0.65589
0.41141 0.65571
0.41191 0.65552
0.41241 0.65533
0.41291 0.65514
0.41341 0.65496
0.41391 0.65477
0.41441 0.65459
0.41491 0.6544
0.41542 0.65422
0.41592 0.65403
0.41642 0.65385
0.41692 0.65366
0.41742 0.65348
0.41792 0.6533
0.41842 0.65312
0.41892 0.65293
0.41942 0.65275
0.41992 0.65257
0.42042 0.65239
0.42092 0.65221
0.42142 0.65203
0.42192 0.65185
0.42242 0.65168
0.42292 0.6515
0.42342 0.65132
0.42392 0.65114
0.42442 0.65097
0.42492 0.65079
0.42543 0.65062
0.42593 0.65044
0.42643 0.65027
0.42693 0.65009
0.42743 0.64992
0.42793 0.64975
0.42843 0.64958
0.42893 0.6494
0.42943 0.64923
0.42993 0.64906
0.43043 0.64889
0.43093 0.64872
0.43143 0.64855
0.43193 0.64838
0.43243 0.64821
0.43293 0.64804
0.43343 0.64787
0.43393 0.64771
0.43443 0.64754
0.43493 0.64737
0.43544 0.64721
0.43594 0.64704
0.43644 0.64687
0.43694 0.64671
0.43744 0.64655
0.43794 0.64638
0.43844 0.64622
0.43894 0.64606
0.43944 0.6459
0.43994 0.64574
0.44044 0.64558
0.44094 0.64542
0.44144 0.64526
0.44194 0.6451
0.44244 0.64495
0.44294 0.64479
0.44344 0.64464
0.44394 0.64449
0.44444 0.64434
0.44494 0.64418
0.44545 0.64403
0.44595 0.64388
0.44645 0.64373
0.44695 0.64359
0.44745 0.64344
0.44795 0.64329
0.44845 0.64314
0.44895 0.643
0.44945 0.64285
0.44995 0.64271
0.45045 0.64256
0.45095 0.64242
0.45145 0.64227
0.45195 0.64213
0.45245 0.64198
0.45295 0.64184
0.45345 0.6417
0.45395 0.64155
0.45445 0.64141
0.45495 0.64127
0.45546 0.64113
0.45596 0.64099
0.45646 0.64085
0.45696 0.64072
0.45746 0.64058
0.45796 0.64045
0.45846 0.64031
0.45896 0.64018
0.45946 0.64005
0.45996 0.63992
0.46046 0.63979
0.46096 0.63966
0.46146 0.63954
0.46196 0.63941
0.46246 0.63929
0.46296 0.63917
0.46346 0.63905
0.46396 0.63893
0.46446 0.63881
0.46496 0.63869
0.46547 0.63857
0.46597 0.63845
0.46647 0.63834
0.46697 0.63822
0.46747 0.63811
0.46797 0.63799
0.46847 0.63788
0.46897 0.63777
0.46947 0.63765
0.46997 0.63754
0.47047 0.63743
0.47097 0.63731
0.47147 0.6372
0.47197 0.63709
0.47247 0.63698
0.47297 0.63687
0.47347 0.63676
0.47397 0.63665
0.47447 0.63655
0.47497 0.63644
0.47548 0.63634
0.47598 0.63623
0.47648 0.63613
0.47698 0.63603
0.47748 0.63593
0.47798 0.63584
0.47848 0.63574
0.47898 0.63565
0.47948 0.63556
0.47998 0.63547
0.48048 0.63538
0.48098 0.63529
0.48148 0.63521
0.48198 0.63512
0.48248 0.63504
0.48298 0.63496
0.48348 0.63488
0.48398 0.6348
0.48448 0.63472
0.48498 0.63464
0.48549 0.63457
0.48599 0.63449
0.48649 0.63441
0.48699 0.63434
0.48749 0.63426
0.48799 0.63419
0.48849 0.63412
0.48899 0.63404
0.48949 0.63397
0.48999 0.6339
0.49049 0.63382
0.49099 0.63375
0.49149 0.63368
0.49199 0.63361
0.49249 0.63354
0.49299 0.63347
0.49349 0.63341
0.49399 0.63334
0.49449 0.63328
0.49499 0.63322
0.4955 0.63316
0.496 0.6331
0.4965 0.63305
0.497 0.633
0.4975 0.63295
0.498 0.6329
0.4985 0.63285
0.499 0.63281
0.4995 0.63276
0.5 0.63272
0.5005 0.63268
0.501 0.63264
0.5015 0.63261
0.502 0.63257
0.5025 0.63254
0.503 0.6325
0.5035 0.63247
0.504 0.63244
0.5045 0.63241
0.50501 0.63238
0.50551 0.63235
0.50601 0.63232
0.50651 0.63229
0.50701 0.63226
0.50751 0.63223
0.50801 0.6322
0.50851 0.63218
0.50901 0.63215
0.50951 0.63212
0.51001 0.6321
0.51051 0.63207
0.51101 0.63205
0.51151 0.63203
0.51201 0.63201
0.51251 0.632
0.51301 0.63198
0.51351 0.63197
0.51401 0.63196
0.51451 0.63195
0.51502 0.63194
0.51552 0.63194
0.51602 0.63194
0.51652 0.63194
0.51702 0.63194
0.51752 0.63195
0.51802 0.63195
0.51852 0.63196
0.51902 0.63197
0.51952 0.63199
0.52002 0.632
0.52052 0.63202
0.52102 0.63203
0.52152 0.63205
0.52202 0.63207
0.52252 0.63209
0.52302 0.63211
0.52352 0.63213
0.52402 0.63215
0.52452 0.63217
0.52503 0.63219
0.52553 0.63221
0.52603 0.63224
0.52653 0.63226
0.52703 0.63228
0.52753 0.63231
0.52803 0.63234
0.52853 0.63236
0.52903 0.63239
0.52953 0.63242
0.53003 0.63246
0.53053 0.63249
0.53103 0.63253
0.53153 0.63257
0.53203 0.63261
0.53253 0.63265
0.53303 0.6327
0.53353 0.63275
0.53403 0.6328
0.53453 0.63285
0.53504 0.63291
0.53554 0.63297
0.53604 0.63303
0.53654 0.63309
0.53704 0.63316
0.53754 0.63322
0.53804 0.63329
0.53854 0.63336
0.53904 0.63343
0.53954 0.6335
0.54004 0.63358
0.54054 0.63365
0.54104 0.63373
0.54154 0.6338
0.54204 0.63388
0.54254 0.63395
0.54304 0.63403
0.54354 0.63411
0.54404 0.63419
0.54454 0.63427
0.54505 0.63435
0.54555 0.63443
0.54605 0.63451
0.54655 0.6346
0.54705 0.63468
0.54755 0.63477
0.54805 0.63486
0.54855 0.63495
0.54905 0.63504
0.54955 0.63514
0.55005 0.63524
0.55055 0.63534
0.55105 0.63544
0.55155 0.63555
0.55205 0.63566
0.55255 0.63577
0.55305 0.63588
0.55355 0.636
0.55405 0.63612
0.55455 0.63624
0.55506 0.63636
0.55556 0.63648
0.55606 0.63661
0.55656 0.63674
0.55706 0.63687
0.55756 0.637
0.55806 0.63713
0.55856 0.63726
0.55906 0.63739
0.55956 0.63753
0.56006 0.63766
0.56056 0.6378
0.56106 0.63793
0.56156 0.63807
0.56206 0.63821
0.56256 0.63835
0.56306 0.63849
0.56356 0.63863
0.56406 0.63877
0.56456 0.63892
0.56507 0.63906
0.56557 0.63921
0.56607 0.63936
0.56657 0.63951
0.56707 0.63967
0.56757 0.63982
0.56807 0.63998
0.56857 0.64014
0.56907 0.64031
0.56957 0.64047
0.57007 0.64064
0.57057 0.64081
0.57107 0.64099
0.57157 0.64116
0.57207 0.64134
0.57257 0.64152
0.57307 0.64171
0.57357 0.64189
0.57407 0.64208
0.57457 0.64226
0.57508 0.64245
0.57558 0.64264
0.57608 0.64284
0.57658 0.64303
0.57708 0.64322
0.57758 0.64342
0.57808 0.64361
0.57858 0.64381
0.57908 0.64401
0.57958 0.6442
0.58008 0.6444
0.58058 0.6446
0.58108 0.64481
0.58158 0.64501
0.58208 0.64521
0.58258 0.64542
0.58308 0.64563
0.58358 0.64584
0.58408 0.64605
0.58458 0.64626
0.58509 0.64648
0.58559 0.6467
0.58609 0.64692
0.58659 0.64714
0.58709 0.64737
0.58759 0.64759
0.58809 0.64782
0.58859 0.64806
0.58909 0.64829
0.58959 0.64853
0.59009 0.64877
0.59059 0.64901
0.59109 0.64925
0.59159 0.6495
0.59209 0.64974
0.59259 0.64999
0.59309 0.65024
0.59359 0.65049
0.59409 0.65074
0.59459 0.651
0.5951 0.65125
0.5956 0.65151
0.5961 0.65176
0.5966 0.65202
0.5971 0.65228
0.5976 0.65254
0.5981 0.6528
0.5986 0.65306
0.5991 0.65332
0.5996 0.65359
0.6001 0.65386
0.6006 0.65412
0.6011 0.65439
0.6016 0.65466
0.6021 0.65494
0.6026 0.65521
0.6031 0.65549
0.6036 0.65577
0.6041 0.65605
0.6046 0.65633
0.60511 0.65662
0.60561 0.65691
0.60611 0.6572
0.60661 0.65749
0.60711 0.65779
0.60761 0.65808
0.60811 0.65838
0.60861 0.65868
0.60911 0.65898
0.60961 0.65929
0.61011 0.65959
0.61061 0.6599
0.61111 0.66021
0.61161 0.66052
0.61211 0.66083
0.61261 0.66114
0.61311 0.66145
0.61361 0.66177
0.61411 0.66208
0.61461 0.6624
0.61512 0.66272
0.61562 0.66304
0.61612 0.66336
0.61662 0.66368
0.61712 0.664
0.61762 0.66432
0.61812 0.66465
0.61862 0.66497
0.61912 0.6653
0.61962 0.66563
0.62012 0.66596
0.62062 0.6663
0.62112 0.66663
0.62162 0.66697
0.62212 0.66731
0.62262 0.66765
0.62312 0.66799
0.62362 0.66834
0.62412 0.66868
0.62462 0.66903
0.62513 0.66938
0.62563 0.66974
0.62613 0.67009
0.62663 0.67045
0.62713 0.6708
0.62763 0.67116
0.62813 0.67152
0.62863 0.67189
0.62913 0.67225
0.62963 0.67261
0.63013 0.67298
0.63063 0.67335
0.63113 0.67371
0.63163 0.67408
0.63213 0.67445
0.63263 0.67482
0.63313 0.6752
0.63363 0.67557
0.63413 0.67594
0.63463 0.67632
0.63514 0.67669
0.63564 0.67707
0.63614 0.67745
0.63664 0.67783
0.63714 0.67821
0.63764 0.67859
0.63814 0.67898
0.63864 0.67936
0.63914 0.67975
0.63964 0.68014
0.64014 0.68053
0.64064 0.68092
0.64114 0.68132
0.64164 0.68171
0.64214 0.68211
0.64264 0.68251
0.64314 0.68291
0.64364 0.68332
0.64414 0.68372
0.64464 0.68413
0.64515 0.68453
0.64565 0.68494
0.64615 0.68535
0.64665 0.68576
0.64715 0.68617
0.64765 0.68659
0.64815 0.687
0.64865 0.68742
0.64915 0.68783
0.64965 0.68825
0.65015 0.68866
0.65065 0.68908
0.65115 0.6895
0.65165 0.68992
0.65215 0.69034
0.65265 0.69076
0.65315 0.69118
0.65365 0.69161
0.65415 0.69203
0.65465 0.69245
0.65516 0.69288
0.65566 0.69331
0.65616 0.69374
0.65666 0.69417
0.65716 0.6946
0.65766 0.69503
0.65816 0.69547
0.65866 0.6959
0.65916 0.69634
0.65966 0.69678
0.66016 0.69722
0.66066 0.69766
0.66116 0.6981
0.66166 0.69855
0.66216 0.69899
0.66266 0.69944
0.66316 0.69989
0.66366 0.70034
0.66416 0.70079
0.66466 0.70124
0.66517 0.70169
0.66567 0.70214
0.66617 0.70259
0.66667 0.70304
0.66717 0.70349
0.66767 0.70395
0.66817 0.7044
0.66867 0.70486
0.66917 0.70531
0.66967 0.70576
0.67017 0.70622
0.67067 0.70668
0.67117 0.70713
0.67167 0.70759
0.67217 0.70805
0.67267 0.70851
0.67317 0.70897
0.67367 0.70943
0.67417 0.70989
0.67467 0.71035
0.67518 0.71082
0.67568 0.71128
0.67618 0.71175
0.67668 0.71222
0.67718 0.71269
0.67768 0.71316
0.67818 0.71363
0.67868 0.7141
0.67918 0.71457
0.67968 0.71505
0.68018 0.71552
0.68068 0.71599
0.68118 0.71647
0.68168 0.71694
0.68218 0.71742
0.68268 0.71789
0.68318 0.71837
0.68368 0.71885
0.68418 0.71932
0.68468 0.7198
0.68519 0.72027
0.68569 0.72075
0.68619 0.72122
0.68669 0.7217
0.68719 0.72218
0.68769 0.72265
0.68819 0.72313
0.68869 0.72361
0.68919 0.72408
0.68969 0.72456
0.69019 0.72504
0.69069 0.72552
0.69119 0.72599
0.69169 0.72647
0.69219 0.72695
0.69269 0.72744
0.69319 0.72792
0.69369 0.7284
0.69419 0.72888
0.69469 0.72937
0.6952 0.72985
0.6957 0.73033
0.6962 0.73082
0.6967 0.7313
0.6972 0.73179
0.6977 0.73227
0.6982 0.73276
0.6987 0.73324
0.6992 0.73372
0.6997 0.73421
0.7002 0.73469
0.7007 0.73517
0.7012 0.73565
0.7017 0.73613
0.7022 0.73662
0.7027 0.73709
0.7032 0.73757
0.7037 0.73805
0.7042 0.73853
0.7047 0.73901
0.70521 0.73949
0.70571 0.73997
0.70621 0.74044
0.70671 0.74092
0.70721 0.7414
0.70771 0.74188
0.70821 0.74235
0.70871 0.74283
0.70921 0.74331
0.70971 0.74378
0.71021 0.74426
0.71071 0.74474
0.71121 0.74522
0.71171 0.74569
0.71221 0.74617
0.71271 0.74665
0.71321 0.74712
0.71371 0.7476
0.71421 0.74807
0.71471 0.74854
0.71522 0.74901
0.71572 0.74949
0.71622 0.74996
0.71672 0.75042
0.71722 0.75089
0.71772 0.75136
0.71822 0.75182
0.71872 0.75229
0.71922 0.75275
0.71972 0.75321
0.72022 0.75367
0.72072 0.75413
0.72122 0.75459
0.72172 0.75504
0.72222 0.7555
0.72272 0.75595
0.72322 0.75641
0.72372 0.75686
0.72422 0.75731
0.72472 0.75776
0.72523 0.75821
0.72573 0.75866
0.72623 0.75911
0.72673 0.75956
0.72723 0.76001
0.72773 0.76045
0.72823 0.7609
0.72873 0.76134
0.72923 0.76178
0.72973 0.76222
0.73023 0.76266
0.73073 0.7631
0.73123 0.76354
0.73173 0.76397
0.73223 0.7644
0.73273 0.76483
0.73323 0.76526
0.73373 0.76568
0.73423 0.7661
0.73473 0.76652
0.73524 0.76694
0.73574 0.76736
0.73624 0.76777
0.73674 0.76818
0.73724 0.76859
0.73774 0.769
0.73824 0.76941
0.73874 0.76981
0.73924 0.77022
0.73974 0.77062
0.74024 0.77102
0.74074 0.77141
0.74124 0.77181
0.74174 0.7722
0.74224 0.77259
0.74274 0.77298
0.74324 0.77337
0.74374 0.77375
0.74424 0.77414
0.74474 0.77452
0.74525 0.7749
0.74575 0.77527
0.74625 0.77564
0.74675 0.77601
0.74725 0.77638
0.74775 0.77674
0.74825 0.7771
0.74875 0.77746
0.74925 0.77782
0.74975 0.77817
0.75025 0.77852
0.75075 0.77886
0.75125 0.7792
0.75175 0.77954
0.75225 0.77988
0.75275 0.78021
0.75325 0.78054
0.75375 0.78086
0.75425 0.78119
0.75475 0.78151
0.75526 0.78182
0.75576 0.78214
0.75626 0.78245
0.75676 0.78276
0.75726 0.78306
0.75776 0.78337
0.75826 0.78366
0.75876 0.78396
0.75926 0.78425
0.75976 0.78454
0.76026 0.78483
0.76076 0.78511
0.76126 0.78539
0.76176 0.78566
0.76226 0.78593
0.76276 0.7862
0.76326 0.78646
0.76376 0.78672
0.76426 0.78697
0.76476 0.78722
0.76527 0.78747
0.76577 0.78771
0.76627 0.78795
0.76677 0.78818
0.76727 0.78841
0.76777 0.78863
0.76827 0.78885
0.76877 0.78907
0.76927 0.78928
0.76977 0.78948
0.77027 0.78969
0.77077 0.78989
0.77127 0.79008
0.77177 0.79027
0.77227 0.79046
0.77277 0.79064
0.77327 0.79082
0.77377 0.791
0.77427 0.79116
0.77477 0.79133
0.77528 0.79149
0.77578 0.79165
0.77628 0.7918
0.77678 0.79195
0.77728 0.79209
0.77778 0.79223
0.77828 0.79236
0.77878 0.79249
0.77928 0.79261
0.77978 0.79272
0.78028 0.79284
0.78078 0.79294
0.78128 0.79304
0.78178 0.79314
0.78228 0.79323
0.78278 0.79331
0.78328 0.79339
0.78378 0.79347
0.78428 0.79354
0.78478 0.7936
0.78529 0.79366
0.78579 0.79372
0.78629 0.79377
0.78679 0.79381
0.78729 0.79385
0.78779 0.79389
0.78829 0.79392
0.78879 0.79394
0.78929 0.79396
0.78979 0.79398
0.79029 0.79399
0.79079 0.79399
0.79129 0.79399
0.79179 0.79399
0.79229 0.79398
0.79279 0.79396
0.79329 0.79394
0.79379 0.79391
0.79429 0.79388
0.79479 0.79384
0.7953 0.79379
0.7958 0.79374
0.7963 0.79368
0.7968 0.79362
0.7973 0.79355
0.7978 0.79347
0.7983 0.79339
0.7988 0.79331
0.7993 0.79322
0.7998 0.79312
0.8003 0.79302
0.8008 0.79291
0.8013 0.7928
0.8018 0.79268
0.8023 0.79256
0.8028 0.79243
0.8033 0.7923
0.8038 0.79216
0.8043 0.79202
0.8048 0.79187
0.80531 0.79171
0.80581 0.79155
0.80631 0.79139
0.80681 0.79122
0.80731 0.79105
0.80781 0.79087
0.80831 0.79068
0.80881 0.79049
0.80931 0.79029
0.80981 0.79009
0.81031 0.78988
0.81081 0.78967
0.81131 0.78945
0.81181 0.78923
0.81231 0.789
0.81281 0.78877
0.81331 0.78853
0.81381 0.78829
0.81431 0.78804
0.81481 0.78779
0.81532 0.78753
0.81582 0.78726
0.81632 0.78699
0.81682 0.78672
0.81732 0.78644
0.81782 0.78615
0.81832 0.78586
0.81882 0.78557
0.81932 0.78527
0.81982 0.78497
0.82032 0.78466
0.82082 0.78434
0.82132 0.78403
0.82182 0.7837
0.82232 0.78337
0.82282 0.78304
0.82332 0.78271
0.82382 0.78237
0.82432 0.78202
0.82482 0.78167
0.82533 0.78132
0.82583 0.78096
0.82633 0.7806
0.82683 0.78023
0.82733 0.77986
0.82783 0.77949
0.82833 0.77911
0.82883 0.77873
0.82933 0.77834
0.82983 0.77795
0.83033 0.77756
0.83083 0.77716
0.83133 0.77676
0.83183 0.77635
0.83233 0.77595
0.83283 0.77553
0.83333 0.77512
0.83383 0.7747
0.83433 0.77428
0.83483 0.77385
0.83534 0.77343
0.83584 0.773
0.83634 0.77256
0.83684 0.77212
0.83734 0.77168
0.83784 0.77124
0.83834 0.77079
0.83884 0.77035
0.83934 0.76989
0.83984 0.76944
0.84034 0.76898
0.84084 0.76852
0.84134 0.76806
0.84184 0.76759
0.84234 0.76713
0.84284 0.76666
0.84334 0.76619
0.84384 0.76571
0.84434 0.76523
0.84484 0.76475
0.84535 0.76427
0.84585 0.76379
0.84635 0.76331
0.84685 0.76282
0.84735 0.76233
0.84785 0.76184
0.84835 0.76135
0.84885 0.76085
0.84935 0.76035
0.84985 0.75986
0.85035 0.75936
0.85085 0.75886
0.85135 0.75835
0.85185 0.75785
0.85235 0.75735
0.85285 0.75684
0.85335 0.75633
0.85385 0.75582
0.85435 0.75532
0.85485 0.7548
0.85536 0.75429
0.85586 0.75378
0.85636 0.75327
0.85686 0.75276
0.85736 0.75224
0.85786 0.75173
0.85836 0.75121
0.85886 0.7507
0.85936 0.75018
0.85986 0.74966
0.86036 0.74915
0.86086 0.74863
0.86136 0.74811
0.86186 0.7476
0.86236 0.74708
0.86286 0.74656
0.86336 0.74605
0.86386 0.74553
0.86436 0.74501
0.86486 0.7445
0.86537 0.74398
0.86587 0.74347
0.86637 0.74295
0.86687 0.74244
0.86737 0.74192
0.86787 0.74141
0.86837 0.74089
0.86887 0.74038
0.86937 0.73987
0.86987 0.73936
0.87037 0.73885
0.87087 0.73834
0.87137 0.73783
0.87187 0.73732
0.87237 0.73682
0.87287 0.73631
0.87337 0.7358
0.87387 0.7353
0.87437 0.7348
0.87487 0.7343
0.87538 0.73379
0.87588 0.73329
0.87638 0.7328
0.87688 0.7323
0.87738 0.7318
0.87788 0.73131
0.87838 0.73081
0.87888 0.73032
0.87938 0.72983
0.87988 0.72934
0.88038 0.72886
0.88088 0.72837
0.88138 0.72788
0.88188 0.7274
0.88238 0.72692
0.88288 0.72644
0.88338 0.72596
0.88388 0.72549
0.88438 0.72501
0.88488 0.72454
0.88539 0.72407
0.88589 0.7236
0.88639 0.72313
0.88689 0.72267
0.88739 0.7222
0.88789 0.72174
0.88839 0.72128
0.88889 0.72083
0.88939 0.72037
0.88989 0.71992
0.89039 0.71947
0.89089 0.71902
0.89139 0.71858
0.89189 0.71813
0.89239 0.71769
0.89289 0.71725
0.89339 0.71681
0.89389 0.71638
0.89439 0.71595
0.89489 0.71552
0.8954 0.71509
0.8959 0.71467
0.8964 0.71424
0.8969 0.71382
0.8974 0.71341
0.8979 0.71299
0.8984 0.71258
0.8989 0.71217
0.8994 0.71176
0.8999 0.71136
0.9004 0.71096
0.9009 0.71056
0.9014 0.71016
0.9019 0.70976
0.9024 0.70937
0.9029 0.70898
0.9034 0.7086
0.9039 0.70821
0.9044 0.70783
0.9049 0.70745
0.90541 0.70708
0.90591 0.7067
0.90641 0.70633
0.90691 0.70596
0.90741 0.7056
0.90791 0.70523
0.90841 0.70487
0.90891 0.70451
0.90941 0.70416
0.90991 0.70381
0.91041 0.70346
0.91091 0.70311
0.91141 0.70277
0.91191 0.70242
0.91241 0.70208
0.91291 0.70175
0.91341 0.70141
0.91391 0.70108
0.91441 0.70075
0.91491 0.70043
0.91542 0.7001
0.91592 0.69978
0.91642 0.69947
0.91692 0.69915
0.91742 0.69884
0.91792 0.69853
0.91842 0.69823
0.91892 0.69792
0.91942 0.69762
0.91992 0.69732
0.92042 0.69703
0.92092 0.69674
0.92142 0.69645
0.92192 0.69616
0.92242 0.69588
0.92292 0.6956
0.92342 0.69532
0.92392 0.69504
0.92442 0.69477
0.92492 0.6945
0.92543 0.69423
0.92593 0.69397
0.92643 0.69371
0.92693 0.69345
0.92743 0.69319
0.92793 0.69294
0.92843 0.69269
0.92893 0.69245
0.92943 0.6922
0.92993 0.69196
0.93043 0.69172
0.93093 0.69148
0.93143 0.69125
0.93193 0.69102
0.93243 0.69079
0.93293 0.69057
0.93343 0.69034
0.93393 0.69012
0.93443 0.68991
0.93493 0.68969
0.93544 0.68948
0.93594 0.68927
0.93644 0.68906
0.93694 0.68886
0.93744 0.68866
0.93794 0.68846
0.93844 0.68826
0.93894 0.68807
0.93944 0.68787
0.93994 0.68769
0.94044 0.6875
0.94094 0.68731
0.94144 0.68713
0.94194 0.68695
0.94244 0.68678
0.94294 0.6866
0.94344 0.68643
0.94394 0.68626
0.94444 0.6861
0.94494 0.68593
0.94545 0.68577
0.94595 0.68561
0.94645 0.68545
0.94695 0.6853
0.94745 0.68515
0.94795 0.685
0.94845 0.68485
0.94895 0.68471
0.94945 0.68457
0.94995 0.68443
0.95045 0.68429
0.95095 0.68416
0.95145 0.68403
0.95195 0.6839
0.95245 0.68377
0.95295 0.68364
0.95345 0.68352
0.95395 0.6834
0.95445 0.68329
0.95495 0.68317
0.95546 0.68306
0.95596 0.68295
0.95646 0.68284
0.95696 0.68273
0.95746 0.68263
0.95796 0.68253
0.95846 0.68243
0.95896 0.68233
0.95946 0.68224
0.95996 0.68215
0.96046 0.68206
0.96096 0.68197
0.96146 0.68188
0.96196 0.6818
0.96246 0.68172
0.96296 0.68164
0.96346 0.68156
0.96396 0.68149
0.96446 0.68141
0.96496 0.68134
0.96547 0.68127
0.96597 0.68121
0.96647 0.68114
0.96697 0.68108
0.96747 0.68101
0.96797 0.68096
0.96847 0.6809
0.96897 0.68084
0.96947 0.68079
0.96997 0.68074
0.97047 0.68069
0.97097 0.68064
0.97147 0.68059
0.97197 0.68055
0.97247 0.6805
0.97297 0.68046
0.97347 0.68043
0.97397 0.68039
0.97447 0.68035
0.97497 0.68032
0.97548 0.68029
0.97598 0.68026
0.97648 0.68023
0.97698 0.68021
0.97748 0.68018
0.97798 0.68016
0.97848 0.68014
0.97898 0.68012
0.97948 0.68011
0.97998 0.68009
0.98048 0.68008
0.98098 0.68007
0.98148 0.68006
0.98198 0.68005
0.98248 0.68005
0.98298 0.68004
0.98348 0.68004
0.98398 0.68004
0.98448 0.68004
0.98498 0.68005
0.98549 0.68005
0.98599 0.68006
0.98649 0.68006
0.98699 0.68007
0.98749 0.68008
0.98799 0.68009
0.98849 0.68011
0.98899 0.68012
0.98949 0.68014
0.98999 0.68016
0.99049 0.68018
0.99099 0.6802
0.99149 0.68022
0.99199 0.68024
0.99249 0.68027
0.99299 0.68029
0.99349 0.68032
0.99399 0.68035
0.99449 0.68038
0.99499 0.68041
0.9955 0.68044
0.996 0.68048
0.9965 0.68051
0.997 0.68055
0.9975 0.68058
0.998 0.68062
0.9985 0.68066
0.999 0.6807
0.9995 0.68075
1 0.68079
