time energy 
0 0.46649
0.0005005 0.46648
0.001001 0.46648
0.0015015 0.46649
0.002002 0.46652
0.0025025 0.46656
0.003003 0.46661
0.0035035 0.46668
0.004004 0.46676
0.0045045 0.46685
0.005005 0.46696
0.0055055 0.46708
0.006006 0.46721
0.0065065 0.46736
0.007007 0.46751
0.0075075 0.46768
0.008008 0.46787
0.0085085 0.46806
0.009009 0.46827
0.0095095 0.46848
0.01001 0.46871
0.010511 0.46895
0.011011 0.46921
0.011512 0.46947
0.012012 0.46974
0.012513 0.47003
0.013013 0.47032
0.013514 0.47063
0.014014 0.47094
0.014515 0.47126
0.015015 0.47159
0.015516 0.47193
0.016016 0.47228
0.016517 0.47263
0.017017 0.47299
0.017518 0.47336
0.018018 0.47374
0.018519 0.47412
0.019019 0.4745
0.01952 0.47489
0.02002 0.47528
0.020521 0.47568
0.021021 0.47608
0.021522 0.47649
0.022022 0.47689
0.022523 0.4773
0.023023 0.47771
0.023524 0.47812
0.024024 0.47853
0.024525 0.47894
0.025025 0.47934
0.025526 0.47975
0.026026 0.48015
0.026527 0.48055
0.027027 0.48094
0.027528 0.48133
0.028028 0.48172
0.028529 0.4821
0.029029 0.48247
0.02953 0.48284
0.03003 0.4832
0.030531 0.48354
0.031031 0.48389
0.031532 0.48422
0.032032 0.48454
0.032533 0.48485
0.033033 0.48514
0.033534 0.48543
0.034034 0.4857
0.034535 0.48596
0.035035 0.4862
0.035536 0.48643
0.036036 0.48664
0.036537 0.48684
0.037037 0.48702
0.037538 0.48718
0.038038 0.48733
0.038539 0.48745
0.039039 0.48756
0.03954 0.48765
0.04004 0.48772
0.040541 0.48776
0.041041 0.48779
0.041542 0.48779
0.042042 0.48778
0.042543 0.48774
0.043043 0.48767
0.043544 0.48759
0.044044 0.48748
0.044545 0.48734
0.045045 0.48719
0.045546 0.487
0.046046 0.4868
0.046547 0.48657
0.047047 0.48631
0.047548 0.48603
0.048048 0.48572
0.048549 0.48539
0.049049 0.48503
0.04955 0.48465
0.05005 0.48424
0.050551 0.4838
0.051051 0.48335
0.051552 0.48286
0.052052 0.48235
0.052553 0.48182
0.053053 0.48126
0.053554 0.48067
0.054054 0.48007
0.054555 0.47944
0.055055 0.47878
0.055556 0.4781
0.056056 0.4774
0.056557 0.47668
0.057057 0.47593
0.057558 0.47517
0.058058 0.47438
0.058559 0.47357
0.059059 0.47275
0.05956 0.4719
0.06006 0.47103
0.060561 0.47015
0.061061 0.46925
0.061562 0.46834
0.062062 0.4674
0.062563 0.46646
0.063063 0.4655
0.063564 0.46452
0.064064 0.46353
0.064565 0.46254
0.065065 0.46153
0.065566 0.46051
0.066066 0.45948
0.066567 0.45844
0.067067 0.45739
0.067568 0.45634
0.068068 0.45529
0.068569 0.45422
0.069069 0.45316
0.06957 0.45209
0.07007 0.45102
0.070571 0.44995
0.071071 0.44888
0.071572 0.44781
0.072072 0.44674
0.072573 0.44568
0.073073 0.44462
0.073574 0.44357
0.074074 0.44252
0.074575 0.44148
0.075075 0.44045
0.075576 0.43942
0.076076 0.43841
0.076577 0.43741
0.077077 0.43642
0.077578 0.43544
0.078078 0.43448
0.078579 0.43354
0.079079 0.43261
0.07958 0.43169
0.08008 0.4308
0.080581 0.42993
0.081081 0.42907
0.081582 0.42824
0.082082 0.42743
0.082583 0.42664
0.083083 0.42587
0.083584 0.42513
0.084084 0.42442
0.084585 0.42373
0.085085 0.42307
0.085586 0.42243
0.086086 0.42183
0.086587 0.42126
0.087087 0.42071
0.087588 0.4202
0.088088 0.41972
0.088589 0.41927
0.089089 0.41885
0.08959 0.41847
0.09009 0.41812
0.090591 0.41781
0.091091 0.41753
0.091592 0.41728
0.092092 0.41708
0.092593 0.4169
0.093093 0.41677
0.093594 0.41667
0.094094 0.41661
0.094595 0.41659
0.095095 0.4166
0.095596 0.41665
0.096096 0.41674
0.096597 0.41687
0.097097 0.41703
0.097598 0.41723
0.098098 0.41747
0.098599 0.41775
0.099099 0.41806
0.0996 0.41841
0.1001 0.4188
0.1006 0.41923
0.1011 0.41969
0.1016 0.42018
0.1021 0.42071
0.1026 0.42128
0.1031 0.42188
0.1036 0.42251
0.1041 0.42318
0.1046 0.42388
0.10511 0.42461
0.10561 0.42537
0.10611 0.42616
0.10661 0.42698
0.10711 0.42783
0.10761 0.42871
0.10811 0.42961
0.10861 0.43054
0.10911 0.4315
0.10961 0.43248
0.11011 0.43348
0.11061 0.4345
0.11111 0.43554
0.11161 0.4366
0.11211 0.43768
0.11261 0.43877
0.11311 0.43988
0.11361 0.44101
0.11411 0.44214
0.11461 0.44329
0.11512 0.44445
0.11562 0.44561
0.11612 0.44678
0.11662 0.44796
0.11712 0.44914
0.11762 0.45032
0.11812 0.45151
0.11862 0.45269
0.11912 0.45387
0.11962 0.45504
0.12012 0.45621
0.12062 0.45737
0.12112 0.45853
0.12162 0.45967
0.12212 0.4608
0.12262 0.46192
0.12312 0.46302
0.12362 0.4641
0.12412 0.46517
0.12462 0.46622
0.12513 0.46724
0.12563 0.46824
0.12613 0.46921
0.12663 0.47016
0.12713 0.47108
0.12763 0.47198
0.12813 0.47284
0.12863 0.47366
0.12913 0.47446
0.12963 0.47522
0.13013 0.47594
0.13063 0.47663
0.13113 0.47727
0.13163 0.47788
0.13213 0.47845
0.13263 0.47897
0.13313 0.47945
0.13363 0.47988
0.13413 0.48027
0.13463 0.48062
0.13514 0.48091
0.13564 0.48116
0.13614 0.48136
0.13664 0.48151
0.13714 0.48161
0.13764 0.48166
0.13814 0.48165
0.13864 0.4816
0.13914 0.48149
0.13964 0.48133
0.14014 0.48112
0.14064 0.48085
0.14114 0.48053
0.14164 0.48016
0.14214 0.47973
0.14264 0.47925
0.14314 0.47872
0.14364 0.47814
0.14414 0.4775
0.14464 0.47681
0.14515 0.47606
0.14565 0.47527
0.14615 0.47443
0.14665 0.47353
0.14715 0.47259
0.14765 0.47159
0.14815 0.47055
0.14865 0.46947
0.14915 0.46834
0.14965 0.46716
0.15015 0.46594
0.15065 0.46468
0.15115 0.46339
0.15165 0.46205
0.15215 0.46067
0.15265 0.45926
0.15315 0.45782
0.15365 0.45635
0.15415 0.45485
0.15465 0.45331
0.15516 0.45176
0.15566 0.45018
0.15616 0.44858
0.15666 0.44696
0.15716 0.44532
0.15766 0.44367
0.15816 0.44201
0.15866 0.44034
0.15916 0.43866
0.15966 0.43698
0.16016 0.43529
0.16066 0.43361
0.16116 0.43192
0.16166 0.43025
0.16216 0.42858
0.16266 0.42692
0.16316 0.42527
0.16366 0.42364
0.16416 0.42203
0.16466 0.42044
0.16517 0.41887
0.16567 0.41733
0.16617 0.41582
0.16667 0.41434
0.16717 0.41289
0.16767 0.41148
0.16817 0.41011
0.16867 0.40878
0.16917 0.4075
0.16967 0.40626
0.17017 0.40507
0.17067 0.40394
0.17117 0.40286
0.17167 0.40184
0.17217 0.40088
0.17267 0.39999
0.17317 0.39916
0.17367 0.3984
0.17417 0.39771
0.17467 0.3971
0.17518 0.39656
0.17568 0.3961
0.17618 0.39573
0.17668 0.39544
0.17718 0.39524
0.17768 0.39512
0.17818 0.3951
0.17868 0.39517
0.17918 0.39533
0.17968 0.3956
0.18018 0.39596
0.18068 0.39642
0.18118 0.39698
0.18168 0.39765
0.18218 0.39842
0.18268 0.3993
0.18318 0.40029
0.18368 0.40138
0.18418 0.40258
0.18468 0.40389
0.18519 0.40531
0.18569 0.40683
0.18619 0.40847
0.18669 0.41021
0.18719 0.41207
0.18769 0.41403
0.18819 0.4161
0.18869 0.41828
0.18919 0.42057
0.18969 0.42296
0.19019 0.42546
0.19069 0.42806
0.19119 0.43077
0.19169 0.43359
0.19219 0.43651
0.19269 0.43953
0.19319 0.44265
0.19369 0.44588
0.19419 0.44921
0.19469 0.45264
0.1952 0.45616
0.1957 0.45979
0.1962 0.46351
0.1967 0.46733
0.1972 0.47124
0.1977 0.47525
0.1982 0.47935
0.1987 0.48354
0.1992 0.48781
0.1997 0.49218
0.2002 0.49662
0.2007 0.50115
0.2012 0.50576
0.2017 0.51044
0.2022 0.51519
0.2027 0.52
0.2032 0.52488
0.2037 0.52982
0.2042 0.53481
0.2047 0.53985
0.20521 0.54493
0.20571 0.55005
0.20621 0.5552
0.20671 0.56037
0.20721 0.56557
0.20771 0.57078
0.20821 0.57599
0.20871 0.58121
0.20921 0.58643
0.20971 0.59163
0.21021 0.59683
0.21071 0.602
0.21121 0.60715
0.21171 0.61227
0.21221 0.61736
0.21271 0.62241
0.21321 0.62742
0.21371 0.63239
0.21421 0.63732
0.21471 0.64219
0.21522 0.64702
0.21572 0.65179
0.21622 0.65651
0.21672 0.66118
0.21722 0.66578
0.21772 0.67033
0.21822 0.67482
0.21872 0.67925
0.21922 0.68361
0.21972 0.68792
0.22022 0.69216
0.22072 0.69634
0.22122 0.70046
0.22172 0.70451
0.22222 0.70849
0.22272 0.71241
0.22322 0.71626
0.22372 0.72005
0.22422 0.72377
0.22472 0.72742
0.22523 0.73101
0.22573 0.73452
0.22623 0.73797
0.22673 0.74135
0.22723 0.74465
0.22773 0.74789
0.22823 0.75106
0.22873 0.75416
0.22923 0.75718
0.22973 0.76014
0.23023 0.76302
0.23073 0.76584
0.23123 0.76858
0.23173 0.77125
0.23223 0.77385
0.23273 0.77637
0.23323 0.77883
0.23373 0.78121
0.23423 0.78352
0.23473 0.78576
0.23524 0.78793
0.23574 0.79003
0.23624 0.79206
0.23674 0.79401
0.23724 0.7959
0.23774 0.79772
0.23824 0.79947
0.23874 0.80115
0.23924 0.80276
0.23974 0.80431
0.24024 0.80579
0.24074 0.8072
0.24124 0.80855
0.24174 0.80984
0.24224 0.81106
0.24274 0.81222
0.24324 0.81331
0.24374 0.81435
0.24424 0.81533
0.24474 0.81625
0.24525 0.81711
0.24575 0.81791
0.24625 0.81866
0.24675 0.81936
0.24725 0.82
0.24775 0.82059
0.24825 0.82114
0.24875 0.82163
0.24925 0.82207
0.24975 0.82247
0.25025 0.82283
0.25075 0.82314
0.25125 0.82341
0.25175 0.82364
0.25225 0.82383
0.25275 0.82398
0.25325 0.8241
0.25375 0.82418
0.25425 0.82422
0.25475 0.82424
0.25526 0.82423
0.25576 0.82419
0.25626 0.82412
0.25676 0.82402
0.25726 0.8239
0.25776 0.82376
0.25826 0.8236
0.25876 0.82342
0.25926 0.82322
0.25976 0.823
0.26026 0.82277
0.26076 0.82252
0.26126 0.82226
0.26176 0.82199
0.26226 0.82172
0.26276 0.82143
0.26326 0.82114
0.26376 0.82084
0.26426 0.82054
0.26476 0.82023
0.26527 0.81993
0.26577 0.81962
0.26627 0.81932
0.26677 0.81901
0.26727 0.81871
0.26777 0.81842
0.26827 0.81813
0.26877 0.81785
0.26927 0.81758
0.26977 0.81731
0.27027 0.81706
0.27077 0.81681
0.27127 0.81658
0.27177 0.81636
0.27227 0.81615
0.27277 0.81596
0.27327 0.81578
0.27377 0.81562
0.27427 0.81548
0.27477 0.81535
0.27528 0.81524
0.27578 0.81515
0.27628 0.81507
0.27678 0.81502
0.27728 0.81498
0.27778 0.81497
0.27828 0.81498
0.27878 0.815
0.27928 0.81505
0.27978 0.81512
0.28028 0.81521
0.28078 0.81532
0.28128 0.81546
0.28178 0.81561
0.28228 0.81579
0.28278 0.81599
0.28328 0.81621
0.28378 0.81646
0.28428 0.81672
0.28478 0.81701
0.28529 0.81732
0.28579 0.81765
0.28629 0.818
0.28679 0.81837
0.28729 0.81876
0.28779 0.81918
0.28829 0.81961
0.28879 0.82006
0.28929 0.82053
0.28979 0.82102
0.29029 0.82153
0.29079 0.82206
0.29129 0.8226
0.29179 0.82316
0.29229 0.82374
0.29279 0.82433
0.29329 0.82493
0.29379 0.82555
0.29429 0.82619
0.29479 0.82684
0.2953 0.8275
0.2958 0.82817
0.2963 0.82885
0.2968 0.82954
0.2973 0.83025
0.2978 0.83096
0.2983 0.83168
0.2988 0.83241
0.2993 0.83314
0.2998 0.83388
0.3003 0.83463
0.3008 0.83538
0.3013 0.83613
0.3018 0.83689
0.3023 0.83765
0.3028 0.83841
0.3033 0.83917
0.3038 0.83993
0.3043 0.84069
0.3048 0.84145
0.30531 0.84221
0.30581 0.84296
0.30631 0.84371
0.30681 0.84446
0.30731 0.8452
0.30781 0.84593
0.30831 0.84666
0.30881 0.84738
0.30931 0.8481
0.30981 0.8488
0.31031 0.8495
0.31081 0.85019
0.31131 0.85087
0.31181 0.85154
0.31231 0.85219
0.31281 0.85284
0.31331 0.85347
0.31381 0.85409
0.31431 0.8547
0.31481 0.85529
0.31532 0.85587
0.31582 0.85644
0.31632 0.85699
0.31682 0.85752
0.31732 0.85805
0.31782 0.85855
0.31832 0.85904
0.31882 0.85951
0.31932 0.85997
0.31982 0.86041
0.32032 0.86083
0.32082 0.86124
0.32132 0.86163
0.32182 0.862
0.32232 0.86236
0.32282 0.86269
0.32332 0.86301
0.32382 0.86332
0.32432 0.8636
0.32482 0.86387
0.32533 0.86412
0.32583 0.86435
0.32633 0.86457
0.32683 0.86477
0.32733 0.86495
0.32783 0.86511
0.32833 0.86526
0.32883 0.86539
0.32933 0.86551
0.32983 0.86561
0.33033 0.86569
0.33083 0.86576
0.33133 0.86581
0.33183 0.86585
0.33233 0.86587
0.33283 0.86588
0.33333 0.86587
0.33383 0.86585
0.33433 0.86582
0.33483 0.86578
0.33534 0.86572
0.33584 0.86565
0.33634 0.86557
0.33684 0.86547
0.33734 0.86537
0.33784 0.86526
0.33834 0.86513
0.33884 0.865
0.33934 0.86486
0.33984 0.86471
0.34034 0.86455
0.34084 0.86438
0.34134 0.86421
0.34184 0.86403
0.34234 0.86384
0.34284 0.86365
0.34334 0.86346
0.34384 0.86326
0.34434 0.86305
0.34484 0.86284
0.34535 0.86263
0.34585 0.86242
0.34635 0.86221
0.34685 0.86199
0.34735 0.86177
0.34785 0.86156
0.34835 0.86134
0.34885 0.86112
0.34935 0.86091
0.34985 0.86069
0.35035 0.86048
0.35085 0.86027
0.35135 0.86007
0.35185 0.85986
0.35235 0.85966
0.35285 0.85947
0.35335 0.85928
0.35385 0.85909
0.35435 0.85891
0.35485 0.85874
0.35536 0.85857
0.35586 0.85841
0.35636 0.85825
0.35686 0.8581
0.35736 0.85796
0.35786 0.85783
0.35836 0.85771
0.35886 0.85759
0.35936 0.85748
0.35986 0.85738
0.36036 0.8573
0.36086 0.85722
0.36136 0.85714
0.36186 0.85708
0.36236 0.85703
0.36286 0.85699
0.36336 0.85696
0.36386 0.85694
0.36436 0.85693
0.36486 0.85693
0.36537 0.85694
0.36587 0.85696
0.36637 0.857
0.36687 0.85704
0.36737 0.85709
0.36787 0.85716
0.36837 0.85723
0.36887 0.85732
0.36937 0.85741
0.36987 0.85752
0.37037 0.85764
0.37087 0.85776
0.37137 0.8579
0.37187 0.85805
0.37237 0.85821
0.37287 0.85838
0.37337 0.85855
0.37387 0.85874
0.37437 0.85894
0.37487 0.85914
0.37538 0.85936
0.37588 0.85958
0.37638 0.85981
0.37688 0.86005
0.37738 0.8603
0.37788 0.86055
0.37838 0.86082
0.37888 0.86108
0.37938 0.86136
0.37988 0.86164
0.38038 0.86193
0.38088 0.86223
0.38138 0.86253
0.38188 0.86284
0.38238 0.86315
0.38288 0.86346
0.38338 0.86378
0.38388 0.86411
0.38438 0.86444
0.38488 0.86477
0.38539 0.8651
0.38589 0.86544
0.38639 0.86578
0.38689 0.86612
0.38739 0.86646
0.38789 0.8668
0.38839 0.86715
0.38889 0.86749
0.38939 0.86783
0.38989 0.86818
0.39039 0.86852
0.39089 0.86887
0.39139 0.86921
0.39189 0.86955
0.39239 0.86989
0.39289 0.87022
0.39339 0.87055
0.39389 0.87088
0.39439 0.87121
0.39489 0.87154
0.3954 0.87186
0.3959 0.87217
0.3964 0.87248
0.3969 0.87279
0.3974 0.87309
0.3979 0.87339
0.3984 0.87368
0.3989 0.87397
0.3994 0.87425
0.3999 0.87452
0.4004 0.87479
0.4009 0.87505
0.4014 0.87531
0.4019 0.87556
0.4024 0.8758
0.4029 0.87603
0.4034 0.87626
0.4039 0.87648
0.4044 0.87669
0.4049 0.8769
0.40541 0.87709
0.40591 0.87728
0.40641 0.87746
0.40691 0.87763
0.40741 0.8778
0.40791 0.87796
0.40841 0.8781
0.40891 0.87825
0.40941 0.87838
0.40991 0.8785
0.41041 0.87862
0.41091 0.87872
0.41141 0.87882
0.41191 0.87891
0.41241 0.879
0.41291 0.87907
0.41341 0.87914
0.41391 0.8792
0.41441 0.87925
0.41491 0.87929
0.41542 0.87932
0.41592 0.87935
0.41642 0.87937
0.41692 0.87938
0.41742 0.87939
0.41792 0.87938
0.41842 0.87937
0.41892 0.87936
0.41942 0.87933
0.41992 0.8793
0.42042 0.87927
0.42092 0.87922
0.42142 0.87917
0.42192 0.87912
0.42242 0.87906
0.42292 0.87899
0.42342 0.87892
0.42392 0.87884
0.42442 0.87875
0.42492 0.87867
0.42543 0.87857
0.42593 0.87847
0.42643 0.87837
0.42693 0.87827
0.42743 0.87816
0.42793 0.87804
0.42843 0.87792
0.42893 0.8778
0.42943 0.87768
0.42993 0.87755
0.43043 0.87743
0.43093 0.87729
0.43143 0.87716
0.43193 0.87702
0.43243 0.87689
0.43293 0.87675
0.43343 0.87661
0.43393 0.87647
0.43443 0.87633
0.43493 0.87618
0.43544 0.87604
0.43594 0.8759
0.43644 0.87576
0.43694 0.87562
0.43744 0.87547
0.43794 0.87533
0.43844 0.87519
0.43894 0.87506
0.43944 0.87492
0.43994 0.87478
0.44044 0.87465
0.44094 0.87452
0.44144 0.87439
0.44194 0.87426
0.44244 0.87414
0.44294 0.87402
0.44344 0.8739
0.44394 0.87379
0.44444 0.87368
0.44494 0.87357
0.44545 0.87347
0.44595 0.87337
0.44645 0.87327
0.44695 0.87318
0.44745 0.87309
0.44795 0.87301
0.44845 0.87293
0.44895 0.87286
0.44945 0.87279
0.44995 0.87273
0.45045 0.87267
0.45095 0.87262
0.45145 0.87257
0.45195 0.87253
0.45245 0.87249
0.45295 0.87246
0.45345 0.87243
0.45395 0.87241
0.45445 0.8724
0.45495 0.87239
0.45546 0.87239
0.45596 0.87239
0.45646 0.8724
0.45696 0.87241
0.45746 0.87243
0.45796 0.87246
0.45846 0.87249
0.45896 0.87252
0.45946 0.87257
0.45996 0.87261
0.46046 0.87267
0.46096 0.87273
0.46146 0.87279
0.46196 0.87286
0.46246 0.87294
0.46296 0.87302
0.46346 0.8731
0.46396 0.87319
0.46446 0.87329
0.46496 0.87339
0.46547 0.87349
0.46597 0.8736
0.46647 0.87372
0.46697 0.87383
0.46747 0.87396
0.46797 0.87408
0.46847 0.87421
0.46897 0.87435
0.46947 0.87449
0.46997 0.87463
0.47047 0.87477
0.47097 0.87492
0.47147 0.87507
0.47197 0.87522
0.47247 0.87538
0.47297 0.87553
0.47347 0.87569
0.47397 0.87586
0.47447 0.87602
0.47497 0.87618
0.47548 0.87635
0.47598 0.87652
0.47648 0.87669
0.47698 0.87686
0.47748 0.87703
0.47798 0.8772
0.47848 0.87737
0.47898 0.87754
0.47948 0.87771
0.47998 0.87788
0.48048 0.87805
0.48098 0.87822
0.48148 0.87838
0.48198 0.87855
0.48248 0.87871
0.48298 0.87887
0.48348 0.87904
0.48398 0.87919
0.48448 0.87935
0.48498 0.8795
0.48549 0.87965
0.48599 0.8798
0.48649 0.87995
0.48699 0.88009
0.48749 0.88023
0.48799 0.88036
0.48849 0.88049
0.48899 0.88062
0.48949 0.88074
0.48999 0.88086
0.49049 0.88097
0.49099 0.88108
0.49149 0.88119
0.49199 0.88129
0.49249 0.88138
0.49299 0.88147
0.49349 0.88156
0.49399 0.88164
0.49449 0.88171
0.49499 0.88178
0.4955 0.88184
0.496 0.88189
0.4965 0.88195
0.497 0.88199
0.4975 0.88203
0.498 0.88206
0.4985 0.88209
0.499 0.88211
0.4995 0.88212
0.5 0.88213
0.5005 0.88213
0.501 0.88212
0.5015 0.88211
0.502 0.8821
0.5025 0.88207
0.503 0.88204
0.5035 0.882
0.504 0.88196
0.5045 0.88191
0.50501 0.88186
0.50551 0.88179
0.50601 0.88173
0.50651 0.88165
0.50701 0.88157
0.50751 0.88149
0.50801 0.88139
0.50851 0.8813
0.50901 0.88119
0.50951 0.88109
0.51001 0.88097
0.51051 0.88085
0.51101 0.88073
0.51151 0.8806
0.51201 0.88046
0.51251 0.88033
0.51301 0.88018
0.51351 0.88003
0.51401 0.87988
0.51451 0.87973
0.51502 0.87957
0.51552 0.8794
0.51602 0.87923
0.51652 0.87906
0.51702 0.87889
0.51752 0.87871
0.51802 0.87853
0.51852 0.87835
0.51902 0.87817
0.51952 0.87798
0.52002 0.8778
0.52052 0.87761
0.52102 0.87742
0.52152 0.87723
0.52202 0.87703
0.52252 0.87684
0.52302 0.87665
0.52352 0.87646
0.52402 0.87626
0.52452 0.87607
0.52503 0.87588
0.52553 0.87569
0.52603 0.8755
0.52653 0.87532
0.52703 0.87513
0.52753 0.87495
0.52803 0.87477
0.52853 0.87459
0.52903 0.87441
0.52953 0.87424
0.53003 0.87407
0.53053 0.87391
0.53103 0.87375
0.53153 0.87359
0.53203 0.87344
0.53253 0.87329
0.53303 0.87315
0.53353 0.87301
0.53403 0.87288
0.53453 0.87275
0.53504 0.87263
0.53554 0.87252
0.53604 0.87241
0.53654 0.87231
0.53704 0.87221
0.53754 0.87212
0.53804 0.87204
0.53854 0.87197
0.53904 0.8719
0.53954 0.87184
0.54004 0.87179
0.54054 0.87175
0.54104 0.87172
0.54154 0.87169
0.54204 0.87167
0.54254 0.87166
0.54304 0.87166
0.54354 0.87167
0.54404 0.87168
0.54454 0.87171
0.54505 0.87174
0.54555 0.87178
0.54605 0.87183
0.54655 0.87189
0.54705 0.87196
0.54755 0.87204
0.54805 0.87213
0.54855 0.87223
0.54905 0.87233
0.54955 0.87245
0.55005 0.87257
0.55055 0.8727
0.55105 0.87284
0.55155 0.87299
0.55205 0.87315
0.55255 0.87332
0.55305 0.8735
0.55355 0.87368
0.55405 0.87387
0.55455 0.87407
0.55506 0.87428
0.55556 0.8745
0.55606 0.87472
0.55656 0.87495
0.55706 0.87519
0.55756 0.87544
0.55806 0.87569
0.55856 0.87595
0.55906 0.87621
0.55956 0.87648
0.56006 0.87676
0.56056 0.87704
0.56106 0.87733
0.56156 0.87762
0.56206 0.87792
0.56256 0.87822
0.56306 0.87853
0.56356 0.87883
0.56406 0.87915
0.56456 0.87946
0.56507 0.87978
0.56557 0.8801
0.56607 0.88042
0.56657 0.88074
0.56707 0.88107
0.56757 0.88139
0.56807 0.88172
0.56857 0.88204
0.56907 0.88237
0.56957 0.88269
0.57007 0.88302
0.57057 0.88334
0.57107 0.88366
0.57157 0.88397
0.57207 0.88429
0.57257 0.8846
0.57307 0.88491
0.57357 0.88521
0.57407 0.88551
0.57457 0.8858
0.57508 0.88609
0.57558 0.88638
0.57608 0.88665
0.57658 0.88692
0.57708 0.88719
0.57758 0.88745
0.57808 0.88769
0.57858 0.88794
0.57908 0.88817
0.57958 0.88839
0.58008 0.88861
0.58058 0.88881
0.58108 0.88901
0.58158 0.8892
0.58208 0.88937
0.58258 0.88954
0.58308 0.88969
0.58358 0.88983
0.58408 0.88996
0.58458 0.89008
0.58509 0.89019
0.58559 0.89028
0.58609 0.89037
0.58659 0.89043
0.58709 0.89049
0.58759 0.89053
0.58809 0.89056
0.58859 0.89058
0.58909 0.89058
0.58959 0.89057
0.59009 0.89055
0.59059 0.89051
0.59109 0.89045
0.59159 0.89038
0.59209 0.8903
0.59259 0.89021
0.59309 0.8901
0.59359 0.88997
0.59409 0.88983
0.59459 0.88968
0.5951 0.88951
0.5956 0.88933
0.5961 0.88913
0.5966 0.88892
0.5971 0.8887
0.5976 0.88846
0.5981 0.88821
0.5986 0.88795
0.5991 0.88767
0.5996 0.88738
0.6001 0.88708
0.6006 0.88677
0.6011 0.88644
0.6016 0.8861
0.6021 0.88575
0.6026 0.88539
0.6031 0.88502
0.6036 0.88463
0.6041 0.88424
0.6046 0.88384
0.60511 0.88343
0.60561 0.88301
0.60611 0.88258
0.60661 0.88214
0.60711 0.88169
0.60761 0.88124
0.60811 0.88078
0.60861 0.88032
0.60911 0.87985
0.60961 0.87937
0.61011 0.87889
0.61061 0.87841
0.61111 0.87792
0.61161 0.87743
0.61211 0.87694
0.61261 0.87644
0.61311 0.87595
0.61361 0.87545
0.61411 0.87495
0.61461 0.87446
0.61512 0.87396
0.61562 0.87347
0.61612 0.87298
0.61662 0.87249
0.61712 0.87201
0.61762 0.87153
0.61812 0.87105
0.61862 0.87058
0.61912 0.87012
0.61962 0.86966
0.62012 0.86921
0.62062 0.86877
0.62112 0.86834
0.62162 0.86792
0.62212 0.8675
0.62262 0.8671
0.62312 0.86671
0.62362 0.86633
0.62412 0.86596
0.62462 0.8656
0.62513 0.86525
0.62563 0.86492
0.62613 0.86461
0.62663 0.86431
0.62713 0.86402
0.62763 0.86375
0.62813 0.86349
0.62863 0.86325
0.62913 0.86303
0.62963 0.86282
0.63013 0.86263
0.63063 0.86246
0.63113 0.86231
0.63163 0.86217
0.63213 0.86206
0.63263 0.86196
0.63313 0.86188
0.63363 0.86183
0.63413 0.86179
0.63463 0.86177
0.63514 0.86177
0.63564 0.86179
0.63614 0.86183
0.63664 0.86189
0.63714 0.86197
0.63764 0.86207
0.63814 0.8622
0.63864 0.86234
0.63914 0.8625
0.63964 0.86268
0.64014 0.86289
0.64064 0.86311
0.64114 0.86335
0.64164 0.86361
0.64214 0.86389
0.64264 0.86419
0.64314 0.86451
0.64364 0.86484
0.64414 0.8652
0.64464 0.86557
0.64515 0.86596
0.64565 0.86637
0.64615 0.86679
0.64665 0.86723
0.64715 0.86768
0.64765 0.86815
0.64815 0.86863
0.64865 0.86913
0.64915 0.86964
0.64965 0.87017
0.65015 0.8707
0.65065 0.87125
0.65115 0.87181
0.65165 0.87238
0.65215 0.87296
0.65265 0.87354
0.65315 0.87414
0.65365 0.87474
0.65415 0.87535
0.65465 0.87596
0.65516 0.87658
0.65566 0.87721
0.65616 0.87783
0.65666 0.87846
0.65716 0.8791
0.65766 0.87973
0.65816 0.88036
0.65866 0.88099
0.65916 0.88162
0.65966 0.88225
0.66016 0.88287
0.66066 0.88349
0.66116 0.8841
0.66166 0.88471
0.66216 0.88531
0.66266 0.8859
0.66316 0.88649
0.66366 0.88706
0.66416 0.88763
0.66466 0.88818
0.66517 0.88872
0.66567 0.88925
0.66617 0.88976
0.66667 0.89026
0.66717 0.89075
0.66767 0.89122
0.66817 0.89167
0.66867 0.8921
0.66917 0.89252
0.66967 0.89291
0.67017 0.89329
0.67067 0.89364
0.67117 0.89398
0.67167 0.89429
0.67217 0.89458
0.67267 0.89485
0.67317 0.89509
0.67367 0.89531
0.67417 0.89551
0.67467 0.89568
0.67518 0.89583
0.67568 0.89595
0.67618 0.89604
0.67668 0.89611
0.67718 0.89615
0.67768 0.89616
0.67818 0.89615
0.67868 0.89611
0.67918 0.89604
0.67968 0.89594
0.68018 0.89582
0.68068 0.89567
0.68118 0.89549
0.68168 0.89528
0.68218 0.89504
0.68268 0.89478
0.68318 0.89449
0.68368 0.89417
0.68418 0.89383
0.68468 0.89345
0.68519 0.89305
0.68569 0.89263
0.68619 0.89218
0.68669 0.8917
0.68719 0.8912
0.68769 0.89067
0.68819 0.89012
0.68869 0.88954
0.68919 0.88894
0.68969 0.88832
0.69019 0.88768
0.69069 0.88702
0.69119 0.88633
0.69169 0.88563
0.69219 0.88491
0.69269 0.88417
0.69319 0.88341
0.69369 0.88264
0.69419 0.88185
0.69469 0.88104
0.6952 0.88023
0.6957 0.8794
0.6962 0.87856
0.6967 0.87771
0.6972 0.87684
0.6977 0.87598
0.6982 0.8751
0.6987 0.87422
0.6992 0.87333
0.6997 0.87244
0.7002 0.87155
0.7007 0.87065
0.7012 0.86976
0.7017 0.86886
0.7022 0.86797
0.7027 0.86708
0.7032 0.8662
0.7037 0.86532
0.7042 0.86445
0.7047 0.86358
0.70521 0.86273
0.70571 0.86189
0.70621 0.86106
0.70671 0.86024
0.70721 0.85943
0.70771 0.85864
0.70821 0.85787
0.70871 0.85712
0.70921 0.85638
0.70971 0.85566
0.71021 0.85497
0.71071 0.8543
0.71121 0.85365
0.71171 0.85302
0.71221 0.85242
0.71271 0.85184
0.71321 0.8513
0.71371 0.85078
0.71421 0.85029
0.71471 0.84982
0.71522 0.84939
0.71572 0.84899
0.71622 0.84863
0.71672 0.84829
0.71722 0.84799
0.71772 0.84772
0.71822 0.84749
0.71872 0.84729
0.71922 0.84712
0.71972 0.847
0.72022 0.8469
0.72072 0.84685
0.72122 0.84683
0.72172 0.84685
0.72222 0.84691
0.72272 0.847
0.72322 0.84713
0.72372 0.8473
0.72422 0.8475
0.72472 0.84775
0.72523 0.84803
0.72573 0.84834
0.72623 0.8487
0.72673 0.84908
0.72723 0.84951
0.72773 0.84997
0.72823 0.85046
0.72873 0.85099
0.72923 0.85156
0.72973 0.85215
0.73023 0.85278
0.73073 0.85344
0.73123 0.85413
0.73173 0.85485
0.73223 0.8556
0.73273 0.85638
0.73323 0.85718
0.73373 0.85801
0.73423 0.85887
0.73473 0.85975
0.73524 0.86065
0.73574 0.86157
0.73624 0.86251
0.73674 0.86347
0.73724 0.86444
0.73774 0.86543
0.73824 0.86643
0.73874 0.86745
0.73924 0.86848
0.73974 0.86951
0.74024 0.87055
0.74074 0.8716
0.74124 0.87265
0.74174 0.8737
0.74224 0.87476
0.74274 0.87581
0.74324 0.87685
0.74374 0.8779
0.74424 0.87893
0.74474 0.87996
0.74525 0.88097
0.74575 0.88197
0.74625 0.88296
0.74675 0.88392
0.74725 0.88487
0.74775 0.8858
0.74825 0.88671
0.74875 0.88759
0.74925 0.88844
0.74975 0.88926
0.75025 0.89006
0.75075 0.89082
0.75125 0.89154
0.75175 0.89223
0.75225 0.89288
0.75275 0.89349
0.75325 0.89406
0.75375 0.89458
0.75425 0.89506
0.75475 0.89548
0.75526 0.89586
0.75576 0.89619
0.75626 0.89646
0.75676 0.89668
0.75726 0.89684
0.75776 0.89695
0.75826 0.89699
0.75876 0.89698
0.75926 0.8969
0.75976 0.89675
0.76026 0.89655
0.76076 0.89627
0.76126 0.89593
0.76176 0.89551
0.76226 0.89503
0.76276 0.89448
0.76326 0.89385
0.76376 0.89315
0.76426 0.89237
0.76476 0.89152
0.76527 0.8906
0.76577 0.8896
0.76627 0.88852
0.76677 0.88736
0.76727 0.88613
0.76777 0.88481
0.76827 0.88342
0.76877 0.88195
0.76927 0.88039
0.76977 0.87876
0.77027 0.87705
0.77077 0.87526
0.77127 0.87339
0.77177 0.87144
0.77227 0.86941
0.77277 0.8673
0.77327 0.86511
0.77377 0.86285
0.77427 0.86051
0.77477 0.85809
0.77528 0.85559
0.77578 0.85302
0.77628 0.85037
0.77678 0.84765
0.77728 0.84486
0.77778 0.842
0.77828 0.83906
0.77878 0.83606
0.77928 0.83298
0.77978 0.82984
0.78028 0.82664
0.78078 0.82337
0.78128 0.82004
0.78178 0.81664
0.78228 0.81319
0.78278 0.80968
0.78328 0.80611
0.78378 0.80249
0.78428 0.79882
0.78478 0.79509
0.78529 0.79132
0.78579 0.7875
0.78629 0.78363
0.78679 0.77972
0.78729 0.77578
0.78779 0.77179
0.78829 0.76777
0.78879 0.76372
0.78929 0.75964
0.78979 0.75553
0.79029 0.7514
0.79079 0.74725
0.79129 0.74309
0.79179 0.73891
0.79229 0.73473
0.79279 0.73056
0.79329 0.72639
0.79379 0.72224
0.79429 0.71812
0.79479 0.71403
0.7953 0.70999
0.7958 0.706
0.7963 0.70209
0.7968 0.69825
0.7973 0.6945
0.7978 0.69084
0.7983 0.68729
0.7988 0.68385
0.7993 0.68053
0.7998 0.67731
0.8003 0.67421
0.8008 0.67123
0.8013 0.66834
0.8018 0.66556
0.8023 0.66287
0.8028 0.66028
0.8033 0.65776
0.8038 0.65531
0.8043 0.65293
0.8048 0.65061
0.80531 0.64834
0.80581 0.64612
0.80631 0.64394
0.80681 0.6418
0.80731 0.6397
0.80781 0.63763
0.80831 0.63558
0.80881 0.63357
0.80931 0.63158
0.80981 0.62961
0.81031 0.62766
0.81081 0.62574
0.81131 0.62383
0.81181 0.62194
0.81231 0.62008
0.81281 0.61823
0.81331 0.6164
0.81381 0.61458
0.81431 0.61279
0.81481 0.61101
0.81532 0.60925
0.81582 0.60751
0.81632 0.60579
0.81682 0.60408
0.81732 0.60239
0.81782 0.60072
0.81832 0.59907
0.81882 0.59744
0.81932 0.59583
0.81982 0.59423
0.82032 0.59266
0.82082 0.5911
0.82132 0.58956
0.82182 0.58805
0.82232 0.58655
0.82282 0.58507
0.82332 0.58361
0.82382 0.58217
0.82432 0.58076
0.82482 0.57936
0.82533 0.57798
0.82583 0.57663
0.82633 0.57529
0.82683 0.57398
0.82733 0.57268
0.82783 0.57141
0.82833 0.57016
0.82883 0.56892
0.82933 0.56771
0.82983 0.56652
0.83033 0.56535
0.83083 0.56421
0.83133 0.56308
0.83183 0.56197
0.83233 0.56088
0.83283 0.55982
0.83333 0.55877
0.83383 0.55775
0.83433 0.55675
0.83483 0.55576
0.83534 0.5548
0.83584 0.55386
0.83634 0.55293
0.83684 0.55203
0.83734 0.55115
0.83784 0.55029
0.83834 0.54944
0.83884 0.54862
0.83934 0.54781
0.83984 0.54703
0.84034 0.54626
0.84084 0.54551
0.84134 0.54478
0.84184 0.54407
0.84234 0.54338
0.84284 0.5427
0.84334 0.54205
0.84384 0.54141
0.84434 0.54078
0.84484 0.54018
0.84535 0.53959
0.84585 0.53902
0.84635 0.53847
0.84685 0.53793
0.84735 0.5374
0.84785 0.5369
0.84835 0.53641
0.84885 0.53593
0.84935 0.53547
0.84985 0.53502
0.85035 0.53459
0.85085 0.53417
0.85135 0.53377
0.85185 0.53338
0.85235 0.533
0.85285 0.53264
0.85335 0.53229
0.85385 0.53195
0.85435 0.53163
0.85485 0.53131
0.85536 0.53101
0.85586 0.53072
0.85636 0.53044
0.85686 0.53018
0.85736 0.52992
0.85786 0.52967
0.85836 0.52944
0.85886 0.52921
0.85936 0.52899
0.85986 0.52878
0.86036 0.52858
0.86086 0.52839
0.86136 0.52821
0.86186 0.52804
0.86236 0.52787
0.86286 0.52772
0.86336 0.52757
0.86386 0.52742
0.86436 0.52729
0.86486 0.52716
0.86537 0.52703
0.86587 0.52692
0.86637 0.52681
0.86687 0.5267
0.86737 0.5266
0.86787 0.52651
0.86837 0.52642
0.86887 0.52633
0.86937 0.52625
0.86987 0.52617
0.87037 0.5261
0.87087 0.52603
0.87137 0.52597
0.87187 0.52591
0.87237 0.52585
0.87287 0.52579
0.87337 0.52574
0.87387 0.52569
0.87437 0.52564
0.87487 0.52559
0.87538 0.52555
0.87588 0.52551
0.87638 0.52547
0.87688 0.52543
0.87738 0.52539
0.87788 0.52536
0.87838 0.52532
0.87888 0.52528
0.87938 0.52525
0.87988 0.52522
0.88038 0.52518
0.88088 0.52515
0.88138 0.52512
0.88188 0.52508
0.88238 0.52505
0.88288 0.52502
0.88338 0.52498
0.88388 0.52495
0.88438 0.52491
0.88488 0.52488
0.88539 0.52484
0.88589 0.52481
0.88639 0.52477
0.88689 0.52473
0.88739 0.52469
0.88789 0.52464
0.88839 0.5246
0.88889 0.52456
0.88939 0.52451
0.88989 0.52446
0.89039 0.52441
0.89089 0.52436
0.89139 0.52431
0.89189 0.52425
0.89239 0.5242
0.89289 0.52414
0.89339 0.52408
0.89389 0.52402
0.89439 0.52395
0.89489 0.52389
0.8954 0.52382
0.8959 0.52375
0.8964 0.52367
0.8969 0.5236
0.8974 0.52352
0.8979 0.52344
0.8984 0.52336
0.8989 0.52328
0.8994 0.52319
0.8999 0.52311
0.9004 0.52302
0.9009 0.52292
0.9014 0.52283
0.9019 0.52273
0.9024 0.52263
0.9029 0.52253
0.9034 0.52243
0.9039 0.52232
0.9044 0.52222
0.9049 0.52211
0.90541 0.52199
0.90591 0.52188
0.90641 0.52176
0.90691 0.52164
0.90741 0.52152
0.90791 0.5214
0.90841 0.52127
0.90891 0.52114
0.90941 0.52101
0.90991 0.52088
0.91041 0.52075
0.91091 0.52061
0.91141 0.52047
0.91191 0.52033
0.91241 0.52019
0.91291 0.52004
0.91341 0.51989
0.91391 0.51974
0.91441 0.51959
0.91491 0.51944
0.91542 0.51928
0.91592 0.51912
0.91642 0.51896
0.91692 0.5188
0.91742 0.51863
0.91792 0.51847
0.91842 0.5183
0.91892 0.51813
0.91942 0.51795
0.91992 0.51778
0.92042 0.5176
0.92092 0.51742
0.92142 0.51724
0.92192 0.51705
0.92242 0.51686
0.92292 0.51668
0.92342 0.51648
0.92392 0.51629
0.92442 0.51609
0.92492 0.5159
0.92543 0.51569
0.92593 0.51549
0.92643 0.51529
0.92693 0.51508
0.92743 0.51487
0.92793 0.51465
0.92843 0.51444
0.92893 0.51422
0.92943 0.514
0.92993 0.51378
0.93043 0.51355
0.93093 0.51332
0.93143 0.51309
0.93193 0.51286
0.93243 0.51262
0.93293 0.51238
0.93343 0.51214
0.93393 0.51189
0.93443 0.51164
0.93493 0.51139
0.93544 0.51114
0.93594 0.51088
0.93644 0.51062
0.93694 0.51035
0.93744 0.51009
0.93794 0.50982
0.93844 0.50954
0.93894 0.50926
0.93944 0.50898
0.93994 0.5087
0.94044 0.50841
0.94094 0.50812
0.94144 0.50783
0.94194 0.50753
0.94244 0.50723
0.94294 0.50693
0.94344 0.50662
0.94394 0.50631
0.94444 0.50599
0.94494 0.50567
0.94545 0.50535
0.94595 0.50502
0.94645 0.50469
0.94695 0.50436
0.94745 0.50402
0.94795 0.50368
0.94845 0.50333
0.94895 0.50298
0.94945 0.50263
0.94995 0.50228
0.95045 0.50192
0.95095 0.50155
0.95145 0.50118
0.95195 0.50081
0.95245 0.50044
0.95295 0.50006
0.95345 0.49968
0.95395 0.49929
0.95445 0.4989
0.95495 0.49851
0.95546 0.49811
0.95596 0.49771
0.95646 0.4973
0.95696 0.4969
0.95746 0.49649
0.95796 0.49607
0.95846 0.49566
0.95896 0.49524
0.95946 0.49481
0.95996 0.49439
0.96046 0.49396
0.96096 0.49353
0.96146 0.49309
0.96196 0.49266
0.96246 0.49222
0.96296 0.49178
0.96346 0.49133
0.96396 0.49089
0.96446 0.49044
0.96496 0.48999
0.96547 0.48954
0.96597 0.48909
0.96647 0.48863
0.96697 0.48818
0.96747 0.48772
0.96797 0.48727
0.96847 0.48681
0.96897 0.48635
0.96947 0.48589
0.96997 0.48543
0.97047 0.48497
0.97097 0.48452
0.97147 0.48406
0.97197 0.4836
0.97247 0.48314
0.97297 0.48269
0.97347 0.48224
0.97397 0.48178
0.97447 0.48133
0.97497 0.48088
0.97548 0.48044
0.97598 0.47999
0.97648 0.47955
0.97698 0.47911
0.97748 0.47868
0.97798 0.47825
0.97848 0.47782
0.97898 0.47739
0.97948 0.47697
0.97998 0.47656
0.98048 0.47615
0.98098 0.47574
0.98148 0.47534
0.98198 0.47495
0.98248 0.47456
0.98298 0.47418
0.98348 0.4738
0.98398 0.47343
0.98448 0.47307
0.98498 0.47271
0.98549 0.47236
0.98599 0.47202
0.98649 0.47169
0.98699 0.47136
0.98749 0.47104
0.98799 0.47074
0.98849 0.47044
0.98899 0.47015
0.98949 0.46987
0.98999 0.4696
0.99049 0.46933
0.99099 0.46908
0.99149 0.46884
0.99199 0.46861
0.99249 0.46839
0.99299 0.46818
0.99349 0.46799
0.99399 0.4678
0.99449 0.46763
0.99499 0.46746
0.9955 0.46731
0.996 0.46717
0.9965 0.46705
0.997 0.46693
0.9975 0.46683
0.998 0.46674
0.9985 0.46667
0.999 0.4666
0.9995 0.46655
1 0.46651
