time energy 
0 0.7703
0.0005005 0.77106
0.001001 0.77181
0.0015015 0.77257
0.002002 0.77333
0.0025025 0.77408
0.003003 0.77484
0.0035035 0.7756
0.004004 0.77636
0.0045045 0.77712
0.005005 0.77788
0.0055055 0.77865
0.006006 0.77941
0.0065065 0.78017
0.007007 0.78093
0.0075075 0.7817
0.008008 0.78246
0.0085085 0.78322
0.009009 0.78399
0.0095095 0.78475
0.01001 0.78551
0.010511 0.78628
0.011011 0.78704
0.011512 0.78781
0.012012 0.78857
0.012513 0.78933
0.013013 0.7901
0.013514 0.79086
0.014014 0.79163
0.014515 0.79239
0.015015 0.79315
0.015516 0.79391
0.016016 0.79468
0.016517 0.79544
0.017017 0.7962
0.017518 0.79696
0.018018 0.79772
0.018519 0.79848
0.019019 0.79924
0.01952 0.79999
0.02002 0.80075
0.020521 0.80151
0.021021 0.80226
0.021522 0.80302
0.022022 0.80377
0.022523 0.80452
0.023023 0.80527
0.023524 0.80602
0.024024 0.80677
0.024525 0.80752
0.025025 0.80827
0.025526 0.80901
0.026026 0.80976
0.026527 0.8105
0.027027 0.81124
0.027528 0.81198
0.028028 0.81272
0.028529 0.81346
0.029029 0.8142
0.02953 0.81493
0.03003 0.81566
0.030531 0.8164
0.031031 0.81713
0.031532 0.81785
0.032032 0.81858
0.032533 0.81931
0.033033 0.82003
0.033534 0.82075
0.034034 0.82147
0.034535 0.82219
0.035035 0.82291
0.035536 0.82362
0.036036 0.82434
0.036537 0.82505
0.037037 0.82576
0.037538 0.82647
0.038038 0.82718
0.038539 0.82788
0.039039 0.82859
0.03954 0.82929
0.04004 0.82999
0.040541 0.83069
0.041041 0.83139
0.041542 0.83209
0.042042 0.83278
0.042543 0.83347
0.043043 0.83417
0.043544 0.83486
0.044044 0.83555
0.044545 0.83624
0.045045 0.83692
0.045546 0.83761
0.046046 0.83829
0.046547 0.83898
0.047047 0.83966
0.047548 0.84034
0.048048 0.84102
0.048549 0.8417
0.049049 0.84238
0.04955 0.84306
0.05005 0.84373
0.050551 0.84441
0.051051 0.84509
0.051552 0.84576
0.052052 0.84644
0.052553 0.84712
0.053053 0.84779
0.053554 0.84847
0.054054 0.84914
0.054555 0.84982
0.055055 0.85049
0.055556 0.85117
0.056056 0.85185
0.056557 0.85252
0.057057 0.8532
0.057558 0.85388
0.058058 0.85456
0.058559 0.85524
0.059059 0.85593
0.05956 0.85661
0.06006 0.8573
0.060561 0.85798
0.061061 0.85867
0.061562 0.85937
0.062062 0.86006
0.062563 0.86075
0.063063 0.86145
0.063564 0.86215
0.064064 0.86286
0.064565 0.86356
0.065065 0.86427
0.065566 0.86499
0.066066 0.8657
0.066567 0.86642
0.067067 0.86715
0.067568 0.86787
0.068068 0.8686
0.068569 0.86934
0.069069 0.87008
0.06957 0.87082
0.07007 0.87157
0.070571 0.87232
0.071071 0.87308
0.071572 0.87384
0.072072 0.87461
0.072573 0.87538
0.073073 0.87616
0.073574 0.87694
0.074074 0.87773
0.074575 0.87852
0.075075 0.87932
0.075576 0.88012
0.076076 0.88093
0.076577 0.88175
0.077077 0.88257
0.077578 0.8834
0.078078 0.88423
0.078579 0.88506
0.079079 0.88591
0.07958 0.88675
0.08008 0.88761
0.080581 0.88847
0.081081 0.88933
0.081582 0.8902
0.082082 0.89108
0.082583 0.89195
0.083083 0.89284
0.083584 0.89373
0.084084 0.89462
0.084585 0.89552
0.085085 0.89642
0.085586 0.89733
0.086086 0.89824
0.086587 0.89915
0.087087 0.90007
0.087588 0.90099
0.088088 0.90191
0.088589 0.90283
0.089089 0.90376
0.08959 0.90469
0.09009 0.90562
0.090591 0.90656
0.091091 0.90749
0.091592 0.90843
0.092092 0.90937
0.092593 0.91031
0.093093 0.91124
0.093594 0.91218
0.094094 0.91312
0.094595 0.91406
0.095095 0.915
0.095596 0.91594
0.096096 0.91687
0.096597 0.91781
0.097097 0.91874
0.097598 0.91967
0.098098 0.92061
0.098599 0.92153
0.099099 0.92246
0.0996 0.92339
0.1001 0.92431
0.1006 0.92523
0.1011 0.92614
0.1016 0.92706
0.1021 0.92797
0.1026 0.92888
0.1031 0.92978
0.1036 0.93068
0.1041 0.93158
0.1046 0.93247
0.10511 0.93337
0.10561 0.93426
0.10611 0.93514
0.10661 0.93602
0.10711 0.9369
0.10761 0.93777
0.10811 0.93865
0.10861 0.93951
0.10911 0.94038
0.10961 0.94124
0.11011 0.9421
0.11061 0.94295
0.11111 0.94381
0.11161 0.94465
0.11211 0.9455
0.11261 0.94634
0.11311 0.94718
0.11361 0.94802
0.11411 0.94885
0.11461 0.94969
0.11512 0.95052
0.11562 0.95134
0.11612 0.95217
0.11662 0.95299
0.11712 0.95381
0.11762 0.95463
0.11812 0.95544
0.11862 0.95625
0.11912 0.95706
0.11962 0.95787
0.12012 0.95868
0.12062 0.95949
0.12112 0.96029
0.12162 0.9611
0.12212 0.9619
0.12262 0.9627
0.12312 0.9635
0.12362 0.9643
0.12412 0.9651
0.12462 0.96589
0.12513 0.96669
0.12563 0.96748
0.12613 0.96828
0.12663 0.96907
0.12713 0.96987
0.12763 0.97066
0.12813 0.97146
0.12863 0.97225
0.12913 0.97305
0.12963 0.97385
0.13013 0.97464
0.13063 0.97544
0.13113 0.97624
0.13163 0.97703
0.13213 0.97783
0.13263 0.97863
0.13313 0.97944
0.13363 0.98024
0.13413 0.98104
0.13463 0.98185
0.13514 0.98266
0.13564 0.98347
0.13614 0.98428
0.13664 0.98509
0.13714 0.98591
0.13764 0.98672
0.13814 0.98754
0.13864 0.98836
0.13914 0.98919
0.13964 0.99002
0.14014 0.99085
0.14064 0.99168
0.14114 0.99251
0.14164 0.99335
0.14214 0.99419
0.14264 0.99503
0.14314 0.99588
0.14364 0.99673
0.14414 0.99758
0.14464 0.99844
0.14515 0.9993
0.14565 1.0002
0.14615 1.001
0.14665 1.0019
0.14715 1.0028
0.14765 1.0037
0.14815 1.0045
0.14865 1.0054
0.14915 1.0063
0.14965 1.0072
0.15015 1.0081
0.15065 1.009
0.15115 1.0099
0.15165 1.0108
0.15215 1.0117
0.15265 1.0127
0.15315 1.0136
0.15365 1.0145
0.15415 1.0154
0.15465 1.0164
0.15516 1.0173
0.15566 1.0183
0.15616 1.0192
0.15666 1.0202
0.15716 1.0211
0.15766 1.0221
0.15816 1.0231
0.15866 1.024
0.15916 1.025
0.15966 1.026
0.16016 1.027
0.16066 1.0279
0.16116 1.0289
0.16166 1.0299
0.16216 1.0309
0.16266 1.0319
0.16316 1.0329
0.16366 1.034
0.16416 1.035
0.16466 1.036
0.16517 1.037
0.16567 1.038
0.16617 1.039
0.16667 1.0401
0.16717 1.0411
0.16767 1.0421
0.16817 1.0432
0.16867 1.0442
0.16917 1.0452
0.16967 1.0463
0.17017 1.0473
0.17067 1.0484
0.17117 1.0494
0.17167 1.0504
0.17217 1.0515
0.17267 1.0525
0.17317 1.0536
0.17367 1.0546
0.17417 1.0557
0.17467 1.0567
0.17518 1.0578
0.17568 1.0588
0.17618 1.0599
0.17668 1.0609
0.17718 1.062
0.17768 1.063
0.17818 1.0641
0.17868 1.0651
0.17918 1.0662
0.17968 1.0672
0.18018 1.0683
0.18068 1.0693
0.18118 1.0703
0.18168 1.0714
0.18218 1.0724
0.18268 1.0734
0.18318 1.0745
0.18368 1.0755
0.18418 1.0765
0.18468 1.0775
0.18519 1.0785
0.18569 1.0795
0.18619 1.0806
0.18669 1.0816
0.18719 1.0825
0.18769 1.0835
0.18819 1.0845
0.18869 1.0855
0.18919 1.0865
0.18969 1.0875
0.19019 1.0884
0.19069 1.0894
0.19119 1.0903
0.19169 1.0913
0.19219 1.0922
0.19269 1.0932
0.19319 1.0941
0.19369 1.095
0.19419 1.0959
0.19469 1.0969
0.1952 1.0978
0.1957 1.0987
0.1962 1.0996
0.1967 1.1004
0.1972 1.1013
0.1977 1.1022
0.1982 1.1031
0.1987 1.1039
0.1992 1.1048
0.1997 1.1056
0.2002 1.1065
0.2007 1.1073
0.2012 1.1081
0.2017 1.1089
0.2022 1.1098
0.2027 1.1106
0.2032 1.1114
0.2037 1.1122
0.2042 1.1129
0.2047 1.1137
0.20521 1.1145
0.20571 1.1153
0.20621 1.116
0.20671 1.1168
0.20721 1.1175
0.20771 1.1183
0.20821 1.119
0.20871 1.1197
0.20921 1.1204
0.20971 1.1211
0.21021 1.1218
0.21071 1.1225
0.21121 1.1232
0.21171 1.1239
0.21221 1.1246
0.21271 1.1253
0.21321 1.1259
0.21371 1.1266
0.21421 1.1272
0.21471 1.1279
0.21522 1.1285
0.21572 1.1292
0.21622 1.1298
0.21672 1.1304
0.21722 1.1311
0.21772 1.1317
0.21822 1.1323
0.21872 1.1329
0.21922 1.1335
0.21972 1.1342
0.22022 1.1348
0.22072 1.1354
0.22122 1.136
0.22172 1.1366
0.22222 1.1372
0.22272 1.1377
0.22322 1.1383
0.22372 1.1389
0.22422 1.1395
0.22472 1.1401
0.22523 1.1407
0.22573 1.1413
0.22623 1.1418
0.22673 1.1424
0.22723 1.143
0.22773 1.1436
0.22823 1.1441
0.22873 1.1447
0.22923 1.1453
0.22973 1.1458
0.23023 1.1464
0.23073 1.147
0.23123 1.1475
0.23173 1.1481
0.23223 1.1486
0.23273 1.1492
0.23323 1.1498
0.23373 1.1503
0.23423 1.1509
0.23473 1.1514
0.23524 1.152
0.23574 1.1525
0.23624 1.153
0.23674 1.1536
0.23724 1.1541
0.23774 1.1546
0.23824 1.1552
0.23874 1.1557
0.23924 1.1562
0.23974 1.1567
0.24024 1.1573
0.24074 1.1578
0.24124 1.1583
0.24174 1.1588
0.24224 1.1593
0.24274 1.1598
0.24324 1.1602
0.24374 1.1607
0.24424 1.1612
0.24474 1.1617
0.24525 1.1621
0.24575 1.1626
0.24625 1.163
0.24675 1.1635
0.24725 1.1639
0.24775 1.1643
0.24825 1.1647
0.24875 1.1651
0.24925 1.1655
0.24975 1.1659
0.25025 1.1663
0.25075 1.1666
0.25125 1.167
0.25175 1.1673
0.25225 1.1676
0.25275 1.1679
0.25325 1.1682
0.25375 1.1685
0.25425 1.1688
0.25475 1.169
0.25526 1.1693
0.25576 1.1695
0.25626 1.1697
0.25676 1.1699
0.25726 1.1701
0.25776 1.1702
0.25826 1.1704
0.25876 1.1705
0.25926 1.1706
0.25976 1.1707
0.26026 1.1707
0.26076 1.1708
0.26126 1.1708
0.26176 1.1708
0.26226 1.1707
0.26276 1.1707
0.26326 1.1706
0.26376 1.1705
0.26426 1.1704
0.26476 1.1702
0.26527 1.1701
0.26577 1.1699
0.26627 1.1696
0.26677 1.1694
0.26727 1.1691
0.26777 1.1688
0.26827 1.1685
0.26877 1.1681
0.26927 1.1677
0.26977 1.1673
0.27027 1.1668
0.27077 1.1663
0.27127 1.1658
0.27177 1.1652
0.27227 1.1647
0.27277 1.164
0.27327 1.1634
0.27377 1.1627
0.27427 1.162
0.27477 1.1612
0.27528 1.1605
0.27578 1.1596
0.27628 1.1588
0.27678 1.1579
0.27728 1.1569
0.27778 1.156
0.27828 1.155
0.27878 1.1539
0.27928 1.1529
0.27978 1.1517
0.28028 1.1506
0.28078 1.1494
0.28128 1.1482
0.28178 1.1469
0.28228 1.1456
0.28278 1.1442
0.28328 1.1428
0.28378 1.1414
0.28428 1.14
0.28478 1.1385
0.28529 1.1369
0.28579 1.1353
0.28629 1.1337
0.28679 1.132
0.28729 1.1303
0.28779 1.1286
0.28829 1.1268
0.28879 1.125
0.28929 1.1231
0.28979 1.1212
0.29029 1.1193
0.29079 1.1173
0.29129 1.1153
0.29179 1.1132
0.29229 1.1111
0.29279 1.109
0.29329 1.1068
0.29379 1.1046
0.29429 1.1024
0.29479 1.1001
0.2953 1.0978
0.2958 1.0954
0.2963 1.093
0.2968 1.0906
0.2973 1.0881
0.2978 1.0856
0.2983 1.0831
0.2988 1.0805
0.2993 1.0779
0.2998 1.0753
0.3003 1.0726
0.3008 1.0699
0.3013 1.0671
0.3018 1.0644
0.3023 1.0616
0.3028 1.0587
0.3033 1.0559
0.3038 1.053
0.3043 1.0501
0.3048 1.0471
0.30531 1.0442
0.30581 1.0412
0.30631 1.0381
0.30681 1.0351
0.30731 1.032
0.30781 1.0289
0.30831 1.0258
0.30881 1.0227
0.30931 1.0195
0.30981 1.0163
0.31031 1.0131
0.31081 1.0099
0.31131 1.0066
0.31181 1.0034
0.31231 1.0001
0.31281 0.99681
0.31331 0.99351
0.31381 0.99019
0.31431 0.98685
0.31481 0.9835
0.31532 0.98014
0.31582 0.97678
0.31632 0.9734
0.31682 0.97001
0.31732 0.96661
0.31782 0.9632
0.31832 0.95979
0.31882 0.95638
0.31932 0.95296
0.31982 0.94953
0.32032 0.9461
0.32082 0.94267
0.32132 0.93924
0.32182 0.93581
0.32232 0.93238
0.32282 0.92895
0.32332 0.92552
0.32382 0.92209
0.32432 0.91867
0.32482 0.91525
0.32533 0.91184
0.32583 0.90844
0.32633 0.90504
0.32683 0.90165
0.32733 0.89827
0.32783 0.8949
0.32833 0.89153
0.32883 0.88818
0.32933 0.88485
0.32983 0.88152
0.33033 0.87821
0.33083 0.87491
0.33133 0.87162
0.33183 0.86836
0.33233 0.8651
0.33283 0.86187
0.33333 0.85865
0.33383 0.85545
0.33433 0.85227
0.33483 0.84911
0.33534 0.84596
0.33584 0.84284
0.33634 0.83974
0.33684 0.83666
0.33734 0.83361
0.33784 0.83057
0.33834 0.82756
0.33884 0.82457
0.33934 0.82161
0.33984 0.81867
0.34034 0.81576
0.34084 0.81287
0.34134 0.81001
0.34184 0.80718
0.34234 0.80437
0.34284 0.80158
0.34334 0.79883
0.34384 0.7961
0.34434 0.7934
0.34484 0.79073
0.34535 0.78809
0.34585 0.78547
0.34635 0.78289
0.34685 0.78033
0.34735 0.77781
0.34785 0.77531
0.34835 0.77284
0.34885 0.7704
0.34935 0.76799
0.34985 0.76561
0.35035 0.76326
0.35085 0.76094
0.35135 0.75865
0.35185 0.75639
0.35235 0.75416
0.35285 0.75196
0.35335 0.74979
0.35385 0.74765
0.35435 0.74554
0.35485 0.74346
0.35536 0.74141
0.35586 0.73939
0.35636 0.73739
0.35686 0.73543
0.35736 0.73349
0.35786 0.73159
0.35836 0.72971
0.35886 0.72786
0.35936 0.72604
0.35986 0.72424
0.36036 0.72248
0.36086 0.72074
0.36136 0.71902
0.36186 0.71734
0.36236 0.71568
0.36286 0.71405
0.36336 0.71244
0.36386 0.71086
0.36436 0.7093
0.36486 0.70777
0.36537 0.70626
0.36587 0.70478
0.36637 0.70332
0.36687 0.70188
0.36737 0.70047
0.36787 0.69907
0.36837 0.6977
0.36887 0.69636
0.36937 0.69503
0.36987 0.69372
0.37037 0.69244
0.37087 0.69117
0.37137 0.68992
0.37187 0.68869
0.37237 0.68748
0.37287 0.68629
0.37337 0.68512
0.37387 0.68396
0.37437 0.68282
0.37487 0.6817
0.37538 0.68059
0.37588 0.6795
0.37638 0.67842
0.37688 0.67736
0.37738 0.67631
0.37788 0.67528
0.37838 0.67425
0.37888 0.67324
0.37938 0.67225
0.37988 0.67126
0.38038 0.67029
0.38088 0.66932
0.38138 0.66837
0.38188 0.66743
0.38238 0.6665
0.38288 0.66557
0.38338 0.66466
0.38388 0.66375
0.38438 0.66286
0.38488 0.66197
0.38539 0.66108
0.38589 0.66021
0.38639 0.65934
0.38689 0.65848
0.38739 0.65762
0.38789 0.65677
0.38839 0.65592
0.38889 0.65508
0.38939 0.65425
0.38989 0.65342
0.39039 0.65259
0.39089 0.65177
0.39139 0.65095
0.39189 0.65013
0.39239 0.64931
0.39289 0.6485
0.39339 0.6477
0.39389 0.64689
0.39439 0.64609
0.39489 0.64528
0.3954 0.64448
0.3959 0.64369
0.3964 0.64289
0.3969 0.64209
0.3974 0.6413
0.3979 0.6405
0.3984 0.63971
0.3989 0.63892
0.3994 0.63812
0.3999 0.63733
0.4004 0.63654
0.4009 0.63575
0.4014 0.63496
0.4019 0.63417
0.4024 0.63338
0.4029 0.63259
0.4034 0.6318
0.4039 0.631
0.4044 0.63021
0.4049 0.62942
0.40541 0.62863
0.40591 0.62784
0.40641 0.62705
0.40691 0.62626
0.40741 0.62546
0.40791 0.62467
0.40841 0.62388
0.40891 0.62309
0.40941 0.6223
0.40991 0.6215
0.41041 0.62071
0.41091 0.61992
0.41141 0.61913
0.41191 0.61834
0.41241 0.61755
0.41291 0.61676
0.41341 0.61597
0.41391 0.61518
0.41441 0.6144
0.41491 0.61361
0.41542 0.61283
0.41592 0.61204
0.41642 0.61126
0.41692 0.61048
0.41742 0.6097
0.41792 0.60893
0.41842 0.60815
0.41892 0.60738
0.41942 0.60661
0.41992 0.60584
0.42042 0.60507
0.42092 0.60431
0.42142 0.60355
0.42192 0.60279
0.42242 0.60203
0.42292 0.60128
0.42342 0.60053
0.42392 0.59978
0.42442 0.59904
0.42492 0.5983
0.42543 0.59757
0.42593 0.59684
0.42643 0.59611
0.42693 0.59539
0.42743 0.59467
0.42793 0.59396
0.42843 0.59325
0.42893 0.59254
0.42943 0.59184
0.42993 0.59114
0.43043 0.59045
0.43093 0.58977
0.43143 0.58909
0.43193 0.58841
0.43243 0.58774
0.43293 0.58708
0.43343 0.58642
0.43393 0.58577
0.43443 0.58512
0.43493 0.58448
0.43544 0.58384
0.43594 0.58321
0.43644 0.58258
0.43694 0.58196
0.43744 0.58135
0.43794 0.58074
0.43844 0.58014
0.43894 0.57955
0.43944 0.57896
0.43994 0.57838
0.44044 0.5778
0.44094 0.57723
0.44144 0.57667
0.44194 0.57611
0.44244 0.57555
0.44294 0.57501
0.44344 0.57447
0.44394 0.57393
0.44444 0.57341
0.44494 0.57288
0.44545 0.57237
0.44595 0.57186
0.44645 0.57135
0.44695 0.57085
0.44745 0.57036
0.44795 0.56987
0.44845 0.56939
0.44895 0.56891
0.44945 0.56844
0.44995 0.56797
0.45045 0.56751
0.45095 0.56706
0.45145 0.56661
0.45195 0.56616
0.45245 0.56572
0.45295 0.56528
0.45345 0.56485
0.45395 0.56442
0.45445 0.564
0.45495 0.56358
0.45546 0.56316
0.45596 0.56275
0.45646 0.56235
0.45696 0.56194
0.45746 0.56154
0.45796 0.56115
0.45846 0.56075
0.45896 0.56036
0.45946 0.55998
0.45996 0.55959
0.46046 0.55921
0.46096 0.55883
0.46146 0.55845
0.46196 0.55808
0.46246 0.55771
0.46296 0.55734
0.46346 0.55697
0.46396 0.5566
0.46446 0.55624
0.46496 0.55587
0.46547 0.55551
0.46597 0.55515
0.46647 0.55479
0.46697 0.55443
0.46747 0.55407
0.46797 0.55371
0.46847 0.55336
0.46897 0.553
0.46947 0.55264
0.46997 0.55228
0.47047 0.55193
0.47097 0.55157
0.47147 0.55121
0.47197 0.55085
0.47247 0.5505
0.47297 0.55014
0.47347 0.54978
0.47397 0.54942
0.47447 0.54905
0.47497 0.54869
0.47548 0.54833
0.47598 0.54796
0.47648 0.5476
0.47698 0.54723
0.47748 0.54686
0.47798 0.54649
0.47848 0.54611
0.47898 0.54574
0.47948 0.54536
0.47998 0.54499
0.48048 0.54461
0.48098 0.54423
0.48148 0.54384
0.48198 0.54346
0.48248 0.54307
0.48298 0.54268
0.48348 0.54229
0.48398 0.5419
0.48448 0.5415
0.48498 0.54111
0.48549 0.54071
0.48599 0.54031
0.48649 0.5399
0.48699 0.5395
0.48749 0.53909
0.48799 0.53868
0.48849 0.53827
0.48899 0.53786
0.48949 0.53744
0.48999 0.53702
0.49049 0.5366
0.49099 0.53618
0.49149 0.53576
0.49199 0.53534
0.49249 0.53491
0.49299 0.53448
0.49349 0.53405
0.49399 0.53362
0.49449 0.53319
0.49499 0.53276
0.4955 0.53233
0.496 0.53189
0.4965 0.53145
0.497 0.53102
0.4975 0.53058
0.498 0.53014
0.4985 0.5297
0.499 0.52926
0.4995 0.52882
0.5 0.52838
0.5005 0.52794
0.501 0.52749
0.5015 0.52705
0.502 0.52661
0.5025 0.52617
0.503 0.52573
0.5035 0.52529
0.504 0.52485
0.5045 0.52441
0.50501 0.52397
0.50551 0.52353
0.50601 0.52309
0.50651 0.52266
0.50701 0.52222
0.50751 0.52179
0.50801 0.52135
0.50851 0.52092
0.50901 0.52049
0.50951 0.52006
0.51001 0.51964
0.51051 0.51921
0.51101 0.51879
0.51151 0.51837
0.51201 0.51795
0.51251 0.51754
0.51301 0.51712
0.51351 0.51671
0.51401 0.5163
0.51451 0.5159
0.51502 0.5155
0.51552 0.5151
0.51602 0.5147
0.51652 0.5143
0.51702 0.51391
0.51752 0.51352
0.51802 0.51314
0.51852 0.51276
0.51902 0.51238
0.51952 0.51201
0.52002 0.51163
0.52052 0.51127
0.52102 0.5109
0.52152 0.51054
0.52202 0.51019
0.52252 0.50983
0.52302 0.50948
0.52352 0.50914
0.52402 0.5088
0.52452 0.50846
0.52503 0.50813
0.52553 0.5078
0.52603 0.50747
0.52653 0.50715
0.52703 0.50683
0.52753 0.50651
0.52803 0.5062
0.52853 0.5059
0.52903 0.50559
0.52953 0.50529
0.53003 0.505
0.53053 0.50471
0.53103 0.50442
0.53153 0.50414
0.53203 0.50386
0.53253 0.50358
0.53303 0.50331
0.53353 0.50304
0.53403 0.50277
0.53453 0.50251
0.53504 0.50225
0.53554 0.502
0.53604 0.50175
0.53654 0.5015
0.53704 0.50125
0.53754 0.50101
0.53804 0.50077
0.53854 0.50053
0.53904 0.5003
0.53954 0.50007
0.54004 0.49984
0.54054 0.49962
0.54104 0.49939
0.54154 0.49917
0.54204 0.49896
0.54254 0.49874
0.54304 0.49853
0.54354 0.49832
0.54404 0.49811
0.54454 0.4979
0.54505 0.49769
0.54555 0.49749
0.54605 0.49729
0.54655 0.49709
0.54705 0.49689
0.54755 0.49669
0.54805 0.49649
0.54855 0.4963
0.54905 0.4961
0.54955 0.49591
0.55005 0.49571
0.55055 0.49552
0.55105 0.49533
0.55155 0.49514
0.55205 0.49495
0.55255 0.49475
0.55305 0.49456
0.55355 0.49437
0.55405 0.49418
0.55455 0.49399
0.55506 0.4938
0.55556 0.49361
0.55606 0.49341
0.55656 0.49322
0.55706 0.49303
0.55756 0.49283
0.55806 0.49264
0.55856 0.49244
0.55906 0.49224
0.55956 0.49205
0.56006 0.49185
0.56056 0.49165
0.56106 0.49145
0.56156 0.49124
0.56206 0.49104
0.56256 0.49083
0.56306 0.49063
0.56356 0.49042
0.56406 0.49021
0.56456 0.49
0.56507 0.48978
0.56557 0.48957
0.56607 0.48935
0.56657 0.48913
0.56707 0.48891
0.56757 0.48869
0.56807 0.48847
0.56857 0.48824
0.56907 0.48801
0.56957 0.48778
0.57007 0.48755
0.57057 0.48732
0.57107 0.48708
0.57157 0.48685
0.57207 0.48661
0.57257 0.48636
0.57307 0.48612
0.57357 0.48588
0.57407 0.48563
0.57457 0.48538
0.57508 0.48513
0.57558 0.48488
0.57608 0.48463
0.57658 0.48437
0.57708 0.48412
0.57758 0.48386
0.57808 0.4836
0.57858 0.48334
0.57908 0.48307
0.57958 0.48281
0.58008 0.48254
0.58058 0.48228
0.58108 0.48201
0.58158 0.48174
0.58208 0.48147
0.58258 0.4812
0.58308 0.48093
0.58358 0.48066
0.58408 0.48039
0.58458 0.48011
0.58509 0.47984
0.58559 0.47956
0.58609 0.47929
0.58659 0.47901
0.58709 0.47874
0.58759 0.47846
0.58809 0.47819
0.58859 0.47791
0.58909 0.47764
0.58959 0.47736
0.59009 0.47709
0.59059 0.47682
0.59109 0.47654
0.59159 0.47627
0.59209 0.476
0.59259 0.47573
0.59309 0.47546
0.59359 0.47519
0.59409 0.47492
0.59459 0.47466
0.5951 0.47439
0.5956 0.47413
0.5961 0.47387
0.5966 0.47361
0.5971 0.47335
0.5976 0.4731
0.5981 0.47284
0.5986 0.47259
0.5991 0.47234
0.5996 0.47209
0.6001 0.47185
0.6006 0.47161
0.6011 0.47137
0.6016 0.47113
0.6021 0.47089
0.6026 0.47066
0.6031 0.47043
0.6036 0.4702
0.6041 0.46998
0.6046 0.46976
0.60511 0.46954
0.60561 0.46933
0.60611 0.46912
0.60661 0.46891
0.60711 0.4687
0.60761 0.4685
0.60811 0.4683
0.60861 0.46811
0.60911 0.46792
0.60961 0.46773
0.61011 0.46755
0.61061 0.46737
0.61111 0.46719
0.61161 0.46702
0.61211 0.46685
0.61261 0.46668
0.61311 0.46652
0.61361 0.46636
0.61411 0.4662
0.61461 0.46605
0.61512 0.4659
0.61562 0.46576
0.61612 0.46562
0.61662 0.46548
0.61712 0.46535
0.61762 0.46522
0.61812 0.46509
0.61862 0.46497
0.61912 0.46485
0.61962 0.46474
0.62012 0.46462
0.62062 0.46452
0.62112 0.46441
0.62162 0.46431
0.62212 0.46421
0.62262 0.46411
0.62312 0.46402
0.62362 0.46393
0.62412 0.46385
0.62462 0.46376
0.62513 0.46368
0.62563 0.46361
0.62613 0.46353
0.62663 0.46346
0.62713 0.46339
0.62763 0.46333
0.62813 0.46326
0.62863 0.4632
0.62913 0.46314
0.62963 0.46309
0.63013 0.46303
0.63063 0.46298
0.63113 0.46293
0.63163 0.46288
0.63213 0.46284
0.63263 0.46279
0.63313 0.46275
0.63363 0.46271
0.63413 0.46267
0.63463 0.46263
0.63514 0.46259
0.63564 0.46256
0.63614 0.46253
0.63664 0.46249
0.63714 0.46246
0.63764 0.46243
0.63814 0.4624
0.63864 0.46237
0.63914 0.46234
0.63964 0.46231
0.64014 0.46229
0.64064 0.46226
0.64114 0.46223
0.64164 0.4622
0.64214 0.46218
0.64264 0.46215
0.64314 0.46212
0.64364 0.4621
0.64414 0.46207
0.64464 0.46204
0.64515 0.46202
0.64565 0.46199
0.64615 0.46196
0.64665 0.46193
0.64715 0.46191
0.64765 0.46188
0.64815 0.46185
0.64865 0.46181
0.64915 0.46178
0.64965 0.46175
0.65015 0.46172
0.65065 0.46168
0.65115 0.46165
0.65165 0.46161
0.65215 0.46158
0.65265 0.46154
0.65315 0.4615
0.65365 0.46146
0.65415 0.46142
0.65465 0.46138
0.65516 0.46133
0.65566 0.46129
0.65616 0.46124
0.65666 0.4612
0.65716 0.46115
0.65766 0.4611
0.65816 0.46105
0.65866 0.461
0.65916 0.46095
0.65966 0.46089
0.66016 0.46084
0.66066 0.46078
0.66116 0.46073
0.66166 0.46067
0.66216 0.46061
0.66266 0.46055
0.66316 0.46049
0.66366 0.46043
0.66416 0.46037
0.66466 0.4603
0.66517 0.46024
0.66567 0.46017
0.66617 0.46011
0.66667 0.46004
0.66717 0.45998
0.66767 0.45991
0.66817 0.45984
0.66867 0.45978
0.66917 0.45971
0.66967 0.45964
0.67017 0.45957
0.67067 0.4595
0.67117 0.45944
0.67167 0.45937
0.67217 0.4593
0.67267 0.45923
0.67317 0.45916
0.67367 0.4591
0.67417 0.45903
0.67467 0.45897
0.67518 0.4589
0.67568 0.45884
0.67618 0.45877
0.67668 0.45871
0.67718 0.45865
0.67768 0.45859
0.67818 0.45853
0.67868 0.45847
0.67918 0.45841
0.67968 0.45836
0.68018 0.4583
0.68068 0.45825
0.68118 0.4582
0.68168 0.45815
0.68218 0.45811
0.68268 0.45806
0.68318 0.45802
0.68368 0.45798
0.68418 0.45794
0.68468 0.4579
0.68519 0.45787
0.68569 0.45784
0.68619 0.45781
0.68669 0.45778
0.68719 0.45776
0.68769 0.45774
0.68819 0.45772
0.68869 0.45771
0.68919 0.45769
0.68969 0.45769
0.69019 0.45768
0.69069 0.45768
0.69119 0.45768
0.69169 0.45768
0.69219 0.45769
0.69269 0.4577
0.69319 0.45771
0.69369 0.45773
0.69419 0.45775
0.69469 0.45777
0.6952 0.4578
0.6957 0.45783
0.6962 0.45787
0.6967 0.45791
0.6972 0.45795
0.6977 0.458
0.6982 0.45805
0.6987 0.4581
0.6992 0.45816
0.6997 0.45822
0.7002 0.45828
0.7007 0.45835
0.7012 0.45843
0.7017 0.4585
0.7022 0.45858
0.7027 0.45867
0.7032 0.45875
0.7037 0.45885
0.7042 0.45894
0.7047 0.45904
0.70521 0.45914
0.70571 0.45925
0.70621 0.45936
0.70671 0.45947
0.70721 0.45959
0.70771 0.45971
0.70821 0.45984
0.70871 0.45996
0.70921 0.4601
0.70971 0.46023
0.71021 0.46037
0.71071 0.46051
0.71121 0.46065
0.71171 0.4608
0.71221 0.46095
0.71271 0.46111
0.71321 0.46127
0.71371 0.46143
0.71421 0.46159
0.71471 0.46175
0.71522 0.46192
0.71572 0.4621
0.71622 0.46227
0.71672 0.46245
0.71722 0.46263
0.71772 0.46281
0.71822 0.46299
0.71872 0.46318
0.71922 0.46337
0.71972 0.46356
0.72022 0.46375
0.72072 0.46395
0.72122 0.46415
0.72172 0.46434
0.72222 0.46455
0.72272 0.46475
0.72322 0.46495
0.72372 0.46516
0.72422 0.46537
0.72472 0.46558
0.72523 0.46579
0.72573 0.466
0.72623 0.46621
0.72673 0.46643
0.72723 0.46665
0.72773 0.46686
0.72823 0.46708
0.72873 0.4673
0.72923 0.46752
0.72973 0.46774
0.73023 0.46796
0.73073 0.46819
0.73123 0.46841
0.73173 0.46864
0.73223 0.46886
0.73273 0.46909
0.73323 0.46931
0.73373 0.46954
0.73423 0.46977
0.73473 0.46999
0.73524 0.47022
0.73574 0.47045
0.73624 0.47068
0.73674 0.47091
0.73724 0.47114
0.73774 0.47137
0.73824 0.4716
0.73874 0.47183
0.73924 0.47206
0.73974 0.47229
0.74024 0.47252
0.74074 0.47276
0.74124 0.47299
0.74174 0.47322
0.74224 0.47345
0.74274 0.47368
0.74324 0.47392
0.74374 0.47415
0.74424 0.47438
0.74474 0.47462
0.74525 0.47485
0.74575 0.47509
0.74625 0.47532
0.74675 0.47556
0.74725 0.47579
0.74775 0.47603
0.74825 0.47627
0.74875 0.4765
0.74925 0.47674
0.74975 0.47698
0.75025 0.47722
0.75075 0.47746
0.75125 0.4777
0.75175 0.47794
0.75225 0.47818
0.75275 0.47843
0.75325 0.47867
0.75375 0.47892
0.75425 0.47916
0.75475 0.47941
0.75526 0.47966
0.75576 0.47991
0.75626 0.48016
0.75676 0.48041
0.75726 0.48066
0.75776 0.48092
0.75826 0.48118
0.75876 0.48143
0.75926 0.48169
0.75976 0.48196
0.76026 0.48222
0.76076 0.48248
0.76126 0.48275
0.76176 0.48302
0.76226 0.48329
0.76276 0.48356
0.76326 0.48384
0.76376 0.48411
0.76426 0.48439
0.76476 0.48467
0.76527 0.48496
0.76577 0.48524
0.76627 0.48553
0.76677 0.48582
0.76727 0.48612
0.76777 0.48641
0.76827 0.48671
0.76877 0.48701
0.76927 0.48732
0.76977 0.48763
0.77027 0.48794
0.77077 0.48825
0.77127 0.48856
0.77177 0.48888
0.77227 0.4892
0.77277 0.48953
0.77327 0.48985
0.77377 0.49018
0.77427 0.49052
0.77477 0.49085
0.77528 0.49119
0.77578 0.49154
0.77628 0.49188
0.77678 0.49223
0.77728 0.49258
0.77778 0.49293
0.77828 0.49329
0.77878 0.49365
0.77928 0.49402
0.77978 0.49438
0.78028 0.49475
0.78078 0.49513
0.78128 0.4955
0.78178 0.49588
0.78228 0.49626
0.78278 0.49665
0.78328 0.49703
0.78378 0.49742
0.78428 0.49782
0.78478 0.49821
0.78529 0.49861
0.78579 0.49901
0.78629 0.49942
0.78679 0.49982
0.78729 0.50023
0.78779 0.50065
0.78829 0.50106
0.78879 0.50148
0.78929 0.5019
0.78979 0.50232
0.79029 0.50274
0.79079 0.50317
0.79129 0.5036
0.79179 0.50403
0.79229 0.50446
0.79279 0.50489
0.79329 0.50533
0.79379 0.50577
0.79429 0.50621
0.79479 0.50666
0.7953 0.50711
0.7958 0.50756
0.7963 0.50801
0.7968 0.50846
0.7973 0.50892
0.7978 0.50938
0.7983 0.50985
0.7988 0.51032
0.7993 0.51079
0.7998 0.51126
0.8003 0.51174
0.8008 0.51222
0.8013 0.5127
0.8018 0.51319
0.8023 0.51368
0.8028 0.51417
0.8033 0.51466
0.8038 0.51516
0.8043 0.51566
0.8048 0.51616
0.80531 0.51666
0.80581 0.51716
0.80631 0.51767
0.80681 0.51817
0.80731 0.51868
0.80781 0.51919
0.80831 0.5197
0.80881 0.52021
0.80931 0.52072
0.80981 0.52124
0.81031 0.52175
0.81081 0.52227
0.81131 0.52278
0.81181 0.5233
0.81231 0.52382
0.81281 0.52434
0.81331 0.52486
0.81381 0.52538
0.81431 0.5259
0.81481 0.52643
0.81532 0.52695
0.81582 0.52747
0.81632 0.528
0.81682 0.52852
0.81732 0.52905
0.81782 0.52958
0.81832 0.5301
0.81882 0.53063
0.81932 0.53116
0.81982 0.53169
0.82032 0.53222
0.82082 0.53275
0.82132 0.53329
0.82182 0.53382
0.82232 0.53435
0.82282 0.53489
0.82332 0.53542
0.82382 0.53596
0.82432 0.53649
0.82482 0.53703
0.82533 0.53757
0.82583 0.5381
0.82633 0.53864
0.82683 0.53918
0.82733 0.53972
0.82783 0.54026
0.82833 0.54081
0.82883 0.54135
0.82933 0.54189
0.82983 0.54243
0.83033 0.54298
0.83083 0.54352
0.83133 0.54407
0.83183 0.54461
0.83233 0.54516
0.83283 0.54571
0.83333 0.54626
0.83383 0.54681
0.83433 0.54736
0.83483 0.54791
0.83534 0.54846
0.83584 0.54901
0.83634 0.54956
0.83684 0.55012
0.83734 0.55067
0.83784 0.55122
0.83834 0.55178
0.83884 0.55234
0.83934 0.55289
0.83984 0.55345
0.84034 0.55401
0.84084 0.55457
0.84134 0.55513
0.84184 0.55569
0.84234 0.55625
0.84284 0.55682
0.84334 0.55738
0.84384 0.55795
0.84434 0.55851
0.84484 0.55908
0.84535 0.55965
0.84585 0.56021
0.84635 0.56078
0.84685 0.56135
0.84735 0.56192
0.84785 0.5625
0.84835 0.56307
0.84885 0.56364
0.84935 0.56422
0.84985 0.5648
0.85035 0.56537
0.85085 0.56595
0.85135 0.56653
0.85185 0.56711
0.85235 0.56769
0.85285 0.56827
0.85335 0.56886
0.85385 0.56944
0.85435 0.57003
0.85485 0.57061
0.85536 0.5712
0.85586 0.57179
0.85636 0.57238
0.85686 0.57297
0.85736 0.57357
0.85786 0.57416
0.85836 0.57475
0.85886 0.57535
0.85936 0.57595
0.85986 0.57655
0.86036 0.57715
0.86086 0.57775
0.86136 0.57835
0.86186 0.57895
0.86236 0.57956
0.86286 0.58016
0.86336 0.58077
0.86386 0.58138
0.86436 0.58199
0.86486 0.5826
0.86537 0.58321
0.86587 0.58383
0.86637 0.58444
0.86687 0.58506
0.86737 0.58568
0.86787 0.5863
0.86837 0.58692
0.86887 0.58754
0.86937 0.58816
0.86987 0.58879
0.87037 0.58941
0.87087 0.59004
0.87137 0.59067
0.87187 0.5913
0.87237 0.59193
0.87287 0.59257
0.87337 0.5932
0.87387 0.59384
0.87437 0.59447
0.87487 0.59511
0.87538 0.59575
0.87588 0.59639
0.87638 0.59703
0.87688 0.59768
0.87738 0.59832
0.87788 0.59897
0.87838 0.59962
0.87888 0.60027
0.87938 0.60092
0.87988 0.60157
0.88038 0.60222
0.88088 0.60288
0.88138 0.60353
0.88188 0.60419
0.88238 0.60485
0.88288 0.60551
0.88338 0.60617
0.88388 0.60683
0.88438 0.6075
0.88488 0.60816
0.88539 0.60883
0.88589 0.6095
0.88639 0.61017
0.88689 0.61084
0.88739 0.61151
0.88789 0.61218
0.88839 0.61285
0.88889 0.61353
0.88939 0.6142
0.88989 0.61488
0.89039 0.61556
0.89089 0.61624
0.89139 0.61692
0.89189 0.6176
0.89239 0.61828
0.89289 0.61897
0.89339 0.61965
0.89389 0.62034
0.89439 0.62102
0.89489 0.62171
0.8954 0.6224
0.8959 0.62309
0.8964 0.62378
0.8969 0.62447
0.8974 0.62516
0.8979 0.62586
0.8984 0.62655
0.8989 0.62725
0.8994 0.62794
0.8999 0.62864
0.9004 0.62934
0.9009 0.63003
0.9014 0.63073
0.9019 0.63143
0.9024 0.63213
0.9029 0.63283
0.9034 0.63353
0.9039 0.63424
0.9044 0.63494
0.9049 0.63564
0.90541 0.63634
0.90591 0.63705
0.90641 0.63775
0.90691 0.63846
0.90741 0.63916
0.90791 0.63987
0.90841 0.64058
0.90891 0.64128
0.90941 0.64199
0.90991 0.6427
0.91041 0.6434
0.91091 0.64411
0.91141 0.64482
0.91191 0.64553
0.91241 0.64624
0.91291 0.64695
0.91341 0.64766
0.91391 0.64836
0.91441 0.64907
0.91491 0.64978
0.91542 0.65049
0.91592 0.6512
0.91642 0.65191
0.91692 0.65262
0.91742 0.65333
0.91792 0.65404
0.91842 0.65475
0.91892 0.65546
0.91942 0.65617
0.91992 0.65688
0.92042 0.65759
0.92092 0.65829
0.92142 0.659
0.92192 0.65971
0.92242 0.66042
0.92292 0.66113
0.92342 0.66184
0.92392 0.66254
0.92442 0.66325
0.92492 0.66396
0.92543 0.66466
0.92593 0.66537
0.92643 0.66608
0.92693 0.66678
0.92743 0.66749
0.92793 0.66819
0.92843 0.6689
0.92893 0.6696
0.92943 0.67031
0.92993 0.67101
0.93043 0.67171
0.93093 0.67241
0.93143 0.67312
0.93193 0.67382
0.93243 0.67452
0.93293 0.67522
0.93343 0.67592
0.93393 0.67662
0.93443 0.67732
0.93493 0.67802
0.93544 0.67872
0.93594 0.67941
0.93644 0.68011
0.93694 0.68081
0.93744 0.6815
0.93794 0.6822
0.93844 0.6829
0.93894 0.68359
0.93944 0.68428
0.93994 0.68498
0.94044 0.68567
0.94094 0.68637
0.94144 0.68706
0.94194 0.68775
0.94244 0.68844
0.94294 0.68913
0.94344 0.68982
0.94394 0.69051
0.94444 0.6912
0.94494 0.69189
0.94545 0.69258
0.94595 0.69327
0.94645 0.69396
0.94695 0.69465
0.94745 0.69533
0.94795 0.69602
0.94845 0.69671
0.94895 0.6974
0.94945 0.69808
0.94995 0.69877
0.95045 0.69945
0.95095 0.70014
0.95145 0.70082
0.95195 0.70151
0.95245 0.70219
0.95295 0.70288
0.95345 0.70356
0.95395 0.70425
0.95445 0.70493
0.95495 0.70562
0.95546 0.7063
0.95596 0.70698
0.95646 0.70767
0.95696 0.70835
0.95746 0.70904
0.95796 0.70972
0.95846 0.7104
0.95896 0.71109
0.95946 0.71177
0.95996 0.71246
0.96046 0.71314
0.96096 0.71383
0.96146 0.71451
0.96196 0.7152
0.96246 0.71588
0.96296 0.71657
0.96346 0.71725
0.96396 0.71794
0.96446 0.71863
0.96496 0.71931
0.96547 0.72
0.96597 0.72069
0.96647 0.72138
0.96697 0.72207
0.96747 0.72276
0.96797 0.72345
0.96847 0.72414
0.96897 0.72483
0.96947 0.72552
0.96997 0.72621
0.97047 0.72691
0.97097 0.7276
0.97147 0.72829
0.97197 0.72899
0.97247 0.72969
0.97297 0.73038
0.97347 0.73108
0.97397 0.73178
0.97447 0.73248
0.97497 0.73318
0.97548 0.73388
0.97598 0.73458
0.97648 0.73528
0.97698 0.73599
0.97748 0.73669
0.97798 0.7374
0.97848 0.7381
0.97898 0.73881
0.97948 0.73952
0.97998 0.74023
0.98048 0.74094
0.98098 0.74165
0.98148 0.74237
0.98198 0.74308
0.98248 0.7438
0.98298 0.74451
0.98348 0.74523
0.98398 0.74595
0.98448 0.74667
0.98498 0.74739
0.98549 0.74811
0.98599 0.74884
0.98649 0.74956
0.98699 0.75029
0.98749 0.75101
0.98799 0.75174
0.98849 0.75247
0.98899 0.7532
0.98949 0.75393
0.98999 0.75466
0.99049 0.7554
0.99099 0.75613
0.99149 0.75687
0.99199 0.75761
0.99249 0.75834
0.99299 0.75908
0.99349 0.75982
0.99399 0.76057
0.99449 0.76131
0.99499 0.76205
0.9955 0.7628
0.996 0.76354
0.9965 0.76429
0.997 0.76504
0.9975 0.76579
0.998 0.76654
0.9985 0.76729
0.999 0.76804
0.9995 0.76879
1 0.76955
