n sing_values 
1 0.63205
2 0.08807
3 0.085608
4 0.029928
5 0.029766
6 0.014594
7 0.014401
8 0.0088882
9 0.0087854
10 0.006245
11 0.0061834
12 0.004729
13 0.0046332
14 0.0036821
15 0.0036605
16 0.0030328
17 0.0030163
18 0.0025538
19 0.0025127
20 0.0021684
21 0.0021543
22 0.0018926
23 0.0018825
24 0.0016644
25 0.0016442
26 0.0014724
27 0.0014621
28 0.0013213
29 0.001313
30 0.0011882
31 0.0011765
32 0.0010732
33 0.0010658
34 0.00097792
35 0.00097181
36 0.00089206
37 0.00088357
38 0.00081462
39 0.00080931
40 0.00074911
41 0.0007446
42 0.00068976
43 0.00068336
44 0.00063391
45 0.0006297
46 0.0005861
47 0.00058224
48 0.00054263
49 0.00053796
50 0.00050114
51 0.00049747
52 0.00046467
53 0.00046138
54 0.0004316
55 0.00042828
56 0.00040025
57 0.00039695
58 0.00037155
59 0.00036885
60 0.00034578
61 0.00034329
62 0.00032164
63 0.00031886
64 0.00029884
65 0.00029662
66 0.00027841
67 0.00027638
68 0.00025947
69 0.00025726
70 0.00024136
71 0.00023946
72 0.00022493
73 0.00022321
74 0.00020981
75 0.00020811
76 0.00019545
77 0.00019381
78 0.00018213
79 0.0001807
80 0.00016996
81 0.00016862
82 0.00015852
83 0.00015714
84 0.00014771
85 0.00014653
86 0.00013785
87 0.00013676
88 0.00012866
89 0.00012755
90 0.00011993
91 0.00011894
92 0.0001119
93 0.000111
94 0.00010447
95 0.00010359
96 9.7437e-05
97 9.6602e-05
98 9.0886e-05
99 9.0138e-05
100 8.4852e-05
101 8.4145e-05
102 7.9178e-05
103 7.8485e-05
104 7.3841e-05
105 7.3223e-05
106 6.8926e-05
107 6.8351e-05
108 6.4336e-05
109 6.3771e-05
110 6e-05
111 5.9488e-05
112 5.599e-05
113 5.5518e-05
114 5.2265e-05
115 5.1809e-05
116 4.875e-05
117 4.8326e-05
118 4.5479e-05
119 4.509e-05
120 4.2448e-05
121 4.208e-05
122 3.9601e-05
123 3.9251e-05
124 3.6934e-05
125 3.6615e-05
126 3.4466e-05
127 3.4167e-05
128 3.2157e-05
129 3.1871e-05
130 2.9987e-05
131 2.9726e-05
132 2.7976e-05
133 2.7733e-05
134 2.6102e-05
135 2.5869e-05
136 2.434e-05
137 2.4125e-05
138 2.2701e-05
139 2.2502e-05
140 2.1178e-05
141 2.0989e-05
142 1.9748e-05
143 1.9572e-05
144 1.8414e-05
145 1.8251e-05
146 1.7175e-05
147 1.7022e-05
148 1.6016e-05
149 1.5871e-05
150 1.493e-05
151 1.4798e-05
152 1.3923e-05
153 1.3799e-05
154 1.2982e-05
155 1.2865e-05
156 1.2101e-05
157 1.1993e-05
158 1.1282e-05
159 1.1181e-05
160 1.0519e-05
161 1.0423e-05
162 9.8036e-06
163 9.7151e-06
164 9.1377e-06
165 9.0554e-06
166 8.5182e-06
167 8.4409e-06
168 7.9386e-06
169 7.8664e-06
170 7.3978e-06
171 7.3309e-06
172 6.8951e-06
173 6.8323e-06
174 6.4253e-06
175 6.3666e-06
176 5.9866e-06
177 5.9321e-06
178 5.5786e-06
179 5.5277e-06
180 5.198e-06
181 5.1503e-06
182 4.8423e-06
183 4.7981e-06
184 4.5114e-06
185 4.4701e-06
186 4.2031e-06
187 4.1644e-06
188 3.915e-06
189 3.8791e-06
190 3.6467e-06
191 3.6132e-06
192 3.397e-06
193 3.3657e-06
194 3.1638e-06
195 3.1346e-06
196 2.9465e-06
197 2.9193e-06
198 2.7443e-06
199 2.7189e-06
200 2.5556e-06
201 2.5319e-06
202 2.3796e-06
203 2.3576e-06
204 2.2159e-06
205 2.1954e-06
206 2.0633e-06
207 2.0441e-06
208 1.921e-06
209 1.9031e-06
210 1.7885e-06
211 1.7719e-06
212 1.6651e-06
213 1.6496e-06
214 1.55e-06
215 1.5356e-06
216 1.4429e-06
217 1.4294e-06
218 1.3432e-06
219 1.3306e-06
220 1.2502e-06
221 1.2385e-06
222 1.1636e-06
223 1.1527e-06
224 1.083e-06
225 1.0728e-06
226 1.0079e-06
227 9.9843e-07
228 9.3796e-07
229 9.2913e-07
230 8.7288e-07
231 8.6464e-07
232 8.1224e-07
233 8.0457e-07
234 7.5575e-07
235 7.4862e-07
236 7.0321e-07
237 6.9655e-07
238 6.5428e-07
239 6.4807e-07
240 6.087e-07
241 6.0292e-07
242 5.6629e-07
243 5.6091e-07
244 5.2682e-07
245 5.218e-07
246 4.9005e-07
247 4.8539e-07
248 4.5585e-07
249 4.515e-07
250 4.2402e-07
251 4.1997e-07
252 3.9438e-07
253 3.9061e-07
254 3.668e-07
255 3.6329e-07
256 3.4114e-07
257 3.3787e-07
258 3.1726e-07
259 3.1422e-07
260 2.9503e-07
261 2.922e-07
262 2.7436e-07
263 2.7172e-07
264 2.5512e-07
265 2.5266e-07
266 2.3722e-07
267 2.3493e-07
268 2.2057e-07
269 2.1844e-07
270 2.0508e-07
271 2.0309e-07
272 1.9066e-07
273 1.8881e-07
274 1.7725e-07
275 1.7553e-07
276 1.6479e-07
277 1.6319e-07
278 1.5318e-07
279 1.517e-07
280 1.424e-07
281 1.4101e-07
282 1.3236e-07
283 1.3107e-07
284 1.2303e-07
285 1.2183e-07
286 1.1435e-07
287 1.1323e-07
288 1.0628e-07
289 1.0524e-07
290 9.8776e-08
291 9.7809e-08
292 9.1797e-08
293 9.0897e-08
294 8.531e-08
295 8.4471e-08
296 7.9276e-08
297 7.8497e-08
298 7.3666e-08
299 7.2941e-08
300 6.8453e-08
301 6.7777e-08
302 6.3604e-08
303 6.2977e-08
304 5.9097e-08
305 5.8513e-08
306 5.4908e-08
307 5.4364e-08
308 5.1014e-08
309 5.0508e-08
310 4.7393e-08
311 4.6923e-08
312 4.4029e-08
313 4.3591e-08
314 4.0902e-08
315 4.0494e-08
316 3.7995e-08
317 3.7616e-08
318 3.5294e-08
319 3.4941e-08
320 3.2784e-08
321 3.2456e-08
322 3.0451e-08
323 3.0146e-08
324 2.8283e-08
325 2.7999e-08
326 2.6268e-08
327 2.6005e-08
328 2.4397e-08
329 2.4151e-08
330 2.2657e-08
331 2.2429e-08
332 2.1042e-08
333 2.0829e-08
334 1.954e-08
335 1.9343e-08
336 1.8145e-08
337 1.7962e-08
338 1.685e-08
339 1.6679e-08
340 1.5646e-08
341 1.5487e-08
342 1.4527e-08
343 1.438e-08
344 1.3489e-08
345 1.3352e-08
346 1.2524e-08
347 1.2396e-08
348 1.1627e-08
349 1.1509e-08
350 1.0795e-08
351 1.0685e-08
352 1.0022e-08
353 9.9195e-09
354 9.3037e-09
355 9.2086e-09
356 8.6368e-09
357 8.5483e-09
358 8.0175e-09
359 7.9352e-09
360 7.4423e-09
361 7.3658e-09
362 6.9081e-09
363 6.837e-09
364 6.4122e-09
365 6.3461e-09
366 5.9516e-09
367 5.8902e-09
368 5.5239e-09
369 5.4668e-09
370 5.1269e-09
371 5.0738e-09
372 4.7582e-09
373 4.7089e-09
374 4.4159e-09
375 4.3701e-09
376 4.0981e-09
377 4.0555e-09
378 3.8031e-09
379 3.7635e-09
380 3.5291e-09
381 3.4924e-09
382 3.2749e-09
383 3.2407e-09
384 3.0388e-09
385 3.0071e-09
386 2.8197e-09
387 2.7902e-09
388 2.6164e-09
389 2.5889e-09
390 2.4276e-09
391 2.4021e-09
392 2.2523e-09
393 2.2287e-09
394 2.0897e-09
395 2.0677e-09
396 1.9388e-09
397 1.9183e-09
398 1.7987e-09
399 1.7797e-09
400 1.6687e-09
401 1.651e-09
402 1.548e-09
403 1.5316e-09
404 1.436e-09
405 1.4208e-09
406 1.3321e-09
407 1.318e-09
408 1.2357e-09
409 1.2226e-09
410 1.1462e-09
411 1.134e-09
412 1.0632e-09
413 1.0519e-09
414 9.8614e-10
415 9.7564e-10
416 9.1466e-10
417 9.0491e-10
418 8.4833e-10
419 8.3928e-10
420 7.868e-10
421 7.7839e-10
422 7.2971e-10
423 7.2191e-10
424 6.7675e-10
425 6.695e-10
426 6.2761e-10
427 6.2089e-10
428 5.8203e-10
429 5.7579e-10
430 5.3974e-10
431 5.3395e-10
432 5.0052e-10
433 4.9514e-10
434 4.6413e-10
435 4.5914e-10
436 4.3037e-10
437 4.2574e-10
438 3.9907e-10
439 3.9477e-10
440 3.7003e-10
441 3.6604e-10
442 3.4309e-10
443 3.3939e-10
444 3.1811e-10
445 3.1467e-10
446 2.9494e-10
447 2.9175e-10
448 2.7345e-10
449 2.7049e-10
450 2.5352e-10
451 2.5078e-10
452 2.3504e-10
453 2.3249e-10
454 2.179e-10
455 2.1554e-10
456 2.02e-10
457 1.9981e-10
458 1.8726e-10
459 1.8523e-10
460 1.7359e-10
461 1.7171e-10
462 1.6092e-10
463 1.5917e-10
464 1.4916e-10
465 1.4755e-10
466 1.3827e-10
467 1.3677e-10
468 1.2816e-10
469 1.2677e-10
470 1.1879e-10
471 1.1751e-10
472 1.1011e-10
473 1.0891e-10
474 1.0205e-10
475 1.0095e-10
476 9.4586e-11
477 9.3563e-11
478 8.7663e-11
479 8.6717e-11
480 8.1246e-11
481 8.0369e-11
482 7.5296e-11
483 7.4484e-11
484 6.9781e-11
485 6.903e-11
486 6.4668e-11
487 6.3973e-11
488 5.9929e-11
489 5.9285e-11
490 5.5535e-11
491 5.494e-11
492 5.1463e-11
493 5.0912e-11
494 4.7688e-11
495 4.7179e-11
496 4.4189e-11
497 4.3718e-11
498 4.0946e-11
499 4.0511e-11
500 3.794e-11
501 3.7538e-11
502 3.5154e-11
503 3.4783e-11
504 3.2572e-11
505 3.2229e-11
506 3.0179e-11
507 2.9862e-11
508 2.7961e-11
509 2.7669e-11
510 2.5906e-11
511 2.5636e-11
512 2.4001e-11
513 2.3752e-11
514 2.2236e-11
515 2.2006e-11
516 2.06e-11
517 2.0389e-11
518 1.9084e-11
519 1.8889e-11
520 1.7679e-11
521 1.75e-11
522 1.6378e-11
523 1.6213e-11
524 1.5171e-11
525 1.502e-11
526 1.4054e-11
527 1.3914e-11
528 1.3018e-11
529 1.289e-11
530 1.2059e-11
531 1.1941e-11
532 1.117e-11
533 1.1062e-11
534 1.0346e-11
535 1.0247e-11
536 9.5831e-12
537 9.4923e-12
538 8.8761e-12
539 8.7929e-12
540 8.2211e-12
541 8.145e-12
542 7.6142e-12
543 7.5448e-12
544 7.052e-12
545 6.9886e-12
546 6.5312e-12
547 6.4733e-12
548 6.0487e-12
549 5.996e-12
550 5.6017e-12
551 5.5538e-12
552 5.1878e-12
553 5.1442e-12
554 4.8043e-12
555 4.7647e-12
556 4.4491e-12
557 4.4132e-12
558 4.12e-12
559 4.0876e-12
560 3.8152e-12
561 3.786e-12
562 3.5328e-12
563 3.5065e-12
564 3.2713e-12
565 3.2476e-12
566 3.0291e-12
567 3.0078e-12
568 2.8048e-12
569 2.7857e-12
570 2.5971e-12
571 2.58e-12
572 2.4047e-12
573 2.3895e-12
574 2.2266e-12
575 2.2131e-12
576 2.0616e-12
577 2.0496e-12
578 1.9087e-12
579 1.8982e-12
580 1.7671e-12
581 1.7579e-12
582 1.636e-12
583 1.628e-12
584 1.5146e-12
585 1.5076e-12
586 1.4022e-12
587 1.3962e-12
588 1.2982e-12
589 1.293e-12
590 1.2019e-12
591 1.1975e-12
592 1.1126e-12
593 1.1089e-12
594 1.03e-12
595 1.0269e-12
596 9.5343e-13
597 9.5086e-13
598 8.8261e-13
599 8.8047e-13
600 8.1708e-13
601 8.153e-13
602 7.5643e-13
603 7.5495e-13
604 7.0026e-13
605 6.9899e-13
606 6.4825e-13
607 6.471e-13
608 6.0015e-13
609 5.9905e-13
610 5.557e-13
611 5.5459e-13
612 5.1457e-13
613 5.1343e-13
614 4.7644e-13
615 4.7526e-13
616 4.4106e-13
617 4.3984e-13
618 4.0828e-13
619 4.0701e-13
620 3.7797e-13
621 3.7664e-13
622 3.4995e-13
623 3.4856e-13
624 3.2402e-13
625 3.226e-13
626 3.0003e-13
627 2.9859e-13
628 2.7781e-13
629 2.7638e-13
630 2.5721e-13
631 2.558e-13
632 2.3811e-13
633 2.3673e-13
634 2.204e-13
635 2.1905e-13
636 2.04e-13
637 2.0267e-13
638 1.8881e-13
639 1.8752e-13
640 1.7476e-13
641 1.7349e-13
642 1.6139e-13
643 1.6088e-13
644 1.4975e-13
645 1.4852e-13
646 1.3862e-13
647 1.3744e-13
648 1.2831e-13
649 1.2719e-13
650 1.1875e-13
651 1.1769e-13
652 1.0989e-13
653 1.0887e-13
654 1.0171e-13
655 1.0072e-13
656 9.4154e-14
657 9.3197e-14
658 8.7161e-14
659 8.6257e-14
660 8.067e-14
661 7.9829e-14
662 7.4648e-14
663 7.3874e-14
664 6.9056e-14
665 6.8343e-14
666 6.3873e-14
667 6.3198e-14
668 5.9111e-14
669 5.844e-14
670 5.4752e-14
671 5.4091e-14
672 5.0716e-14
673 5.0112e-14
674 4.6916e-14
675 4.6419e-14
676 4.3403e-14
677 4.2924e-14
678 4.0161e-14
679 3.9702e-14
680 3.7235e-14
681 3.676e-14
682 3.4601e-14
683 3.4109e-14
684 3.2132e-14
685 3.1721e-14
686 2.9777e-14
687 2.9483e-14
688 2.7628e-14
689 2.7378e-14
690 2.5802e-14
691 2.5556e-14
692 2.4256e-14
693 2.4054e-14
694 2.2927e-14
695 2.2665e-14
696 2.1598e-14
697 2.1295e-14
698 2.0135e-14
699 1.9887e-14
700 1.881e-14
701 1.8643e-14
702 1.7984e-14
703 1.7866e-14
704 1.6998e-14
705 1.6823e-14
706 1.5801e-14
707 1.5633e-14
708 1.474e-14
709 1.4588e-14
710 1.4084e-14
711 1.3981e-14
712 1.3368e-14
713 1.3226e-14
714 1.2517e-14
715 1.2359e-14
716 1.1721e-14
717 1.1578e-14
718 1.0946e-14
719 1.0827e-14
720 1.0263e-14
721 1.016e-14
722 9.7853e-15
723 9.7096e-15
724 9.2609e-15
725 9.1784e-15
726 8.7379e-15
727 8.6358e-15
728 8.2522e-15
729 8.1739e-15
730 7.8291e-15
731 7.7594e-15
732 7.452e-15
733 7.4005e-15
734 7.3455e-15
735 7.3003e-15
736 6.9252e-15
737 6.8538e-15
738 6.4572e-15
739 6.4183e-15
740 6.2381e-15
741 6.2267e-15
742 5.9368e-15
743 5.8783e-15
744 5.5473e-15
745 5.4843e-15
746 5.1876e-15
747 5.1398e-15
748 4.8459e-15
749 4.805e-15
750 4.5486e-15
751 4.51e-15
752 4.3237e-15
753 4.3188e-15
754 4.1631e-15
755 4.1408e-15
756 3.9571e-15
757 3.9193e-15
758 3.7123e-15
759 3.6784e-15
760 3.5185e-15
761 3.4834e-15
762 3.3688e-15
763 3.3456e-15
764 3.2354e-15
765 3.2069e-15
766 3.1088e-15
767 3.1e-15
768 2.9786e-15
769 2.9626e-15
770 2.8593e-15
771 2.8339e-15
772 2.7326e-15
773 2.7218e-15
774 2.6364e-15
775 2.627e-15
776 2.5583e-15
777 2.5566e-15
778 2.5009e-15
779 2.4981e-15
780 2.397e-15
781 2.3831e-15
782 2.3179e-15
783 2.3101e-15
784 2.219e-15
785 2.2125e-15
786 2.1222e-15
787 2.1184e-15
788 2.037e-15
789 2.0126e-15
790 1.9765e-15
791 1.9647e-15
792 1.9227e-15
793 1.9216e-15
794 1.8267e-15
795 1.8183e-15
796 1.7545e-15
797 1.7484e-15
798 1.6569e-15
799 1.6547e-15
800 1.6048e-15
801 1.6013e-15
802 1.5447e-15
803 1.533e-15
804 1.4989e-15
805 1.4974e-15
806 1.4583e-15
807 1.4545e-15
808 1.3834e-15
809 1.3757e-15
810 1.3331e-15
811 1.33e-15
812 1.2744e-15
813 1.2736e-15
814 1.2182e-15
815 1.2162e-15
816 1.1728e-15
817 1.1714e-15
818 1.1159e-15
819 1.1153e-15
820 1.1024e-15
821 1.0923e-15
822 1.0688e-15
823 1.0662e-15
824 1.0217e-15
825 1.0212e-15
826 1.0012e-15
827 9.9836e-16
828 9.6388e-16
829 9.614e-16
830 9.4059e-16
831 9.3841e-16
832 9.0727e-16
833 9.0668e-16
834 8.9068e-16
835 8.8888e-16
836 8.5276e-16
837 8.5152e-16
838 8.2855e-16
839 8.2815e-16
840 7.9881e-16
841 7.9835e-16
842 7.7481e-16
843 7.7225e-16
844 7.4621e-16
845 7.4563e-16
846 7.2533e-16
847 7.2516e-16
848 7.0353e-16
849 7.0187e-16
850 6.8545e-16
851 6.845e-16
852 6.6997e-16
853 6.6885e-16
854 6.398e-16
855 6.3927e-16
856 6.1514e-16
857 6.1453e-16
858 6.0408e-16
859 6.019e-16
860 5.7637e-16
861 5.7489e-16
862 5.5753e-16
863 5.5581e-16
864 5.4323e-16
865 5.4079e-16
866 5.2788e-16
867 5.2756e-16
868 5.1942e-16
869 5.1527e-16
870 5.0406e-16
871 5.032e-16
872 4.7863e-16
873 4.7716e-16
874 4.683e-16
875 4.6762e-16
876 4.4865e-16
877 4.4842e-16
878 4.3775e-16
879 4.3667e-16
880 4.2639e-16
881 4.2532e-16
882 4.0203e-16
883 4.0164e-16
884 3.8153e-16
885 3.8089e-16
886 3.7485e-16
887 3.7313e-16
888 3.5417e-16
889 3.5363e-16
890 3.4959e-16
891 3.4948e-16
892 3.3935e-16
893 3.3926e-16
894 3.2566e-16
895 3.2389e-16
896 3.1723e-16
897 3.1692e-16
898 3.1016e-16
899 3.1e-16
900 3.0793e-16
901 3.0736e-16
902 2.9985e-16
903 2.9966e-16
904 2.963e-16
905 2.96e-16
906 2.8401e-16
907 2.8378e-16
908 2.8195e-16
909 2.8165e-16
910 2.7651e-16
911 2.7604e-16
912 2.6936e-16
913 2.6834e-16
914 2.6402e-16
915 2.6364e-16
916 2.6061e-16
917 2.5986e-16
918 2.5622e-16
919 2.5467e-16
920 2.4991e-16
921 2.4928e-16
922 2.4872e-16
923 2.4818e-16
924 2.4115e-16
925 2.4084e-16
926 2.3684e-16
927 2.3643e-16
928 2.3477e-16
929 2.3396e-16
930 2.3165e-16
931 2.3109e-16
932 2.2565e-16
933 2.246e-16
934 2.2319e-16
935 2.2289e-16
936 2.2081e-16
937 2.1726e-16
938 2.1668e-16
939 2.1458e-16
940 2.1363e-16
941 2.1226e-16
942 2.1151e-16
943 2.0705e-16
944 2.069e-16
945 2.0491e-16
946 2.0327e-16
947 2.0257e-16
948 2.0185e-16
949 1.997e-16
950 1.9895e-16
951 1.9678e-16
952 1.9516e-16
953 1.9305e-16
954 1.9276e-16
955 1.9128e-16
956 1.9097e-16
957 1.8624e-16
958 1.8582e-16
959 1.8424e-16
960 1.8328e-16
961 1.8154e-16
962 1.8122e-16
963 1.7766e-16
964 1.7687e-16
965 1.7464e-16
966 1.7442e-16
967 1.7175e-16
968 1.7131e-16
969 1.702e-16
970 1.7003e-16
971 1.6617e-16
972 1.6592e-16
973 1.6428e-16
974 1.6415e-16
975 1.5986e-16
976 1.592e-16
977 1.5773e-16
978 1.5736e-16
979 1.5583e-16
980 1.5571e-16
981 1.5498e-16
982 1.5404e-16
983 1.525e-16
984 1.5248e-16
985 1.5001e-16
986 1.4903e-16
987 1.4838e-16
988 1.4826e-16
989 1.4695e-16
990 1.4676e-16
991 1.4475e-16
992 1.4443e-16
993 1.4333e-16
994 1.4254e-16
995 1.4237e-16
996 1.4215e-16
997 1.4001e-16
998 1.394e-16
999 1.3824e-16
1000 1.3764e-16
1001 1.3749e-16
1002 1.3602e-16
1003 1.3477e-16
1004 1.3469e-16
1005 1.3337e-16
1006 1.3203e-16
1007 1.313e-16
1008 1.3056e-16
1009 1.2993e-16
1010 1.2918e-16
1011 1.2917e-16
1012 1.2907e-16
1013 1.2868e-16
1014 1.2675e-16
1015 1.2501e-16
1016 1.2476e-16
1017 1.2419e-16
1018 1.2279e-16
1019 1.2211e-16
1020 1.2154e-16
1021 1.2075e-16
1022 1.197e-16
1023 1.1932e-16
1024 1.1823e-16
1025 1.1725e-16
1026 1.1606e-16
1027 1.1505e-16
1028 1.1423e-16
1029 1.1395e-16
1030 1.1387e-16
1031 1.1244e-16
1032 1.1109e-16
1033 1.1006e-16
1034 1.0898e-16
1035 1.0845e-16
1036 1.0788e-16
1037 1.0623e-16
1038 1.0492e-16
1039 1.0404e-16
1040 1.0308e-16
1041 1.029e-16
1042 1.0067e-16
1043 9.9346e-17
1044 9.9054e-17
1045 9.7841e-17
1046 9.6092e-17
1047 9.5255e-17
1048 9.504e-17
1049 9.3091e-17
1050 9.1944e-17
1051 8.9918e-17
1052 8.9048e-17
1053 8.7177e-17
1054 8.7018e-17
1055 8.5406e-17
1056 8.463e-17
1057 8.444e-17
1058 8.2841e-17
1059 8.1395e-17
1060 8.1226e-17
1061 7.9478e-17
1062 7.9468e-17
1063 7.8393e-17
1064 7.6217e-17
1065 7.4906e-17
1066 7.2949e-17
1067 7.1719e-17
1068 7.0251e-17
1069 7.0005e-17
1070 6.8543e-17
1071 6.7341e-17
1072 6.7119e-17
1073 6.59e-17
1074 6.577e-17
1075 6.5294e-17
1076 6.4958e-17
1077 6.4412e-17
1078 6.4271e-17
1079 6.4207e-17
1080 6.4148e-17
1081 6.3994e-17
1082 6.3655e-17
1083 6.3566e-17
1084 6.3553e-17
1085 6.3116e-17
1086 6.2951e-17
1087 6.2682e-17
1088 6.2632e-17
1089 6.2574e-17
1090 6.2498e-17
1091 6.2298e-17
1092 6.1987e-17
1093 6.1987e-17
1094 6.1987e-17
1095 6.1987e-17
1096 6.1987e-17
1097 6.1987e-17
1098 6.1987e-17
1099 6.1987e-17
1100 6.1987e-17
1101 6.1987e-17
1102 6.1987e-17
1103 6.1987e-17
1104 6.1987e-17
1105 6.1987e-17
1106 6.1987e-17
1107 6.1987e-17
1108 6.1987e-17
1109 6.1987e-17
1110 6.1987e-17
1111 6.1987e-17
1112 6.1987e-17
1113 6.1987e-17
1114 6.1987e-17
1115 6.1987e-17
1116 6.1987e-17
1117 6.1987e-17
1118 6.1987e-17
1119 6.1987e-17
1120 6.1987e-17
1121 6.1987e-17
1122 6.1987e-17
1123 6.1987e-17
1124 6.1987e-17
1125 6.1987e-17
1126 6.1987e-17
1127 6.1987e-17
1128 6.1987e-17
1129 6.1987e-17
1130 6.1987e-17
1131 6.1987e-17
1132 6.1987e-17
1133 6.1987e-17
1134 6.1987e-17
1135 6.1987e-17
1136 6.1987e-17
1137 6.1987e-17
1138 6.1987e-17
1139 6.1987e-17
1140 6.1987e-17
1141 6.1987e-17
1142 6.1987e-17
1143 6.1987e-17
1144 6.1987e-17
1145 6.1987e-17
1146 6.1987e-17
1147 6.1987e-17
1148 6.1987e-17
1149 6.1987e-17
1150 6.1987e-17
1151 6.1987e-17
1152 6.1987e-17
1153 6.1987e-17
1154 6.1987e-17
1155 6.1987e-17
1156 6.1987e-17
1157 6.1987e-17
1158 6.1987e-17
1159 6.1987e-17
1160 6.1987e-17
1161 6.1987e-17
1162 6.1987e-17
1163 6.1987e-17
1164 6.1987e-17
1165 6.1987e-17
1166 6.1987e-17
1167 6.1987e-17
1168 6.1987e-17
1169 6.1987e-17
1170 6.1987e-17
1171 6.1987e-17
1172 6.1987e-17
1173 6.1987e-17
1174 6.1987e-17
1175 6.1987e-17
1176 6.1987e-17
1177 6.1987e-17
1178 6.1987e-17
1179 6.1987e-17
1180 6.1987e-17
1181 6.1987e-17
1182 6.1987e-17
1183 6.1987e-17
1184 6.1987e-17
1185 6.1987e-17
1186 6.1987e-17
1187 6.1987e-17
1188 6.1987e-17
1189 6.1987e-17
1190 6.1987e-17
1191 6.1987e-17
1192 6.1987e-17
1193 6.1987e-17
1194 6.1987e-17
1195 6.1987e-17
1196 6.1987e-17
1197 6.1987e-17
1198 6.1987e-17
1199 6.1987e-17
1200 6.1987e-17
1201 6.1987e-17
1202 6.1987e-17
1203 6.1987e-17
1204 6.1987e-17
1205 6.1987e-17
1206 6.1987e-17
1207 6.1987e-17
1208 6.1987e-17
1209 6.1987e-17
1210 6.1987e-17
1211 6.1987e-17
1212 6.1987e-17
1213 6.1987e-17
1214 6.1987e-17
1215 6.1987e-17
1216 6.1987e-17
1217 6.1987e-17
1218 6.1987e-17
1219 6.1987e-17
1220 6.1987e-17
1221 6.1987e-17
1222 6.1987e-17
1223 6.1987e-17
1224 6.1987e-17
1225 6.1987e-17
1226 6.1987e-17
1227 6.1987e-17
1228 6.1987e-17
1229 6.1987e-17
1230 6.1987e-17
1231 6.1987e-17
1232 6.1987e-17
1233 6.1987e-17
1234 6.1987e-17
1235 6.1987e-17
1236 6.1987e-17
1237 6.1987e-17
1238 6.1987e-17
1239 6.1987e-17
1240 6.1987e-17
1241 6.1987e-17
1242 6.1987e-17
1243 6.1987e-17
1244 6.1987e-17
1245 6.1987e-17
1246 6.1987e-17
1247 6.1987e-17
1248 6.1987e-17
1249 6.1987e-17
1250 6.1987e-17
1251 6.1987e-17
1252 6.1987e-17
1253 6.1987e-17
1254 6.1987e-17
1255 6.1987e-17
1256 6.1987e-17
1257 6.1987e-17
1258 6.1987e-17
1259 6.1987e-17
1260 6.1987e-17
1261 6.1987e-17
1262 6.1987e-17
1263 6.1987e-17
1264 6.1987e-17
1265 6.1987e-17
1266 6.1987e-17
1267 6.1987e-17
1268 6.1987e-17
1269 6.1987e-17
1270 6.1987e-17
1271 6.1987e-17
1272 6.1987e-17
1273 6.1987e-17
1274 6.1987e-17
1275 6.1987e-17
1276 6.1987e-17
1277 6.1987e-17
1278 6.1987e-17
1279 6.1987e-17
1280 6.1987e-17
1281 6.1987e-17
1282 6.1987e-17
1283 6.1987e-17
1284 6.1987e-17
1285 6.1987e-17
1286 6.1987e-17
1287 6.1987e-17
1288 6.1987e-17
1289 6.1987e-17
1290 6.1987e-17
1291 6.1987e-17
1292 6.1987e-17
1293 6.1987e-17
1294 6.1987e-17
1295 6.1987e-17
1296 6.1987e-17
1297 6.1987e-17
1298 6.1987e-17
1299 6.1987e-17
1300 6.1987e-17
1301 6.1987e-17
1302 6.1987e-17
1303 6.1987e-17
1304 6.1987e-17
1305 6.1987e-17
1306 6.1987e-17
1307 6.1987e-17
1308 6.1987e-17
1309 6.1987e-17
1310 6.1987e-17
1311 6.1987e-17
1312 6.1987e-17
1313 6.1987e-17
1314 6.1987e-17
1315 6.1987e-17
1316 6.1987e-17
1317 6.1987e-17
1318 6.1987e-17
1319 6.1987e-17
1320 6.1987e-17
1321 6.1987e-17
1322 6.1987e-17
1323 6.1987e-17
1324 6.1987e-17
1325 6.1987e-17
1326 6.1987e-17
1327 6.1987e-17
1328 6.1987e-17
1329 6.1987e-17
1330 6.1987e-17
1331 6.1987e-17
1332 6.1987e-17
1333 6.1987e-17
1334 6.1987e-17
1335 6.1987e-17
1336 6.1987e-17
1337 6.1987e-17
1338 6.1987e-17
1339 6.1987e-17
1340 6.1987e-17
1341 6.1987e-17
1342 6.1987e-17
1343 6.1987e-17
1344 6.1987e-17
1345 6.1987e-17
1346 6.1987e-17
1347 6.1987e-17
1348 6.1987e-17
1349 6.1987e-17
1350 6.1987e-17
1351 6.1987e-17
1352 6.1987e-17
1353 6.1987e-17
1354 6.1987e-17
1355 6.1987e-17
1356 6.1987e-17
1357 6.1987e-17
1358 6.1987e-17
1359 6.1987e-17
1360 6.1987e-17
1361 6.1987e-17
1362 6.1987e-17
1363 6.1987e-17
1364 6.1987e-17
1365 6.1987e-17
1366 6.1987e-17
1367 6.1987e-17
1368 6.1987e-17
1369 6.1987e-17
1370 6.1987e-17
1371 6.1987e-17
1372 6.1987e-17
1373 6.1987e-17
1374 6.1987e-17
1375 6.1987e-17
1376 6.1987e-17
1377 6.1987e-17
1378 6.1987e-17
1379 6.1987e-17
1380 6.1987e-17
1381 6.1987e-17
1382 6.1987e-17
1383 6.1987e-17
1384 6.1987e-17
1385 6.1987e-17
1386 6.1987e-17
1387 6.1987e-17
1388 6.1987e-17
1389 6.1987e-17
1390 6.1987e-17
1391 6.1987e-17
1392 6.1987e-17
1393 6.1987e-17
1394 6.1987e-17
1395 6.1987e-17
1396 6.1987e-17
1397 6.1987e-17
1398 6.1987e-17
1399 6.1987e-17
1400 6.1987e-17
1401 6.1987e-17
1402 6.1987e-17
1403 6.1987e-17
1404 6.1987e-17
1405 6.1987e-17
1406 6.1987e-17
1407 6.1987e-17
1408 6.1987e-17
1409 6.1987e-17
1410 6.1987e-17
1411 6.1987e-17
1412 6.1987e-17
1413 6.1987e-17
1414 6.1987e-17
1415 6.1987e-17
1416 6.1987e-17
1417 6.1987e-17
1418 6.1987e-17
1419 6.1987e-17
1420 6.1987e-17
1421 6.1987e-17
1422 6.1987e-17
1423 6.1987e-17
1424 6.1987e-17
1425 6.1987e-17
1426 6.1987e-17
1427 6.1987e-17
1428 6.1987e-17
1429 6.1987e-17
1430 6.1987e-17
1431 6.1987e-17
1432 6.1987e-17
1433 6.1987e-17
1434 6.1987e-17
1435 6.1987e-17
1436 6.1987e-17
1437 6.1987e-17
1438 6.1987e-17
1439 6.1987e-17
1440 6.1987e-17
1441 6.1987e-17
1442 6.1987e-17
1443 6.1987e-17
1444 6.1987e-17
1445 6.1987e-17
1446 6.1987e-17
1447 6.1987e-17
1448 6.1987e-17
1449 6.1987e-17
1450 6.1987e-17
1451 6.1987e-17
1452 6.1987e-17
1453 6.1987e-17
1454 6.1987e-17
1455 6.1987e-17
1456 6.1987e-17
1457 6.1987e-17
1458 6.1987e-17
1459 6.1987e-17
1460 6.1987e-17
1461 6.1987e-17
1462 6.1987e-17
1463 6.1987e-17
1464 6.1987e-17
1465 6.1987e-17
1466 6.1987e-17
1467 6.1987e-17
1468 6.1987e-17
1469 6.1987e-17
1470 6.1987e-17
1471 6.1987e-17
1472 6.1987e-17
1473 6.1987e-17
1474 6.1987e-17
1475 6.1987e-17
1476 6.1987e-17
1477 6.1987e-17
1478 6.1987e-17
1479 6.1987e-17
1480 6.1987e-17
1481 6.1987e-17
1482 6.1987e-17
1483 6.1987e-17
1484 6.1987e-17
1485 6.1987e-17
1486 6.1987e-17
1487 6.1987e-17
1488 6.1987e-17
1489 6.1987e-17
1490 6.1987e-17
1491 6.1987e-17
1492 6.1987e-17
1493 6.1987e-17
1494 6.1987e-17
1495 6.1987e-17
1496 6.1987e-17
1497 6.1987e-17
1498 6.1987e-17
1499 6.1987e-17
1500 6.1987e-17
1501 6.1987e-17
1502 6.1987e-17
1503 6.1987e-17
1504 6.1987e-17
1505 6.1987e-17
1506 6.1987e-17
1507 6.1987e-17
1508 6.1987e-17
1509 6.1987e-17
1510 6.1987e-17
1511 6.1987e-17
1512 6.1987e-17
1513 6.1987e-17
1514 6.1987e-17
1515 6.1987e-17
1516 6.1987e-17
1517 6.1987e-17
1518 6.1987e-17
1519 6.1987e-17
1520 6.1987e-17
1521 6.1987e-17
1522 6.1987e-17
1523 6.1987e-17
1524 6.1987e-17
1525 6.1987e-17
1526 6.1987e-17
1527 6.1987e-17
1528 6.1987e-17
1529 6.1987e-17
1530 6.1987e-17
1531 6.1987e-17
1532 6.1987e-17
1533 6.1987e-17
1534 6.1987e-17
1535 6.1987e-17
1536 6.1987e-17
1537 6.1987e-17
1538 6.1987e-17
1539 6.1987e-17
1540 6.1987e-17
1541 6.1987e-17
1542 6.1987e-17
1543 6.1987e-17
1544 6.1987e-17
1545 6.1987e-17
1546 6.1987e-17
1547 6.1987e-17
1548 6.1987e-17
1549 6.1987e-17
1550 6.1987e-17
1551 6.1987e-17
1552 6.1987e-17
1553 6.1987e-17
1554 6.1987e-17
1555 6.1987e-17
1556 6.1987e-17
1557 6.1987e-17
1558 6.1987e-17
1559 6.1987e-17
1560 6.1987e-17
1561 6.1987e-17
1562 6.1987e-17
1563 6.1987e-17
1564 6.1987e-17
1565 6.1987e-17
1566 6.1987e-17
1567 6.1987e-17
1568 6.1987e-17
1569 6.1987e-17
1570 6.1987e-17
1571 6.1987e-17
1572 6.1987e-17
1573 6.1987e-17
1574 6.1987e-17
1575 6.1987e-17
1576 6.1987e-17
1577 6.1987e-17
1578 6.1987e-17
1579 6.1987e-17
1580 6.1987e-17
1581 6.1987e-17
1582 6.1987e-17
1583 6.1987e-17
1584 6.1987e-17
1585 6.1987e-17
1586 6.1987e-17
1587 6.1987e-17
1588 6.1987e-17
1589 6.1987e-17
1590 6.1987e-17
1591 6.1987e-17
1592 6.1987e-17
1593 6.1987e-17
1594 6.1987e-17
1595 6.1987e-17
1596 6.1987e-17
1597 6.1987e-17
1598 6.1987e-17
1599 6.1987e-17
1600 6.1987e-17
1601 6.1987e-17
1602 6.1987e-17
1603 6.1987e-17
1604 6.1987e-17
1605 6.1987e-17
1606 6.1987e-17
1607 6.1987e-17
1608 6.1987e-17
1609 6.1987e-17
1610 6.1987e-17
1611 6.1987e-17
1612 6.1987e-17
1613 6.1987e-17
1614 6.1987e-17
1615 6.1987e-17
1616 6.1987e-17
1617 6.1987e-17
1618 6.1987e-17
1619 6.1987e-17
1620 6.1987e-17
1621 6.1987e-17
1622 6.1987e-17
1623 6.1987e-17
1624 6.1987e-17
1625 6.1987e-17
1626 6.1987e-17
1627 6.1987e-17
1628 6.1987e-17
1629 6.1987e-17
1630 6.1987e-17
1631 6.1987e-17
1632 6.1987e-17
1633 6.1987e-17
1634 6.1987e-17
1635 6.1987e-17
1636 6.1987e-17
1637 6.1987e-17
1638 6.1987e-17
1639 6.1987e-17
1640 6.1987e-17
1641 6.1987e-17
1642 6.1987e-17
1643 6.1987e-17
1644 6.1987e-17
1645 6.1987e-17
1646 6.1987e-17
1647 6.1987e-17
1648 6.1987e-17
1649 6.1987e-17
1650 6.1987e-17
1651 6.1987e-17
1652 6.1987e-17
1653 6.1987e-17
1654 6.1987e-17
1655 6.1987e-17
1656 6.1987e-17
1657 6.1987e-17
1658 6.1987e-17
1659 6.1987e-17
1660 6.1987e-17
1661 6.1987e-17
1662 6.1987e-17
1663 6.1987e-17
1664 6.1987e-17
1665 6.1987e-17
1666 6.1987e-17
1667 6.1987e-17
1668 6.1987e-17
1669 6.1987e-17
1670 6.1987e-17
1671 6.1987e-17
1672 6.1987e-17
1673 6.1987e-17
1674 6.1987e-17
1675 6.1987e-17
1676 6.1987e-17
1677 6.1987e-17
1678 6.1987e-17
1679 6.1987e-17
1680 6.1987e-17
1681 6.1987e-17
1682 6.1987e-17
1683 6.1987e-17
1684 6.1987e-17
1685 6.1987e-17
1686 6.1987e-17
1687 6.1987e-17
1688 6.1987e-17
1689 6.1987e-17
1690 6.1987e-17
1691 6.1987e-17
1692 6.1987e-17
1693 6.1987e-17
1694 6.1987e-17
1695 6.1987e-17
1696 6.1987e-17
1697 6.1987e-17
1698 6.1987e-17
1699 6.1987e-17
1700 6.1987e-17
1701 6.1987e-17
1702 6.1987e-17
1703 6.1987e-17
1704 6.1987e-17
1705 6.1987e-17
1706 6.1987e-17
1707 6.1987e-17
1708 6.1987e-17
1709 6.1987e-17
1710 6.1987e-17
1711 6.1987e-17
1712 6.1987e-17
1713 6.1987e-17
1714 6.1987e-17
1715 6.1987e-17
1716 6.1987e-17
1717 6.1987e-17
1718 6.1987e-17
1719 6.1987e-17
1720 6.1987e-17
1721 6.1987e-17
1722 6.1987e-17
1723 6.1987e-17
1724 6.1987e-17
1725 6.1987e-17
1726 6.1987e-17
1727 6.1987e-17
1728 6.1987e-17
1729 6.1987e-17
1730 6.1987e-17
1731 6.1987e-17
1732 6.1987e-17
1733 6.1987e-17
1734 6.1987e-17
1735 6.1987e-17
1736 6.1987e-17
1737 6.1987e-17
1738 6.1987e-17
1739 6.1987e-17
1740 6.1987e-17
1741 6.1987e-17
1742 6.1987e-17
1743 6.1987e-17
1744 6.1987e-17
1745 6.1987e-17
1746 6.1987e-17
1747 6.1987e-17
1748 6.1987e-17
1749 6.1987e-17
1750 6.1987e-17
1751 6.1987e-17
1752 6.1987e-17
1753 6.1987e-17
1754 6.1987e-17
1755 6.1987e-17
1756 6.1987e-17
1757 6.1987e-17
1758 6.1987e-17
1759 6.1987e-17
1760 6.1987e-17
1761 6.1987e-17
1762 6.1987e-17
1763 6.1987e-17
1764 6.1987e-17
1765 6.1987e-17
1766 6.1987e-17
1767 6.1987e-17
1768 6.1987e-17
1769 6.1987e-17
1770 6.1987e-17
1771 6.1987e-17
1772 6.1987e-17
1773 6.1987e-17
1774 6.1987e-17
1775 6.1987e-17
1776 6.1987e-17
1777 6.1987e-17
1778 6.1987e-17
1779 6.1987e-17
1780 6.1987e-17
1781 6.1987e-17
1782 6.1987e-17
1783 6.1987e-17
1784 6.1987e-17
1785 6.1987e-17
1786 6.1987e-17
1787 6.1987e-17
1788 6.1987e-17
1789 6.1987e-17
1790 6.1987e-17
1791 6.1987e-17
1792 6.1987e-17
1793 6.1987e-17
1794 6.1987e-17
1795 6.1987e-17
1796 6.1987e-17
1797 6.1987e-17
1798 6.1987e-17
1799 6.1987e-17
1800 6.1987e-17
1801 6.1987e-17
1802 6.1987e-17
1803 6.1987e-17
1804 6.1987e-17
1805 6.1987e-17
1806 6.1987e-17
1807 6.1987e-17
1808 6.1987e-17
1809 6.1987e-17
1810 6.1987e-17
1811 6.1987e-17
1812 6.1987e-17
1813 6.1987e-17
1814 6.1987e-17
1815 6.1987e-17
1816 6.1987e-17
1817 6.1987e-17
1818 6.1987e-17
1819 6.1987e-17
1820 6.1987e-17
1821 6.1987e-17
1822 6.1987e-17
1823 6.1987e-17
1824 6.1987e-17
1825 6.1987e-17
1826 6.1987e-17
1827 6.1987e-17
1828 6.1987e-17
1829 6.1987e-17
1830 6.1987e-17
1831 6.1987e-17
1832 6.1987e-17
1833 6.1987e-17
1834 6.1987e-17
1835 6.1987e-17
1836 6.1987e-17
1837 6.1987e-17
1838 6.1987e-17
1839 6.1987e-17
1840 6.1987e-17
1841 6.1987e-17
1842 6.1987e-17
1843 6.1987e-17
1844 6.1987e-17
1845 6.1987e-17
1846 6.1987e-17
1847 6.1987e-17
1848 6.1987e-17
1849 6.1987e-17
1850 6.1987e-17
1851 6.1987e-17
1852 6.1987e-17
1853 6.1987e-17
1854 6.1987e-17
1855 6.1987e-17
1856 6.1987e-17
1857 6.1987e-17
1858 6.1987e-17
1859 6.1987e-17
1860 6.1987e-17
1861 6.1987e-17
1862 6.1987e-17
1863 6.1987e-17
1864 6.1987e-17
1865 6.1987e-17
1866 6.1987e-17
1867 6.1987e-17
1868 6.1987e-17
1869 6.1987e-17
1870 6.1987e-17
1871 6.1987e-17
1872 6.1987e-17
1873 6.1987e-17
1874 6.1987e-17
1875 6.1987e-17
1876 6.1987e-17
1877 6.1987e-17
1878 6.1987e-17
1879 6.1987e-17
1880 6.1987e-17
1881 6.1987e-17
1882 6.1987e-17
1883 6.1987e-17
1884 6.1987e-17
1885 6.1987e-17
1886 6.1987e-17
1887 6.1987e-17
1888 6.1987e-17
1889 6.1987e-17
1890 6.1987e-17
1891 6.1987e-17
1892 6.1987e-17
1893 6.1987e-17
1894 6.1987e-17
1895 6.1987e-17
1896 6.1987e-17
1897 6.1987e-17
1898 6.1987e-17
1899 6.1987e-17
1900 6.1987e-17
1901 6.1987e-17
1902 6.1987e-17
1903 6.1987e-17
1904 6.1987e-17
1905 6.1987e-17
1906 6.1987e-17
1907 6.1987e-17
1908 6.1987e-17
1909 6.1987e-17
1910 6.1987e-17
1911 6.1987e-17
1912 6.1987e-17
1913 6.1987e-17
1914 6.1987e-17
1915 6.1987e-17
1916 6.1987e-17
1917 6.1987e-17
1918 6.1987e-17
1919 6.1987e-17
1920 6.1987e-17
1921 6.1987e-17
1922 6.1987e-17
1923 6.1987e-17
1924 6.1987e-17
1925 6.1987e-17
1926 6.1987e-17
1927 6.1987e-17
1928 6.1987e-17
1929 6.1987e-17
1930 6.1987e-17
1931 6.1987e-17
1932 6.1987e-17
1933 6.1987e-17
1934 6.1987e-17
1935 6.1987e-17
1936 6.1987e-17
1937 6.1987e-17
1938 6.1987e-17
1939 6.1987e-17
1940 6.1987e-17
1941 6.1987e-17
1942 6.1987e-17
1943 6.1987e-17
1944 6.1987e-17
1945 6.1987e-17
1946 6.1987e-17
1947 6.1987e-17
1948 6.1987e-17
1949 6.1987e-17
1950 6.1987e-17
1951 6.1987e-17
1952 6.0374e-17
1953 5.9097e-17
1954 5.7736e-17
1955 5.5866e-17
1956 5.5103e-17
1957 5.4313e-17
1958 5.3161e-17
1959 5.2658e-17
1960 5.0996e-17
1961 4.9322e-17
1962 4.7551e-17
1963 4.5996e-17
1964 4.4611e-17
1965 4.4268e-17
1966 4.2498e-17
1967 4.1084e-17
1968 4.0918e-17
1969 3.9524e-17
1970 3.7814e-17
1971 3.6113e-17
1972 3.5059e-17
1973 3.4727e-17
1974 3.3073e-17
1975 3.124e-17
1976 3.0428e-17
1977 2.9602e-17
1978 2.7902e-17
1979 2.6066e-17
1980 2.5379e-17
1981 2.4515e-17
1982 2.4051e-17
1983 2.2951e-17
1984 2.1191e-17
1985 1.9666e-17
1986 1.9622e-17
1987 1.7966e-17
1988 1.6489e-17
1989 1.5202e-17
1990 1.4739e-17
1991 1.3071e-17
1992 1.128e-17
1993 9.7689e-18
1994 7.9978e-18
1995 6.5651e-18
1996 6.4513e-18
1997 4.8412e-18
1998 3.3185e-18
1999 2.8248e-18
