n sv 
1 20221.52615666978
2 20080.38905099316
3 15882.64922573261
4 15827.02004831048
5 12613.59890831624
6 12495.85245230328
7 10815.92960512666
8 10695.47524737855
9 9659.250908887603
10 9561.118410844418
11 8890.0643506586
12 8804.15497771944
13 8298.793565483889
14 8217.278622526173
15 7823.807278371164
16 7743.155515301562
17 7425.740145208762
18 7363.470873193051
19 7107.958119528516
20 7056.712382173371
21 6838.129969440222
22 6792.083186350323
23 6594.571697896764
24 6545.821218545608
25 6364.201921988456
26 6321.854038136217
27 6157.156668584843
28 6119.588812960415
29 5965.418352997065
30 5929.825286123774
31 5779.180087816395
32 5740.515181828945
33 5592.281726440825
34 5556.257914418273
35 5414.555187706778
36 5381.114706376022
37 5243.624152753984
38 5210.686043030161
39 5073.049461150361
40 5038.084429984534
41 4901.559630648278
42 4869.021591811776
43 4737.157080769146
44 4706.235602291858
45 4576.728204901514
46 4545.249084035519
47 4415.336790943574
48 4383.604112162882
49 4256.443238144421
50 4226.905806027356
51 4103.777530282247
52 4075.173379138343
53 3953.174372365554
54 3923.742376832969
55 3803.007523702792
56 3775.086949143556
57 3658.315595970956
58 3631.836788958124
59 3518.011048591842
60 3491.531784510427
61 3378.774743388089
62 3352.764749271842
63 3243.274939861339
64 3218.885441323014
65 3113.116738012573
66 3089.409634234723
67 2985.495546568795
68 2961.831380277692
69 2860.444932232889
70 2838.193464204051
71 2740.61353518357
72 2719.345091579251
73 2624.429341228953
74 2603.306706364267
75 2510.554835280502
76 2490.427450478919
77 2401.185086676651
78 2382.14636710499
79 2296.01427085928
80 2277.371902759548
81 2193.415781379555
82 2175.403973578227
83 2094.506975552952
84 2077.552275323102
85 1999.87386883016
86 1983.494318410349
87 1908.142245348636
88 1892.200703080804
89 1819.499190430916
90 1804.489912187246
91 1734.870200923591
92 1720.517604277701
93 1653.350215772106
94 1639.377729603607
95 1574.556317154956
96 1561.34655471947
97 1499.340416191117
98 1486.797217895291
99 1427.266519743429
100 1415.111575336565
101 1357.724744385274
102 1346.170786770453
103 1291.287990203066
104 1280.368297591211
105 1227.882098784592
106 1217.374508159906
107 1166.959824331799
108 1157.028653270035
109 1131.251840279531
110 1108.175665192927
111 1098.701872055944
112 1052.791164499171
113 1043.706494373778
114 999.5549243938889
115 990.8410573446204
116 948.5858725443234
117 940.3703379335923
118 900.1197001605665
119 892.3036931170578
120 853.81545719923
121 846.3209529901309
122 809.5138925953188
123 802.4365636285596
124 767.4100722902961
125 760.7021675759045
126 727.3045842942956
127 720.8844752794446
128 688.9767412610915
129 682.9013007763546
130 652.5506788631671
131 646.8077094354911
132 617.9349726528677
133 612.4538798973423
134 584.9083434111328
135 579.7113722657123
136 553.5167310141235
137 548.6122919350294
138 523.73640139449
139 519.0698903852941
140 495.3781698451244
141 490.9478587408989
142 468.424300868554
143 464.2466604989395
144 442.8832972133466
145 438.9194997790567
146 418.6099242892912
147 414.8452423220958
148 395.5455341688649
149 391.9959761742518
150 373.7055792464334
151 370.3456663819545
152 352.9875701185275
153 349.7977598745059
154 333.3136588490123
155 330.3051713865431
156 314.6918538490496
157 311.849425711898
158 297.0546387578392
159 294.3588134490303
160 280.3212816924659
161 277.7774570584634
162 264.4869274426075
163 262.086904608366
164 249.509160850904
165 247.2359027731138
166 235.314363541877
167 233.1683494103339
168 221.8853682881918
169 219.8627191330202
170 209.1956231898741
171 207.28246653861
172 197.1832896475986
173 195.3768081735757
174 185.8224272323312
175 184.1209549957733
176 175.095106694214
177 173.4878658123605
178 164.9522318456396
179 163.4346652118105
180 155.3633805527049
181 153.9346356144726
182 146.3143696952127
183 144.9663478478396
184 137.7676669305704
185 136.495222665544
186 129.6920992800866
187 128.4944213410055
188 122.0744754590273
189 120.945623567402
190 114.8866911095926
191 113.8216379478363
192 108.0994534487968
193 107.0971199132426
194 101.6994037386539
195 100.7554957643516
196 95.6655496702418
197 94.77551651492217
198 89.97197172970307
199 89.13443685520393
200 84.60499229250347
201 83.8168581264629
202 79.54867068258288
203 78.8059992361124
204 74.78103485206347
205 74.08224976825018
206 70.2884413285346
207 69.63127802477084
208 66.05838179921295
209 65.43952923830338
210 62.07278223992363
211 61.49059025920982
212 58.31853488686264
213 57.771299230931
214 54.7854110825187
215 54.27040344756319
216 51.45883102990882
217 50.97443291467049
218 48.32666584138347
219 47.87154316975202
220 45.38021840785915
221 44.95215718004685
222 42.60784826184025
223 42.2053319098799
224 39.9987001845196
225 39.62064114255401
226 37.54516730280918
227 37.1897902347452
228 35.23797566383736
229 34.90390423769992
230 33.06767700306791
231 32.7539944300709
232 31.02751955004566
233 30.73281471707119
234 29.11007956313069
235 28.83313192760563
236 27.30731496114554
237 27.04733397574082
238 25.61321549600378
239 25.36908554109974
240 24.02177994420076
241 23.79243777610099
242 22.52627913418166
243 22.31103441602803
244 21.12139071257553
245 20.91936283448435
246 19.80220217641216
247 19.61247871449436
248 18.56315170306782
249 18.38512662246071
250 17.39957199526141
251 17.23254864596993
252 16.30738987527533
253 16.15059574869069
254 15.28204492744482
255 15.13494762694731
256 14.31949184768099
257 14.18153714242032
258 13.41631586833483
259 13.28685780771123
260 12.56879350639807
261 12.44736539627712
262 11.773459846508
263 11.65961708435216
264 11.02742910464229
265 10.92063766720672
266 10.32766457240393
267 10.22751705075787
268 9.671230812632528
269 9.577366964242616
270 9.05567798147184
271 8.967660687824727
272 8.478526348459157
273 8.396001969531991
274 7.937312600894458
275 7.859986132162102
276 7.429954206806349
277 7.357470751813022
278 6.954420420186483
279 6.886475139501388
280 6.508660221386547
281 6.44500905221241
282 6.090905517569142
283 6.031262035723278
284 5.699487042252032
285 5.643590567740549
286 5.332707417781348
287 5.280354202612324
288 4.989070093103849
289 4.94002980671682
290 4.667197603870517
291 4.621249250688264
292 4.365691443084303
293 4.322663696450601
294 4.083290142105704
295 4.042998004895294
296 3.818853080057993
297 3.781110851743263
298 3.571231367942304
299 3.535894260622629
300 3.339366625156816
301 3.306285901556778
302 3.122311817065575
303 3.09133277433571
304 2.919124684170292
305 2.8901246248738
306 2.728921403519728
307 2.701780392890829
308 2.550914328231192
309 2.525504516400731
310 2.384331164963602
311 2.3605485185102
312 2.22843713095186
313 2.206184518096163
314 2.082576683484499
315 2.06174918490514
316 1.946116774723742
317 1.926626303687747
318 1.818448958476613
319 1.800216436306546
320 1.699027755789837
321 1.681967580916981
322 1.587333958555613
323 1.571371765860863
324 1.482865452811702
325 1.467936508620248
326 1.385168789258225
327 1.371203559536163
328 1.293817776432526
329 1.28075373567193
330 1.20839921463981
331 1.196183094969995
332 1.128536737807842
333 1.117112226592383
334 1.053880207018083
335 1.043194986988108
336 0.9840903484321701
337 0.9741003858126793
338 0.9188553715606522
339 0.9095151352999649
340 0.8578874077626466
341 0.8491533478121848
342 0.8009083483506727
343 0.7927439394640315
344 0.7476604499834403
345 0.7400288851782827
346 0.6979069166896215
347 0.6907721319641005
348 0.6514200528397971
349 0.6447516802376464
350 0.6079872559098027
351 0.6017555204654947
352 0.5674137008210915
353 0.5615888852368414
354 0.5295131180476723
355 0.5240699440270454
356 0.4941105117049037
357 0.4890248565819218
358 0.4610456085374693
359 0.4562930867342209
360 0.4301661000718828
361 0.4257256737381845
362 0.4013282362847964
363 0.3971803168352083
364 0.3744002141729373
365 0.3705248757171091
366 0.3492575378923016
367 0.3456372842641987
368 0.3257823370373343
369 0.3224012193235095
370 0.3038662916918692
371 0.3007080802930472
372 0.2834076580787236
373 0.2804578240440059
374 0.2643099363638385
375 0.261555468531985
376 0.246484190016301
377 0.2439118961297936
378 0.2298472709826222
379 0.22744511863734
380 0.2143202924046421
381 0.2120776352113172
382 0.1998303014132197
383 0.1977364385610104
384 0.1863093563244799
385 0.1843543493848419
386 0.173693044169438
387 0.1718681617360805
388 0.1619215892861645
389 0.1602181637147142
390 0.1509394868548128
391 0.1493493271747789
392 0.1406941885341918
393 0.1392101292978956
394 0.1311367780232914
395 0.1297517969903308
396 0.1222219172418654
397 0.120929286844951
398 0.1139067745223207
399 0.1127006043871029
400 0.1061513669941824
401 0.1050259665781115
402 0.09891867294087067
403 0.09786853118147096
404 0.09217380100259154
405 0.091194074754309
406 0.08588410781132817
407 0.08497018938857169
408 0.08001937791826645
409 0.07916676005266832
410 0.0745512043802304
411 0.07375590300939715
412 0.06945296435208401
413 0.06871124410574658
414 0.06470000762203929
415 0.06400819479431523
416 0.06026921975861668
417 0.05962403701166497
418 0.05613890775128115
419 0.05553732690953424
420 0.05228897773792955
421 0.05172800736073764
422 0.04870062544400864
423 0.04817757174512405
424 0.04535619549445877
425 0.04486859876027328
426 0.04223931448605382
427 0.04178474588205711
428 0.03933469218445149
429 0.03891094081336832
430 0.0366279732770561
431 0.03623303643548173
432 0.03410582153250406
433 0.0337377339926004
434 0.03175581443023015
435 0.03141275874599728
436 0.02956628116271141
437 0.02924663221147025
438 0.02752637554531472
439 0.0272285395778663
440 0.02562600219016089
441 0.02534849086400679
442 0.02385568475239266
443 0.02359717361399989
444 0.02220660626412177
445 0.02196580375801637
446 0.02067056288971334
447 0.02044625807804604
448 0.01923986990461515
449 0.01903097765356485
450 0.01790735962389843
451 0.01771284007714476
452 0.01666637652860678
453 0.01648523585285023
454 0.01551068441296174
455 0.01534203970003737
456 0.01443446477047301
457 0.0142774768892211
458 0.01343231732898278
459 0.01328617560759675
460 0.01249918559089894
461 0.01236317206233103
462 0.01163035276141584
463 0.01150378467233233
464 0.01082143431235682
465 0.01070365676317247
466 0.0100683368592372
467 0.009958759688606539
468 0.009367234071057721
469 0.009265308069981344
470 0.008714572119618251
471 0.008619765189893821
472 0.008107036161206591
473 0.008018865455123142
474 0.00754152650763633
475 0.007459548486223478
476 0.007015163059488826
477 0.006938945358246754
478 0.006525260953088448
479 0.006454412957900359
480 0.006069312449771675
481 0.006003473068192123
482 0.005644984645719056
483 0.005583803820519821
484 0.005250104621195675
485 0.005193263496474486
486 0.004882642637328497
487 0.0048298499014109
488 0.004540711648640504
489 0.004491684038858696
490 0.0042225524955743
491 0.004177030968309716
492 0.00392652517698977
493 0.003884273141809737
494 0.003651101546053526
495 0.003611889884685174
496 0.003394860446515752
497 0.003358477328442435
498 0.00315647548504187
499 0.0031227304385009
500 0.002934711189356099
501 0.002903420104654773
502 0.002728419881116601
503 0.002699409078891943
504 0.002536527034947208
505 0.002509644167167892
506 0.002358037679439688
507 0.002333131525283256
508 0.002192022028789413
509 0.002168953439844415
510 0.002037615540966103
511 0.002016259264201027
512 0.001894011880822422
513 0.001874247934228498
514 0.001760460399998499
515 0.001742175890249434
516 0.001636263130851137
517 0.001619355467888908
518 0.001520767150480043
519 0.001505142354201828
520 0.001413370791972919
521 0.001398933313319956
522 0.001313508681189615
523 0.001300177209709273
524 0.001220657133736966
525 0.001208352905274092
526 0.001134327577340763
527 0.00112297562433415
528 0.001054064246049508
529 0.001043599670327639
530 0.0009794437385405865
531 0.0009698042440111145
532 0.0009100696494646545
533 0.0009011970501123494
534 0.0008455772770474319
535 0.0008374143548963197
536 0.0007856252552245761
537 0.0007781221491093071
538 0.0007298992835645763
539 0.0007230049095536389
540 0.0006781039636652793
541 0.0006717741168951832
542 0.0006299617819459934
543 0.0006241584271506068
544 0.0005852157807462434
545 0.0005798999494127468
546 0.0005436266959987613
547 0.0005387638280772078
548 0.000504974035354004
549 0.0005005304592166336
550 0.0004690518117761695
551 0.0004649965342512062
552 0.0004356701147353685
553 0.0004319722375519854
554 0.0004046505258552803
555 0.0004012832005759799
556 0.0003758268158971591
557 0.0003727649265794064
558 0.0003490455119707105
559 0.000346265179954818
560 0.0003241625418414662
561 0.0003216435497539525
562 0.0003010430329736812
563 0.000298765921761604
564 0.0002795612356238778
565 0.0002775082015300163
566 0.0002596005851239225
567 0.0002577540063999336
568 0.0002410546351599335
569 0.0002393969197503277
570 0.0002238271889043246
571 0.0002223411366629802
572 0.0002078279448842102
573 0.0002064990588550159
574 0.0001929688591436916
575 0.0001917851321443392
576 0.0001791648938338084
577 0.000178116099776093
578 0.0001663397061082745
579 0.0001654148190178359
580 0.0001544247825982172
581 0.0001536124080577731
582 0.0001433586765188723
583 0.0001426474951876125
584 0.0001330838557956383
585 0.0001324638769343626
586 0.000123544022247136
587 0.0001230070574290917
588 0.0001146851242587026
589 0.0001142236844274547
590 0.00010645580251208
591 0.000106063330024644
592 9.881217228992007e-05
593 9.848021037932735e-05
594 9.171519476775727e-05
595 9.143640170726978e-05
596 8.512927083833252e-05
597 8.489699799247387e-05
598 7.901669821455394e-05
599 7.882481290508351e-05
600 7.3339107836065e-05
601 7.318163009404156e-05
602 6.806382420891634e-05
603 6.793332059191654e-05
604 6.31665090758118e-05
605 6.305459221677304e-05
606 5.8626453567433e-05
607 5.852496194510173e-05
608 5.441959250045887e-05
609 5.432203569520946e-05
610 5.051769800438663e-05
611 5.041922710050253e-05
612 4.689398604971803e-05
613 4.67918506119468e-05
614 4.35273864334838e-05
615 4.342033690462995e-05
616 4.040020692989225e-05
617 4.028793622682726e-05
618 3.749562768568687e-05
619 3.737816109772385e-05
620 3.479840179561454e-05
621 3.467657487461129e-05
622 3.229572269154287e-05
623 3.216943692792578e-05
624 2.997392914550371e-05
625 2.984419574117305e-05
626 2.781960080644866e-05
627 2.768759431672836e-05
628 2.581969783140799e-05
629 2.568654720267956e-05
630 2.396250988446121e-05
631 2.382950470235278e-05
632 2.223760577877752e-05
633 2.210579288071379e-05
634 2.06350712730057e-05
635 2.050544793886418e-05
636 1.914632202410722e-05
637 1.901911457871205e-05
638 1.77637334329907e-05
639 1.763920540014885e-05
640 1.648101179801098e-05
641 1.635901371571225e-05
642 1.52914893886874e-05
643 1.517238671722095e-05
644 1.418747892225782e-05
645 1.407251558550613e-05
646 1.316121179222292e-05
647 1.305137848867653e-05
648 1.220711436238644e-05
649 1.21018428701e-05
650 1.132245285249738e-05
651 1.122020818927191e-05
652 1.050366117874129e-05
653 1.040389631599228e-05
654 9.745020141621626e-06
655 9.648307184635006e-06
656 9.040987862867788e-06
657 8.94862017319455e-06
658 8.386783522021521e-06
659 8.300198568779283e-06
660 7.777350226424225e-06
661 7.697124247024242e-06
662 7.21030400099555e-06
663 7.134848408214097e-06
664 6.685632468526922e-06
665 6.61263455912859e-06
666 6.202395661476518e-06
667 6.131293623749758e-06
668 5.754677263779004e-06
669 5.688098161071027e-06
670 5.335887918407908e-06
671 5.27606869966632e-06
672 4.944374919254946e-06
673 4.89008726297637e-06
674 4.581656463389671e-06
675 4.529605589977515e-06
676 4.249303300584573e-06
677 4.196273695712124e-06
678 3.945768953423733e-06
679 3.891799694172727e-06
680 3.66465642049357e-06
681 3.614301710945363e-06
682 3.398548051442015e-06
683 3.356477354538797e-06
684 3.146945557902364e-06
685 3.111531524026054e-06
686 2.914404958915114e-06
687 2.880788511694903e-06
688 2.703314191232506e-06
689 2.668772465170554e-06
690 2.510398506794252e-06
691 2.475931434369671e-06
692 2.331455263228459e-06
693 2.299265724601672e-06
694 2.165109008004442e-06
695 2.136133603968329e-06
696 2.009371850880993e-06
697 1.98424843107015e-06
698 1.863038789026053e-06
699 1.840859029713568e-06
700 1.727527504955952e-06
701 1.70637195835739e-06
702 1.603758328719236e-06
703 1.582756910780804e-06
704 1.490222456511873e-06
705 1.470239330004421e-06
706 1.385477506109569e-06
707 1.370898380361954e-06
708 1.357896776286436e-06
709 1.354629045382794e-06
710 1.28327958705319e-06
711 1.266948764332296e-06
712 1.192317287528398e-06
713 1.176793688592191e-06
714 1.107680994190461e-06
715 1.093519259256204e-06
716 1.028454410621957e-06
717 1.015387291819242e-06
718 9.655326965233649e-07
719 9.650750104327932e-07
720 9.554249466648227e-07
721 9.427370834435839e-07
722 8.900559592480273e-07
723 8.775832469546152e-07
724 8.27337465232286e-07
725 8.171459309279798e-07
726 7.680089459271778e-07
727 7.589007828115892e-07
728 7.163965765058417e-07
729 7.076528181262414e-07
730 6.717560613897578e-07
731 6.659331174765887e-07
732 6.352483412722544e-07
733 6.293242758050281e-07
734 6.003498481117174e-07
735 5.944725466959201e-07
736 5.613241274089465e-07
737 5.566004840953163e-07
738 5.250433335528888e-07
739 5.203142446744317e-07
740 4.917127866305451e-07
741 4.867288875940923e-07
742 4.614759251591317e-07
743 4.565235315210675e-07
744 4.462491370025168e-07
745 4.452001525015231e-07
746 4.270207480531141e-07
747 4.223198581636814e-07
748 3.98075932203394e-07
749 3.936465892782756e-07
750 3.692222641754464e-07
751 3.653286066000829e-07
752 3.440435410164775e-07
753 3.404614641537161e-07
754 3.248532203736848e-07
755 3.229895431936962e-07
756 3.09227328744408e-07
757 3.07034397781634e-07
758 2.921394189942308e-07
759 2.903221347510397e-07
760 2.841075799665422e-07
761 2.836304196690203e-07
762 2.723101945084919e-07
763 2.6988962719964e-07
764 2.556598614461411e-07
765 2.533281314417026e-07
766 2.398855200232859e-07
767 2.382926525068272e-07
768 2.249290889322715e-07
769 2.238050651370715e-07
770 2.135137757935384e-07
771 2.125804963346411e-07
772 2.030377731004912e-07
773 2.02608338345822e-07
774 1.954979337085352e-07
775 1.952130351401843e-07
776 1.917539061470343e-07
777 1.905132702938227e-07
778 1.8156481255148e-07
779 1.804207569010308e-07
780 1.723268504760372e-07
781 1.711891863113627e-07
782 1.654564379490479e-07
783 1.646879802441214e-07
784 1.563402568144845e-07
785 1.557281465165182e-07
786 1.492843679050885e-07
787 1.485802932956995e-07
788 1.437671746912956e-07
789 1.432556567273722e-07
790 1.369686877326282e-07
791 1.367152603791149e-07
792 1.336944591356616e-07
793 1.336289928776261e-07
794 1.277345476977276e-07
795 1.276034140956749e-07
796 1.233004580662977e-07
797 1.229392355510022e-07
798 1.177230888874095e-07
799 1.176671411768604e-07
800 1.140550566481873e-07
801 1.133079454218558e-07
802 1.085384170578207e-07
803 1.081357378094979e-07
804 1.041855586949217e-07
805 1.038845808579405e-07
806 9.973539027327371e-08
807 9.971747318033014e-08
808 9.557883278062675e-08
809 9.52736254690809e-08
810 9.13584179949235e-08
811 9.109604004959829e-08
812 8.741677081208171e-08
813 8.721049783605942e-08
814 8.502122812682707e-08
815 8.491367913464327e-08
816 8.163609038495245e-08
817 8.155432213564826e-08
818 7.90351612408011e-08
819 7.880072425846534e-08
820 7.57805136174635e-08
821 7.567685153029796e-08
822 7.260545597513185e-08
823 7.238232206821418e-08
824 6.890646693359034e-08
825 6.868279078783765e-08
826 6.57093035122208e-08
827 6.561547369323998e-08
828 6.507011596407024e-08
829 6.471354288129917e-08
830 6.139366951366765e-08
831 6.116567975427308e-08
832 5.961852631089865e-08
833 5.928295481810379e-08
834 5.582955262307108e-08
835 5.5768961521639e-08
836 5.528146942802488e-08
837 5.521438206947217e-08
838 5.336582630985577e-08
839 5.313785841654024e-08
840 5.201761608101153e-08
841 5.182010691777805e-08
842 4.996142915557419e-08
843 4.995524496697027e-08
844 4.892970332383441e-08
845 4.892224459348621e-08
846 4.799217539321505e-08
847 4.786952834892458e-08
848 4.768717434664081e-08
849 4.750361427775034e-08
850 4.479874736064944e-08
851 4.478912586673428e-08
852 4.336643855015137e-08
853 4.333602991495373e-08
854 4.216192808290872e-08
855 4.214819395252099e-08
856 4.098128828305606e-08
857 4.08554108408539e-08
858 4.019664214952248e-08
859 4.004509007885355e-08
860 3.981911140422938e-08
861 3.977598332536428e-08
862 3.808211275770715e-08
863 3.796813132165889e-08
864 3.667639088713114e-08
865 3.658069399143068e-08
866 3.625223969505902e-08
867 3.612872538940132e-08
868 3.486809869874085e-08
869 3.467525366450558e-08
870 3.354666386779843e-08
871 3.346254795420247e-08
872 3.181314770673157e-08
873 3.170499241978698e-08
874 3.034070351044459e-08
875 3.031359881192597e-08
876 2.910158988886712e-08
877 2.901921276261138e-08
878 2.884553330312169e-08
879 2.882924795190777e-08
880 2.734003765090408e-08
881 2.730196828110847e-08
882 2.693903555826378e-08
883 2.690498061498649e-08
884 2.652484482674389e-08
885 2.651658207904809e-08
886 2.607551513731288e-08
887 2.579776492583771e-08
888 2.526006631726182e-08
889 2.521756194379797e-08
890 2.403079117757556e-08
891 2.395822786425158e-08
892 2.24566768142797e-08
893 2.24241618300769e-08
894 2.20577701335392e-08
895 2.203434267536595e-08
896 2.088985489753052e-08
897 2.085121193959507e-08
898 2.018078878894838e-08
899 2.009941928396783e-08
900 1.979904217893748e-08
901 1.97167106443249e-08
902 1.884932379427362e-08
903 1.87234944565974e-08
904 1.84024616186642e-08
905 1.82564849150494e-08
906 1.789100048206587e-08
907 1.783290261622418e-08
908 1.746623307027487e-08
909 1.732674184833884e-08
910 1.700407920015874e-08
911 1.690101707745418e-08
912 1.648514608961431e-08
913 1.641196017179557e-08
914 1.608434128678639e-08
915 1.60732595209738e-08
916 1.550829265949735e-08
917 1.550537161209738e-08
918 1.504740269632287e-08
919 1.494750049553205e-08
920 1.465508344657807e-08
921 1.464842976737019e-08
922 1.441295386147534e-08
923 1.440408978873384e-08
924 1.403121517546568e-08
925 1.40070921021724e-08
926 1.380756369956743e-08
927 1.379918752418321e-08
928 1.361659935207011e-08
929 1.354782710653094e-08
930 1.341433210409263e-08
931 1.340801750405055e-08
932 1.317467490010288e-08
933 1.315985915725328e-08
934 1.286428830776167e-08
935 1.286330524685377e-08
936 1.266631314403481e-08
937 1.266132267729344e-08
938 1.24421719133019e-08
939 1.241790599151044e-08
940 1.213204999992512e-08
941 1.212655908220466e-08
942 1.181176755266683e-08
943 1.180399592399171e-08
944 1.1680500938367e-08
945 1.167737784461786e-08
946 1.149751053054453e-08
947 1.147961322373531e-08
948 1.137254331326492e-08
949 1.136415139888965e-08
950 1.125661636289364e-08
951 1.124804087044572e-08
952 1.102340766462611e-08
953 1.098344557654401e-08
954 1.094043646749498e-08
955 1.092222402874701e-08
956 1.056986036444889e-08
957 1.051121679547787e-08
958 1.039478009770954e-08
959 1.037101789246999e-08
960 1.028058939642585e-08
961 1.026104502862117e-08
962 9.950023653907657e-09
963 9.923146744690558e-09
964 9.769317875376969e-09
965 9.768422588571579e-09
966 9.615668544747158e-09
967 9.605464377884097e-09
968 9.574423869193213e-09
969 9.568283987602478e-09
970 9.281727569146983e-09
971 9.265246269105605e-09
972 9.134635284302011e-09
973 9.078115585187249e-09
974 8.960201449369193e-09
975 8.917089271922539e-09
976 8.80756026173383e-09
977 8.764424935885996e-09
978 8.671845526749001e-09
979 8.641003639598508e-09
980 8.571289197888637e-09
981 8.555108531905004e-09
982 8.46123014933345e-09
983 8.425408485309926e-09
984 8.364099828117876e-09
985 8.338025357779063e-09
986 8.034012245619004e-09
987 8.017314537158158e-09
988 7.982461313257993e-09
989 7.965086095614943e-09
990 7.727265976007291e-09
991 7.710570142264599e-09
992 7.641848743847941e-09
993 7.634061741735183e-09
994 7.564203373825884e-09
995 7.540090844199049e-09
996 7.44958105274626e-09
997 7.445833097021385e-09
998 7.344064425576121e-09
999 7.311389699627401e-09
1000 7.230167147186992e-09
1001 7.228027768798328e-09
1002 7.073620508637811e-09
1003 7.052861303490753e-09
1004 6.997214503306223e-09
1005 6.980037517846827e-09
1006 6.90708409887189e-09
1007 6.904087694717038e-09
1008 6.817246822710037e-09
1009 6.809761879929821e-09
1010 6.715569975651316e-09
1011 6.707087523519881e-09
1012 6.658197646988762e-09
1013 6.624461541691322e-09
1014 6.594518964418573e-09
1015 6.582445141802987e-09
1016 6.457559474512488e-09
1017 6.433972632185559e-09
1018 6.377389390549864e-09
1019 6.349062982764961e-09
1020 6.283519403833593e-09
1021 6.275574247840943e-09
1022 6.200020766324576e-09
1023 6.185291600813751e-09
1024 6.153057748088487e-09
1025 6.14915488956784e-09
1026 6.015159840652254e-09
1027 6.010622198767347e-09
1028 5.913743962830223e-09
1029 5.904956689621036e-09
1030 5.821644636996162e-09
1031 5.819012340674146e-09
1032 5.795852944453995e-09
1033 5.772580418937562e-09
1034 5.687178521180392e-09
1035 5.67013418825651e-09
1036 5.533364334623565e-09
1037 5.516405546180665e-09
1038 5.491709075407869e-09
1039 5.475473936794203e-09
1040 5.400113540723952e-09
1041 5.391629692866589e-09
1042 5.354046965485622e-09
1043 5.345722429327336e-09
1044 5.284245643413541e-09
1045 5.273655548302007e-09
1046 5.255607368860664e-09
1047 5.235012602441022e-09
1048 5.17508909053432e-09
1049 5.17215211693362e-09
1050 5.148796182358779e-09
1051 5.139601479947168e-09
1052 5.070763836288255e-09
1053 5.057660013423686e-09
1054 5.012473236585007e-09
1055 5.00879006923349e-09
1056 4.965196488062428e-09
1057 4.96486082162572e-09
1058 4.848629231527973e-09
1059 4.835194752387922e-09
1060 4.784473389196414e-09
1061 4.776994542422719e-09
1062 4.705059653350788e-09
1063 4.703265506879977e-09
1064 4.685583377499628e-09
1065 4.684113299963337e-09
1066 4.631064560670575e-09
1067 4.617721579421145e-09
1068 4.559418651790659e-09
1069 4.554223014002074e-09
1070 4.510463602798082e-09
1071 4.504233692710708e-09
1072 4.441850684365571e-09
1073 4.433882510876011e-09
1074 4.376515512838917e-09
1075 4.352424457636272e-09
1076 4.351296504019005e-09
1077 4.349421260040645e-09
1078 4.311930710061901e-09
1079 4.307578948645127e-09
1080 4.266016783110005e-09
1081 4.243003228918542e-09
1082 4.182397578516251e-09
1083 4.171666251613129e-09
1084 4.139931572335786e-09
1085 4.137791618321297e-09
1086 4.110656743356658e-09
1087 4.10618743940808e-09
1088 4.066062568029999e-09
1089 4.057091719737934e-09
1090 4.034839257098225e-09
1091 4.021006089795636e-09
1092 3.980629946232414e-09
1093 3.963780712248328e-09
1094 3.948448615973758e-09
1095 3.946938470706504e-09
1096 3.889977986773758e-09
1097 3.876488799970335e-09
1098 3.841457082341074e-09
1099 3.838117148441522e-09
1100 3.780225236281392e-09
1101 3.778482786962126e-09
1102 3.750565409123526e-09
1103 3.734413431128572e-09
1104 3.72981013305753e-09
1105 3.721219123459175e-09
1106 3.717824788077838e-09
1107 3.704803102659156e-09
1108 3.640706725002295e-09
1109 3.634116485527141e-09
1110 3.603648497825025e-09
1111 3.58704494519314e-09
1112 3.581826824594495e-09
1113 3.575571746765974e-09
1114 3.547227413834428e-09
1115 3.524228840719877e-09
1116 3.505677231585248e-09
1117 3.499465582476347e-09
1118 3.453034594042183e-09
1119 3.447554681618708e-09
1120 3.396636509905872e-09
1121 3.395741606872294e-09
1122 3.364809773833046e-09
1123 3.363189567051699e-09
1124 3.329043459548457e-09
1125 3.3182462228851e-09
1126 3.310090953969092e-09
1127 3.301539280237568e-09
1128 3.250415801313978e-09
1129 3.237713012957218e-09
1130 3.225583574936764e-09
1131 3.211688347617097e-09
1132 3.189576953896859e-09
1133 3.187018549928838e-09
1134 3.179948923693886e-09
1135 3.164074006836382e-09
1136 3.135501010915276e-09
1137 3.13344689041811e-09
1138 3.116884409023181e-09
1139 3.102092452794489e-09
1140 3.072332631786027e-09
1141 3.065936339863019e-09
1142 3.033648258248113e-09
1143 3.026235609287952e-09
1144 2.989789286910837e-09
1145 2.982990034319106e-09
1146 2.977195661090685e-09
1147 2.969509669537113e-09
1148 2.946716945839061e-09
1149 2.927453389529395e-09
1150 2.874220377115152e-09
1151 2.857354212794381e-09
1152 2.839560202436389e-09
1153 2.811160668510143e-09
1154 2.810772316558577e-09
1155 2.808290074050979e-09
1156 2.779959604218439e-09
1157 2.763095489737704e-09
1158 2.760565396191463e-09
1159 2.750844778376952e-09
1160 2.703988249507154e-09
1161 2.691259204572157e-09
1162 2.678761563274527e-09
1163 2.677920687701732e-09
1164 2.649467062424525e-09
1165 2.644898199105136e-09
1166 2.636272241189045e-09
1167 2.630497959105323e-09
1168 2.595438811874198e-09
1169 2.593255138337468e-09
1170 2.564195203777723e-09
1171 2.563782679670976e-09
1172 2.560041972694361e-09
1173 2.557029252774635e-09
1174 2.508983060813244e-09
1175 2.50818184116149e-09
1176 2.483958530133478e-09
1177 2.481050797550492e-09
1178 2.457899985654936e-09
1179 2.434362578688297e-09
1180 2.432333853181147e-09
1181 2.426691990866246e-09
1182 2.417085448462455e-09
1183 2.409283126862655e-09
1184 2.380841351549605e-09
1185 2.375571033732736e-09
1186 2.360780574021641e-09
1187 2.353553371894363e-09
1188 2.343410033456931e-09
1189 2.335742297507609e-09
1190 2.296907367939481e-09
1191 2.285890623881054e-09
1192 2.285466745624326e-09
1193 2.27576789971666e-09
1194 2.24804211195176e-09
1195 2.246014073335554e-09
1196 2.233886810251175e-09
1197 2.230451282378389e-09
1198 2.214602873791143e-09
1199 2.212571299934185e-09
1200 2.204567601088596e-09
1201 2.194195295904516e-09
1202 2.188160157542926e-09
1203 2.179258849985235e-09
1204 2.158371243044614e-09
1205 2.158244574026141e-09
1206 2.125756674523344e-09
1207 2.123791276895434e-09
1208 2.122004323417436e-09
1209 2.121268194227697e-09
1210 2.096037254146977e-09
1211 2.094369890603459e-09
1212 2.080431009525623e-09
1213 2.078355402406707e-09
1214 2.043074704216608e-09
1215 2.039984225644494e-09
1216 2.015275936256435e-09
1217 1.999481606017888e-09
1218 1.988679946793525e-09
1219 1.985375675206515e-09
1220 1.966144948788544e-09
1221 1.958738388322765e-09
1222 1.957955240924612e-09
1223 1.946108915763986e-09
1224 1.927506498686648e-09
1225 1.914359063027637e-09
1226 1.912533078872445e-09
1227 1.89510401807622e-09
1228 1.88420811151243e-09
1229 1.882177388390144e-09
1230 1.848486268727975e-09
1231 1.84021184887632e-09
1232 1.831907603347043e-09
1233 1.823447647799816e-09
1234 1.822831721480942e-09
1235 1.82103356730522e-09
1236 1.807376968083835e-09
1237 1.794128229113973e-09
1238 1.778233889509219e-09
1239 1.771726384598629e-09
1240 1.760420386784947e-09
1241 1.73023160376802e-09
1242 1.725168256919746e-09
1243 1.72025530247718e-09
1244 1.715761364959181e-09
1245 1.70583176752047e-09
1246 1.698871792372298e-09
1247 1.691341426256137e-09
1248 1.677653831751311e-09
1249 1.677283939324843e-09
1250 1.66943182395161e-09
1251 1.66441638534698e-09
1252 1.639037012316129e-09
1253 1.632241517924751e-09
1254 1.620793057251474e-09
1255 1.61377018467364e-09
1256 1.60872597570247e-09
1257 1.594162291769641e-09
1258 1.593542654165489e-09
1259 1.591996473222001e-09
1260 1.590555315934607e-09
1261 1.582079514053677e-09
1262 1.57756993834973e-09
1263 1.56632046742687e-09
1264 1.562824689281084e-09
1265 1.538868638323004e-09
1266 1.522990499792851e-09
1267 1.515205032443913e-09
1268 1.50394200265233e-09
1269 1.500403628086215e-09
1270 1.49206625969796e-09
1271 1.477791540066374e-09
1272 1.471669261699717e-09
1273 1.46635067282582e-09
1274 1.450450594131566e-09
1275 1.446468054566046e-09
1276 1.444023602699681e-09
1277 1.436926079334041e-09
1278 1.433780028013864e-09
1279 1.42197570848836e-09
1280 1.419392229619806e-09
1281 1.409984225160644e-09
1282 1.406648838017839e-09
1283 1.401774263160823e-09
1284 1.399516531460011e-09
1285 1.394774158244803e-09
1286 1.393882983816143e-09
1287 1.387531092065477e-09
1288 1.385666073252819e-09
1289 1.361644603846529e-09
1290 1.361410601780229e-09
1291 1.345825328992085e-09
1292 1.341866229585849e-09
1293 1.327472707834764e-09
1294 1.312124365258758e-09
1295 1.303209609223042e-09
1296 1.297792979130263e-09
1297 1.282000364614571e-09
1298 1.278057485004476e-09
1299 1.275009020460827e-09
1300 1.270680199391759e-09
1301 1.264387882239072e-09
1302 1.254534388711965e-09
1303 1.249722528584909e-09
1304 1.246795554544131e-09
1305 1.238322703748389e-09
1306 1.224010659505541e-09
1307 1.217877597437273e-09
1308 1.212520653115164e-09
1309 1.210625347456303e-09
1310 1.202926636295946e-09
1311 1.200432293818463e-09
1312 1.194304277890216e-09
1313 1.186357737826088e-09
1314 1.18357921710263e-09
1315 1.181375453963508e-09
1316 1.167444597577261e-09
1317 1.165029869516535e-09
1318 1.163923796667026e-09
1319 1.152810427598432e-09
1320 1.149925067768822e-09
1321 1.14498134232601e-09
1322 1.142964190821354e-09
1323 1.136763701051599e-09
1324 1.13414812093615e-09
1325 1.131307601249653e-09
1326 1.123630416188776e-09
1327 1.109992569842753e-09
1328 1.099726544757949e-09
1329 1.093058501161711e-09
1330 1.084973776375153e-09
1331 1.079134048333422e-09
1332 1.068318940594851e-09
1333 1.065511735946143e-09
1334 1.062041855314597e-09
1335 1.056379184815555e-09
1336 1.047125848230771e-09
1337 1.04251421580443e-09
1338 1.034801284995228e-09
1339 1.031759393298111e-09
1340 1.025691864074072e-09
1341 1.021134198963091e-09
1342 1.01000114221847e-09
1343 1.006380662848232e-09
1344 1.000503430858283e-09
1345 9.994636728233618e-10
1346 9.938050390400279e-10
1347 9.839453526582777e-10
1348 9.810943795942886e-10
1349 9.689497173979541e-10
1350 9.641786079418618e-10
1351 9.529412454666892e-10
1352 9.49835241420965e-10
1353 9.413962830198787e-10
1354 9.391079373052648e-10
1355 9.362540028872516e-10
1356 9.355481966395173e-10
1357 9.267122097428877e-10
1358 9.24190888616584e-10
1359 9.212335316067354e-10
1360 9.195917384268489e-10
1361 9.174459740274486e-10
1362 9.110351239126223e-10
1363 9.091071392557708e-10
1364 9.007645804003526e-10
1365 8.97773398298916e-10
1366 8.853303665710076e-10
1367 8.84948326804439e-10
1368 8.8205048850931e-10
1369 8.792289351826345e-10
1370 8.692865682418526e-10
1371 8.636056733209016e-10
1372 8.571457273040623e-10
1373 8.552022733512744e-10
1374 8.523949137638753e-10
1375 8.451620294852341e-10
1376 8.370340795209825e-10
1377 8.309318205100757e-10
1378 8.180165880996292e-10
1379 8.160377799449389e-10
1380 8.147688402653434e-10
1381 8.105710322671867e-10
1382 8.076679143968584e-10
1383 7.999969528643587e-10
1384 7.945646259178607e-10
1385 7.91667288333093e-10
1386 7.865635839545856e-10
1387 7.831153999132739e-10
1388 7.807962082252534e-10
1389 7.685276793905864e-10
1390 7.664472419121637e-10
1391 7.650762239478846e-10
1392 7.633083442244348e-10
1393 7.563073321963912e-10
1394 7.544717063960657e-10
1395 7.51266538835812e-10
1396 7.46780045259189e-10
1397 7.423119379902732e-10
1398 7.399505366252321e-10
1399 7.391861600268782e-10
1400 7.388801517965379e-10
1401 7.331296330510183e-10
1402 7.315170610158777e-10
1403 7.273073148618947e-10
1404 7.211882415490233e-10
1405 7.197768877021066e-10
1406 7.173113562502616e-10
1407 7.167140611032287e-10
1408 7.156053877069873e-10
1409 7.103266670272092e-10
1410 7.093506980442343e-10
1411 7.068006760865132e-10
1412 7.005902773533088e-10
1413 7.004540278293565e-10
1414 6.926517890632106e-10
1415 6.91664791529292e-10
1416 6.865981449318831e-10
1417 6.847094054796576e-10
1418 6.810536562766774e-10
1419 6.806238266423745e-10
1420 6.73964534328352e-10
1421 6.726466349723552e-10
1422 6.631528111310464e-10
1423 6.607081760064053e-10
1424 6.589024095005082e-10
1425 6.555020437285613e-10
1426 6.516267787719784e-10
1427 6.483244491266509e-10
1428 6.423291841213673e-10
1429 6.41443160546974e-10
1430 6.352787090167917e-10
1431 6.333370518471293e-10
1432 6.315610199559404e-10
1433 6.266170858912742e-10
1434 6.239025713093603e-10
1435 6.214398898200378e-10
1436 6.182824982950807e-10
1437 6.164906458944993e-10
1438 6.11334182301994e-10
1439 6.091905140405118e-10
1440 6.083174620932602e-10
1441 6.067545133384021e-10
1442 6.052618662076248e-10
1443 6.002074189218244e-10
1444 6.000091060277632e-10
1445 5.962825901344022e-10
1446 5.956733000303946e-10
1447 5.938664475412556e-10
1448 5.917526609205381e-10
1449 5.885743604381522e-10
1450 5.846062121068937e-10
1451 5.823573643776413e-10
1452 5.798152269378696e-10
1453 5.78125386241415e-10
1454 5.762979928429925e-10
1455 5.734981793333555e-10
1456 5.685816356315723e-10
1457 5.641158775233881e-10
1458 5.63051349682238e-10
1459 5.604928390089852e-10
1460 5.576805030152405e-10
1461 5.557388066695398e-10
1462 5.547734385676955e-10
1463 5.536582345243993e-10
1464 5.504294525585435e-10
1465 5.464299361620276e-10
1466 5.453043846321522e-10
1467 5.417237013656686e-10
1468 5.374488885225561e-10
1469 5.360642133671153e-10
1470 5.347086297448557e-10
1471 5.321363559673837e-10
1472 5.299137424401281e-10
1473 5.288639604017223e-10
1474 5.262395567171346e-10
1475 5.24587145700435e-10
1476 5.231543641794937e-10
1477 5.218925038160062e-10
1478 5.191384019232689e-10
1479 5.185392257190975e-10
1480 5.174721435840958e-10
1481 5.123741844544835e-10
1482 5.111858541199723e-10
1483 5.084550787390192e-10
1484 5.072359020205302e-10
1485 5.06085420622872e-10
1486 5.040359805291236e-10
1487 5.002489960253685e-10
1488 4.992406861473504e-10
1489 4.960520476962995e-10
1490 4.943925352823257e-10
1491 4.930996726623107e-10
1492 4.92400943556597e-10
1493 4.907896372564243e-10
1494 4.889120379627789e-10
1495 4.88185531231674e-10
1496 4.877352516032721e-10
1497 4.861691359446639e-10
1498 4.838669820054457e-10
1499 4.814421218482293e-10
1500 4.805038535327681e-10
1501 4.789758563806655e-10
1502 4.777652797625551e-10
1503 4.771498162302766e-10
1504 4.763650697332584e-10
1505 4.752020116479161e-10
1506 4.723060350491329e-10
1507 4.691668868042232e-10
1508 4.655609519280707e-10
1509 4.647416002271922e-10
1510 4.629865186608966e-10
1511 4.618012977016821e-10
1512 4.596304830096946e-10
1513 4.579598358656939e-10
1514 4.550030791472458e-10
1515 4.541521019066323e-10
1516 4.510958771253403e-10
1517 4.499644899222017e-10
1518 4.493703754396117e-10
1519 4.488041425950648e-10
1520 4.458274545607731e-10
1521 4.449103640693659e-10
1522 4.42684567065116e-10
1523 4.4015436346966e-10
1524 4.391780685298663e-10
1525 4.386457185626917e-10
1526 4.358658345076362e-10
1527 4.354057245021567e-10
1528 4.349668643961373e-10
1529 4.333025903343749e-10
1530 4.328907955539538e-10
1531 4.311177639872119e-10
1532 4.307019243512994e-10
1533 4.297243316783558e-10
1534 4.277060906206901e-10
1535 4.265511563019149e-10
1536 4.253142895173777e-10
1537 4.226568920202515e-10
1538 4.222094125892461e-10
1539 4.208907318024122e-10
1540 4.195358748077533e-10
1541 4.182014462139867e-10
1542 4.174868467749156e-10
1543 4.157189560380226e-10
1544 4.153500910105651e-10
1545 4.144349960409319e-10
1546 4.11979100998316e-10
1547 4.103803002490613e-10
1548 4.093429328499929e-10
1549 4.08289040511347e-10
1550 4.074569064025445e-10
1551 4.068829400245405e-10
1552 4.040749210938845e-10
1553 4.024847061457463e-10
1554 4.006439147845896e-10
1555 3.985651193811277e-10
1556 3.979624090029675e-10
1557 3.963986396625477e-10
1558 3.948653012883178e-10
1559 3.930155699407786e-10
1560 3.918389210055251e-10
1561 3.913398285581081e-10
1562 3.892101891390298e-10
1563 3.876144399457948e-10
1564 3.873865302508709e-10
1565 3.866726354246857e-10
1566 3.853592813957846e-10
1567 3.851313535259755e-10
1568 3.841365472923321e-10
1569 3.822042228255854e-10
1570 3.806601260598766e-10
1571 3.802527313333583e-10
1572 3.790801540089047e-10
1573 3.770789921320616e-10
1574 3.767667639832706e-10
1575 3.754331707092336e-10
1576 3.743401990284738e-10
1577 3.733003322829296e-10
1578 3.721250692309095e-10
1579 3.701694622523607e-10
1580 3.695676533014817e-10
1581 3.690274343795219e-10
1582 3.686532649423531e-10
1583 3.673977785050264e-10
1584 3.664118645911912e-10
1585 3.651709921171584e-10
1586 3.644977788824649e-10
1587 3.625359598867689e-10
1588 3.609520385153748e-10
1589 3.597194047229425e-10
1590 3.589815936231708e-10
1591 3.577886047978404e-10
1592 3.565535631672494e-10
1593 3.550087381237763e-10
1594 3.544631886229118e-10
1595 3.534780100559099e-10
1596 3.529351529627456e-10
1597 3.524630141660591e-10
1598 3.522038520692702e-10
1599 3.51691015787235e-10
1600 3.500220024188841e-10
1601 3.483081165414594e-10
1602 3.481071778291996e-10
1603 3.477870973944874e-10
1604 3.473130210501961e-10
1605 3.471443374116852e-10
1606 3.456209768645782e-10
1607 3.439538981534129e-10
1608 3.436245316924196e-10
1609 3.426592255606995e-10
1610 3.423131218162579e-10
1611 3.415219136230042e-10
1612 3.398978802899659e-10
1613 3.390721604849431e-10
1614 3.386303442109463e-10
1615 3.369933651623192e-10
1616 3.367711557149971e-10
1617 3.358960328861337e-10
1618 3.344282764599212e-10
1619 3.337893139026664e-10
1620 3.330990159375544e-10
1621 3.324706573462492e-10
1622 3.313736456660393e-10
1623 3.307030306509594e-10
1624 3.302006487856422e-10
1625 3.290145453657872e-10
1626 3.274557642676602e-10
1627 3.273536519073956e-10
1628 3.261393027145959e-10
1629 3.251150768892441e-10
1630 3.246473273100502e-10
1631 3.227536296390357e-10
1632 3.223457984325563e-10
1633 3.21457225237469e-10
1634 3.211160327789757e-10
1635 3.192669526576032e-10
1636 3.191663242111214e-10
1637 3.185633311978405e-10
1638 3.176981646441779e-10
1639 3.166567993465566e-10
1640 3.155087784595716e-10
1641 3.14412793283084e-10
1642 3.137763815257131e-10
1643 3.130415216413928e-10
1644 3.116993458871434e-10
1645 3.110951049259446e-10
1646 3.10535715577521e-10
1647 3.103075761636939e-10
1648 3.091880638588479e-10
1649 3.078019381262832e-10
1650 3.075727575240397e-10
1651 3.069804250669958e-10
1652 3.056054036892315e-10
1653 3.049262076201699e-10
1654 3.046118773041415e-10
1655 3.035554876267273e-10
1656 3.033545855922692e-10
1657 3.02650584459266e-10
1658 3.016246085535412e-10
1659 3.014986226754326e-10
1660 3.003438651310267e-10
1661 2.99806101139691e-10
1662 2.973381912634642e-10
1663 2.969031663451721e-10
1664 2.962228789160457e-10
1665 2.951934845540663e-10
1666 2.945173862042867e-10
1667 2.939822363371267e-10
1668 2.935462669588065e-10
1669 2.928704497704355e-10
1670 2.919959009366018e-10
1671 2.912065986163007e-10
1672 2.902133126434373e-10
1673 2.892410464905394e-10
1674 2.889274794573859e-10
1675 2.882315414494469e-10
1676 2.876717932341345e-10
1677 2.867522296958383e-10
1678 2.860057398084839e-10
1679 2.858721346355261e-10
1680 2.850861052479673e-10
1681 2.848785903311682e-10
1682 2.83519705212672e-10
1683 2.82624146403011e-10
1684 2.821695020614269e-10
1685 2.81947668750589e-10
1686 2.804760753650388e-10
1687 2.797512640748716e-10
1688 2.793946589253642e-10
1689 2.788555474468217e-10
1690 2.781192661209153e-10
1691 2.768450231331025e-10
1692 2.765007313086462e-10
1693 2.760657716954142e-10
1694 2.753229182428072e-10
1695 2.748414019418686e-10
1696 2.738219419677773e-10
1697 2.73055881636408e-10
1698 2.727972450567376e-10
1699 2.726029190160475e-10
1700 2.717599546406896e-10
1701 2.710751279778627e-10
1702 2.707131714364408e-10
1703 2.702570659434486e-10
1704 2.689927432272272e-10
1705 2.679578558197926e-10
1706 2.666882479606222e-10
1707 2.664402059627391e-10
1708 2.659428278002522e-10
1709 2.656585619676752e-10
1710 2.645572230202592e-10
1711 2.637594663278112e-10
1712 2.629791759148945e-10
1713 2.618698762727324e-10
1714 2.61630737907585e-10
1715 2.608930284436494e-10
1716 2.600250408927121e-10
1717 2.599149390734755e-10
1718 2.593617321158619e-10
1719 2.586862367536219e-10
1720 2.577204088787486e-10
1721 2.571063219204504e-10
1722 2.566429180979392e-10
1723 2.562295390712562e-10
1724 2.552515053111815e-10
1725 2.541323810062462e-10
1726 2.539522342515389e-10
1727 2.536173249054236e-10
1728 2.525950953066823e-10
1729 2.52249248176843e-10
1730 2.516018632824283e-10
1731 2.507300128937385e-10
1732 2.501561096304899e-10
1733 2.496754261820311e-10
1734 2.483069366836405e-10
1735 2.476029390077608e-10
1736 2.469236095621032e-10
1737 2.461901004497056e-10
1738 2.457228101443532e-10
1739 2.454605312167728e-10
1740 2.438398069869098e-10
1741 2.426436074261329e-10
1742 2.422320101698197e-10
1743 2.413805741353558e-10
1744 2.404018316619754e-10
1745 2.400921469685192e-10
1746 2.400324041737927e-10
1747 2.392720289227892e-10
1748 2.38965224395748e-10
1749 2.382973943138772e-10
1750 2.376006495116426e-10
1751 2.371200253348346e-10
1752 2.364654794189655e-10
1753 2.352657885097348e-10
1754 2.348887012664275e-10
1755 2.3435582380452e-10
1756 2.335631263837243e-10
1757 2.33044543952085e-10
1758 2.32216249358865e-10
1759 2.321709118005481e-10
1760 2.315037584239109e-10
1761 2.303174549577918e-10
1762 2.298736336640294e-10
1763 2.296393244307784e-10
1764 2.2888766712089e-10
1765 2.287035640243532e-10
1766 2.278621336893243e-10
1767 2.264205972610955e-10
1768 2.257396587299356e-10
1769 2.255496949648819e-10
1770 2.249702589251305e-10
1771 2.245871177339764e-10
1772 2.239699652755755e-10
1773 2.232109774092102e-10
1774 2.226221021688178e-10
1775 2.225358475876773e-10
1776 2.220608228256581e-10
1777 2.215269599921309e-10
1778 2.207875848095754e-10
1779 2.203439756097021e-10
1780 2.19739268603636e-10
1781 2.191423547930782e-10
1782 2.18341154225497e-10
1783 2.18183890540757e-10
1784 2.174237535102652e-10
1785 2.172958562228035e-10
1786 2.162745681868403e-10
1787 2.146898318149138e-10
1788 2.144596747768334e-10
1789 2.137715276117845e-10
1790 2.132966439713647e-10
1791 2.121821326917424e-10
1792 2.115132424862581e-10
1793 2.114722749453051e-10
1794 2.112793404158428e-10
1795 2.102434424361581e-10
1796 2.087475964321949e-10
1797 2.079509620686895e-10
1798 2.074197693059021e-10
1799 2.064390022655864e-10
1800 2.060550222315157e-10
1801 2.05391673588569e-10
1802 2.050446722583522e-10
1803 2.041400882709736e-10
1804 2.035166071228619e-10
1805 2.031875302806143e-10
1806 2.019628413882999e-10
1807 2.014843692635129e-10
1808 2.006749114990752e-10
1809 1.999740816354913e-10
1810 1.994495527677272e-10
1811 1.988705741340197e-10
1812 1.976951653747997e-10
1813 1.974411073970501e-10
1814 1.968083462886907e-10
1815 1.96225772058235e-10
1816 1.953246846553121e-10
1817 1.948317792157183e-10
1818 1.946024969094492e-10
1819 1.936823365300407e-10
1820 1.929776735413286e-10
1821 1.92209192675941e-10
1822 1.916163738981716e-10
1823 1.908351092392119e-10
1824 1.903981061576119e-10
1825 1.89524573363411e-10
1826 1.88938922871559e-10
1827 1.88645499055877e-10
1828 1.881025322784354e-10
1829 1.863937190138915e-10
1830 1.860315493573922e-10
1831 1.852130074825753e-10
1832 1.848276795122106e-10
1833 1.844323918392959e-10
1834 1.83372579519637e-10
1835 1.828557276928461e-10
1836 1.821829700371601e-10
1837 1.813287421349572e-10
1838 1.810410312427457e-10
1839 1.801590173285848e-10
1840 1.79955733580577e-10
1841 1.787771746121477e-10
1842 1.774067276558959e-10
1843 1.771675667227559e-10
1844 1.766979769965498e-10
1845 1.761901601481915e-10
1846 1.751817231678503e-10
1847 1.743431294721317e-10
1848 1.735289716483235e-10
1849 1.726914302935239e-10
1850 1.71705005852973e-10
1851 1.706753760651742e-10
1852 1.702396369548444e-10
1853 1.694365354708143e-10
1854 1.685740655314278e-10
1855 1.683746342336391e-10
1856 1.67703217178799e-10
1857 1.669616494292534e-10
1858 1.657967873413832e-10
1859 1.650299083838234e-10
1860 1.643124237310135e-10
1861 1.628783918349748e-10
1862 1.616009700304617e-10
1863 1.612354184792395e-10
1864 1.606666743305493e-10
1865 1.594671543787849e-10
1866 1.582634632845086e-10
1867 1.578539068111919e-10
1868 1.571277656760486e-10
1869 1.560365776107711e-10
1870 1.554401673716975e-10
1871 1.549086574318795e-10
1872 1.533103814838743e-10
1873 1.521754842834459e-10
1874 1.517714310880459e-10
1875 1.509580505443959e-10
1876 1.502565271774323e-10
1877 1.495863540015739e-10
1878 1.494298005555394e-10
1879 1.478915584430066e-10
1880 1.475857155656133e-10
1881 1.473128152739395e-10
1882 1.463358677012534e-10
1883 1.445113934687409e-10
1884 1.440373314098139e-10
1885 1.432624677577228e-10
1886 1.422589414516521e-10
1887 1.418472801411228e-10
1888 1.385953955231509e-10
1889 1.375889266556891e-10
1890 1.375580241459304e-10
1891 1.369547006641918e-10
1892 1.35932113935667e-10
1893 1.353176073134228e-10
1894 1.346473276778052e-10
1895 1.335621650138631e-10
1896 1.319450006935947e-10
1897 1.312431778258382e-10
1898 1.295929940692992e-10
1899 1.287597671309168e-10
1900 1.282536731268458e-10
1901 1.259498329848097e-10
1902 1.257392246378557e-10
1903 1.249549202900556e-10
1904 1.223495980696134e-10
1905 1.215479533992405e-10
1906 1.204486200712399e-10
1907 1.197222640764553e-10
1908 1.175091307389767e-10
1909 1.171213058076061e-10
1910 1.152868695961884e-10
1911 1.135876904930686e-10
1912 1.127634761815834e-10
1913 1.124855780533761e-10
1914 1.114869532033056e-10
1915 1.106244372979044e-10
1916 1.093025783432453e-10
1917 1.087857347152217e-10
1918 1.074711927351309e-10
1919 1.068715014739204e-10
1920 1.058109539985009e-10
1921 1.05674777965286e-10
1922 1.047594358955774e-10
1923 1.035085465175017e-10
1924 1.028975503688824e-10
1925 1.006486374100878e-10
1926 9.999210727469461e-11
1927 9.913533231882398e-11
1928 9.896511143074629e-11
1929 9.812009712778723e-11
1930 9.753471581586991e-11
1931 9.673271661638809e-11
1932 9.554989998765891e-11
1933 9.433890064563554e-11
1934 9.369194975834999e-11
1935 9.290184739328834e-11
1936 9.071177511995948e-11
1937 8.989484656948426e-11
1938 8.842172839264004e-11
1939 8.744900955887391e-11
1940 8.531070213949393e-11
1941 8.489500684694046e-11
1942 8.454750814953662e-11
1943 8.360496148497499e-11
1944 8.230009396845914e-11
1945 8.215507468846036e-11
1946 8.213390808868596e-11
1947 8.134176126067524e-11
1948 7.97942507627175e-11
1949 7.899313126766191e-11
1950 7.874339569844544e-11
1951 7.790714223657768e-11
1952 7.719816845232811e-11
1953 7.613679922058433e-11
1954 7.414533138789787e-11
1955 7.394300683414861e-11
1956 7.320180606040714e-11
1957 7.228649424828164e-11
1958 7.091705080474458e-11
1959 6.988865283662279e-11
1960 6.944388567849967e-11
1961 6.883070102038461e-11
1962 6.79031163554762e-11
1963 6.715609082588944e-11
1964 6.616035219502829e-11
1965 6.552560106920466e-11
1966 6.47458475191537e-11
1967 6.361916515614926e-11
1968 6.303169909154227e-11
1969 6.251241694678493e-11
1970 6.157112047423635e-11
1971 6.06922181885093e-11
1972 6.020912617916451e-11
1973 5.900342768534461e-11
1974 5.808494528153807e-11
1975 5.686105045721689e-11
1976 5.636296906093455e-11
1977 5.52672651354403e-11
1978 5.461553850819531e-11
1979 5.411109781599826e-11
1980 5.293248102692769e-11
1981 5.276188401421794e-11
1982 5.173444908493177e-11
1983 5.117580645076e-11
1984 4.988802293746089e-11
1985 4.947618327189955e-11
1986 4.792396516180761e-11
1987 4.536570725418573e-11
1988 4.492778843338866e-11
1989 4.405460490923944e-11
1990 4.302593736288443e-11
1991 4.235900356196915e-11
1992 4.091125021207814e-11
1993 4.036669955648684e-11
1994 3.864642903457774e-11
1995 3.722270714548449e-11
1996 3.63547607255846e-11
1997 3.593150733384788e-11
1998 3.379436612143837e-11
1999 3.259163099991134e-11
