time quantity 
0 1.049625206046184
0.0001000333444481494 1.049625206046094
0.0002000666888962987 1.04962520604601
0.0003001000333444481 1.049625206045911
0.0004001333777925975 1.049625206045812
0.0005001667222407469 1.04962520604571
0.0006002000666888962 1.049625206045601
0.0007002334111370457 1.049625206045495
0.000800266755585195 1.049625206045385
0.0009003001000333444 1.049625206045267
0.001000333444481494 1.049625206045151
0.001100366788929643 1.049625206045027
0.001200400133377792 1.049625206044897
0.001300433477825942 1.049625206044763
0.001400466822274091 1.04962520604463
0.001500500166722241 1.049625206044489
0.00160053351117039 1.049625206044341
0.001700566855618539 1.04962520604419
0.001800600200066689 1.049625206044029
0.001900633544514838 1.049625206043862
0.002000666888962988 1.049625206043689
0.002100700233411137 1.04962520604351
0.002200733577859286 1.049625206043326
0.002300766922307436 1.049625206043135
0.002400800266755585 1.049625206042939
0.002500833611203734 1.049625206042738
0.002600866955651884 1.04962520604253
0.002700900300100033 1.049625206042316
0.002800933644548183 1.049625206042097
0.002900966988996332 1.049625206041875
0.003001000333444481 1.04962520604164
0.00310103367789263 1.04962520604141
0.00320106702234078 1.049625206041173
0.00330110036678893 1.049625206040932
0.003401133711237079 1.049625206040688
0.003501167055685228 1.049625206040437
0.003601200400133378 1.049625206040183
0.003701233744581527 1.049625206039926
0.003801267089029677 1.049625206039668
0.003901300433477826 1.049625206039405
0.004001333777925976 1.049625206039139
0.004101367122374125 1.049625206038872
0.004201400466822274 1.049625206038605
0.004301433811270424 1.049625206038332
0.004401467155718573 1.049625206038057
0.004501500500166723 1.049625206037783
0.004601533844614872 1.049625206037504
0.004701567189063021 1.049625206037223
0.00480160053351117 1.049625206036937
0.00490163387795932 1.049625206036656
0.005001667222407469 1.049625206036367
0.005101700566855618 1.049625206036081
0.005201733911303768 1.049625206035785
0.005301767255751917 1.049625206035492
0.005401800600200067 1.049625206035195
0.005501833944648216 1.049625206034897
0.005601867289096366 1.049625206034596
0.005701900633544514 1.049625206034291
0.005801933977992664 1.04962520603399
0.005901967322440814 1.049625206033683
0.006002000666888963 1.049625206033372
0.006102034011337113 1.04962520603306
0.006202067355785261 1.049625206032747
0.006302100700233411 1.04962520603243
0.00640213404468156 1.049625206032107
0.00650216738912971 1.049625206031786
0.00660220073357786 1.049625206031462
0.006702234078026008 1.049625206031135
0.006802267422474158 1.049625206030804
0.006902300766922307 1.049625206030469
0.007002334111370457 1.049625206030133
0.007102367455818606 1.04962520602979
0.007202400800266755 1.049625206029449
0.007302434144714904 1.049625206029105
0.007402467489163054 1.049625206028757
0.007502500833611204 1.049625206028406
0.007602534178059353 1.049625206028049
0.007702567522507502 1.049625206027691
0.007802600866955651 1.049625206027327
0.007902634211403801 1.049625206026962
0.008002667555851951 1.049625206026591
0.008102700900300101 1.049625206026222
0.008202734244748249 1.049625206025848
0.008302767589196399 1.049625206025472
0.008402800933644547 1.04962520602509
0.008502834278092697 1.049625206024702
0.008602867622540847 1.049625206024312
0.008702900966988995 1.049625206023919
0.008802934311437145 1.049625206023522
0.008902967655885295 1.04962520602312
0.009003001000333445 1.049625206022717
0.009103034344781593 1.049625206022307
0.009203067689229743 1.049625206021893
0.009303101033677891 1.049625206021473
0.009403134378126041 1.049625206021053
0.009503167722574191 1.049625206020626
0.00960320106702234 1.049625206020199
0.009703234411470489 1.04962520601977
0.009803267755918639 1.049625206019333
0.009903301100366789 1.049625206018894
0.01000333444481494 1.049625206018449
0.01010336778926309 1.049625206018
0.01020340113371124 1.049625206017544
0.01030343447815939 1.049625206017089
0.01040346782260754 1.049625206016628
0.01050350116705569 1.049625206016165
0.01060353451150383 1.049625206015695
0.01070356785595199 1.049625206015221
0.01080360120040013 1.049625206014743
0.01090363454484828 1.049625206014262
0.01100366788929643 1.049625206013775
0.01110370123374458 1.049625206013285
0.01120373457819273 1.049625206012786
0.01130376792264088 1.049625206012285
0.01140380126708903 1.049625206011779
0.01150383461153718 1.049625206011274
0.01160386795598533 1.049625206010754
0.01170390130043348 1.049625206010238
0.01180393464488163 1.049625206009718
0.01190396798932978 1.049625206009189
0.01200400133377793 1.049625206008658
0.01210403467822607 1.04962520600812
0.01220406802267423 1.049625206007584
0.01230410136712237 1.049625206007035
0.01240413471157052 1.049625206006479
0.01250416805601867 1.049625206005923
0.01260420140046682 1.049625206005358
0.01270423474491497 1.049625206004791
0.01280426808936312 1.049625206004218
0.01290430143381127 1.049625206003636
0.01300433477825942 1.049625206003052
0.01310436812270757 1.049625206002459
0.01320440146715572 1.049625206001864
0.01330443481160387 1.049625206001271
0.01340446815605202 1.049625206000663
0.01350450150050017 1.049625206000051
0.01360453484494832 1.049625205999434
0.01370456818939647 1.049625205998814
0.01380460153384461 1.049625205998183
0.01390463487829276 1.049625205997552
0.01400466822274091 1.049625205996911
0.01410470156718906 1.049625205996267
0.01420473491163721 1.04962520599562
0.01430476825608536 1.049625205994961
0.01440480160053351 1.0496252059943
0.01450483494498166 1.049625205993633
0.01460486828942981 1.049625205992961
0.01470490163387796 1.049625205992277
0.01480493497832611 1.049625205991586
0.01490496832277426 1.049625205990896
0.01500500166722241 1.04962520599019
0.01510503501167056 1.049625205989486
0.01520506835611871 1.049625205988767
0.01530510170056685 1.049625205988044
0.015405135045015 1.049625205987317
0.01550516838946315 1.049625205986586
0.0156052017339113 1.049625205985846
0.01570523507835945 1.049625205985097
0.0158052684228076 1.049625205984342
0.01590530176725575 1.049625205983582
0.0160053351117039 1.049625205982812
0.01610536845615205 1.049625205982039
0.0162054018006002 1.049625205981255
0.01630543514504835 1.049625205980468
0.0164054684894965 1.049625205979673
0.01650550183394465 1.04962520597887
0.0166055351783928 1.04962520597806
0.01670556852284095 1.049625205977242
0.01680560186728909 1.049625205976421
0.01690563521173724 1.049625205975591
0.01700566855618539 1.049625205974755
0.01710570190063354 1.049625205973909
0.01720573524508169 1.049625205973059
0.01730576858952984 1.049625205972201
0.01740580193397799 1.04962520597134
0.01750583527842614 1.04962520597047
0.01760586862287429 1.04962520596959
0.01770590196732244 1.049625205968707
0.01780593531177059 1.04962520596782
0.01790596865621874 1.049625205966925
0.01800600200066689 1.049625205966027
0.01810603534511504 1.049625205965118
0.01820606868956319 1.049625205964206
0.01830610203401134 1.049625205963288
0.01840613537845949 1.049625205962363
0.01850616872290764 1.049625205961434
0.01860620206735578 1.049625205960502
0.01870623541180394 1.049625205959564
0.01880626875625208 1.049625205958623
0.01890630210070023 1.049625205957684
0.01900633544514838 1.049625205956737
0.01910636878959653 1.049625205955786
0.01920640213404468 1.049625205954835
0.01930643547849283 1.049625205953876
0.01940646882294098 1.049625205952917
0.01950650216738913 1.049625205951959
0.01960653551183728 1.049625205950998
0.01970656885628543 1.049625205950033
0.01980660220073358 1.04962520594907
0.01990663554518173 1.049625205948103
0.02000666888962987 1.049625205947138
0.02010670223407802 1.049625205946173
0.02020673557852617 1.049625205945209
0.02030676892297432 1.049625205944246
0.02040680226742247 1.049625205943285
0.02050683561187062 1.049625205942325
0.02060686895631877 1.049625205941373
0.02070690230076692 1.049625205940422
0.02080693564521507 1.049625205939472
0.02090696898966322 1.049625205938531
0.02100700233411137 1.049625205937591
0.02110703567855952 1.049625205936662
0.02120706902300767 1.049625205935736
0.02130710236745582 1.049625205934815
0.02140713571190397 1.049625205933902
0.02150716905635212 1.049625205933001
0.02160720240080027 1.049625205932107
0.02170723574524841 1.049625205931219
0.02180726908969656 1.049625205930342
0.02190730243414472 1.04962520592948
0.02200733577859286 1.049625205928629
0.02210736912304101 1.049625205927792
0.02220740246748916 1.049625205926963
0.02230743581193731 1.049625205926153
0.02240746915638546 1.049625205925354
0.02250750250083361 1.049625205924572
0.02260753584528176 1.049625205923808
0.02270756918972991 1.049625205923054
0.02280760253417806 1.049625205922326
0.02290763587862621 1.049625205921609
0.02300766922307436 1.049625205920915
0.02310770256752251 1.04962520592024
0.02320773591197066 1.049625205919579
0.0233077692564188 1.04962520591894
0.02340780260086696 1.049625205918328
0.02350783594531511 1.049625205917734
0.02360786928976326 1.049625205917164
0.0237079026342114 1.049625205916617
0.02380793597865955 1.049625205916095
0.0239079693231077 1.049625205915594
0.02400800266755585 1.049625205915115
0.024108036012004 1.049625205914664
0.02420806935645215 1.049625205914237
0.0243081027009003 1.049625205913837
0.02440813604534845 1.04962520591346
0.0245081693897966 1.049625205913111
0.02460820273424475 1.049625205912783
0.0247082360786929 1.049625205912486
0.02480826942314104 1.049625205912214
0.0249083027675892 1.049625205911966
0.02500833611203735 1.049625205911745
0.02510836945648549 1.049625205911551
0.02520840280093364 1.049625205911383
0.02530843614538179 1.049625205911232
0.02540846948982994 1.049625205911112
0.02550850283427809 1.049625205911014
0.02560853617872624 1.049625205910942
0.02570856952317439 1.049625205910885
0.02580860286762254 1.049625205910853
0.02590863621207069 1.049625205910844
0.02600866955651884 1.049625205910851
0.02610870290096699 1.049625205910884
0.02620873624541514 1.049625205910935
0.02630876958986329 1.049625205910995
0.02640880293431144 1.049625205911075
0.02650883627875959 1.049625205911166
0.02660886962320774 1.049625205911271
0.02670890296765588 1.049625205911382
0.02680893631210403 1.049625205911506
0.02690896965655219 1.049625205911628
0.02700900300100033 1.049625205911757
0.02710903634544848 1.049625205911893
0.02720906968989663 1.049625205912028
0.02730910303434478 1.049625205912158
0.02740913637879293 1.049625205912285
0.02750916972324108 1.049625205912402
0.02760920306768923 1.049625205912511
0.02770923641213738 1.049625205912608
0.02780926975658552 1.049625205912694
0.02790930310103368 1.049625205912753
0.02800933644548183 1.049625205912797
0.02810936978992997 1.049625205912813
0.02820940313437812 1.049625205912802
0.02830943647882627 1.049625205912761
0.02840946982327442 1.049625205912684
0.02850950316772257 1.049625205912577
0.02860953651217072 1.049625205912426
0.02870956985661887 1.049625205912238
0.02880960320106702 1.049625205911993
0.02890963654551517 1.049625205911699
0.02900966988996332 1.049625205911357
0.02910970323441147 1.049625205910953
0.02920973657885962 1.049625205910493
0.02930976992330777 1.049625205909966
0.02940980326775592 1.049625205909381
0.02950983661220407 1.049625205908718
0.02960986995665222 1.049625205907984
0.02970990330110037 1.049625205907179
0.02980993664554851 1.049625205906287
0.02990996998999667 1.049625205905317
0.03001000333444482 1.04962520590426
0.03011003667889296 1.049625205903113
0.03021007002334111 1.04962520590188
0.03031010336778926 1.049625205900557
0.03041013671223741 1.049625205899132
0.03051017005668556 1.049625205897611
0.03061020340113371 1.049625205895985
0.03071023674558186 1.049625205894262
0.03081027009003001 1.04962520589243
0.03091030343447816 1.049625205890493
0.03101033677892631 1.049625205888451
0.03111037012337446 1.049625205886298
0.0312104034678226 1.049625205884038
0.03131043681227075 1.049625205881659
0.0314104701567189 1.049625205879171
0.03151050350116705 1.049625205876566
0.0316105368456152 1.049625205873849
0.03171057019006335 1.049625205871012
0.0318106035345115 1.049625205868066
0.03191063687895965 1.049625205865001
0.0320106702234078 1.049625205861823
0.03211070356785595 1.049625205858529
0.0322107369123041 1.049625205855118
0.03231077025675225 1.049625205851596
0.0324108036012004 1.049625205847956
0.03251083694564855 1.049625205844201
0.0326108702900967 1.049625205840334
0.03271090363454485 1.049625205836356
0.032810936978993 1.04962520583227
0.03291097032344115 1.049625205828079
0.0330110036678893 1.049625205823776
0.03311103701233745 1.049625205819374
0.0332110703567856 1.04962520581487
0.03331110370123374 1.049625205810262
0.0334111370456819 1.049625205805556
0.03351117039013005 1.049625205800755
0.03361120373457819 1.049625205795863
0.03371123707902634 1.049625205790874
0.03381127042347449 1.049625205785801
0.03391130376792264 1.049625205780641
0.03401133711237079 1.049625205775403
0.03411137045681894 1.049625205770081
0.03421140380126709 1.04962520576469
0.03431143714571524 1.049625205759224
0.03441147049016339 1.049625205753689
0.03451150383461154 1.049625205748091
0.03461153717905969 1.049625205742431
0.03471157052350783 1.04962520573671
0.03481160386795598 1.049625205730935
0.03491163721240414 1.049625205725111
0.03501167055685228 1.049625205719236
0.03511170390130043 1.049625205713321
0.03521173724574858 1.049625205707371
0.03531177059019673 1.049625205701378
0.03541180393464488 1.049625205695356
0.03551183727909303 1.049625205689306
0.03561187062354118 1.049625205683236
0.03571190396798933 1.049625205677144
0.03581193731243747 1.049625205671039
0.03591197065688563 1.049625205664924
0.03601200400133378 1.049625205658802
0.03611203734578192 1.049625205652678
0.03621207069023007 1.049625205646549
0.03631210403467822 1.049625205640426
0.03641213737912637 1.049625205634311
0.03651217072357452 1.049625205628208
0.03661220406802267 1.049625205622121
0.03671223741247082 1.049625205616051
0.03681227075691897 1.049625205610005
0.03691230410136712 1.049625205603989
0.03701233744581527 1.049625205598004
0.03711237079026342 1.049625205592053
0.03721240413471157 1.049625205586138
0.03731243747915972 1.049625205580268
0.03741247082360787 1.049625205574444
0.03751250416805602 1.049625205568666
0.03761253751250417 1.049625205562941
0.03771257085695232 1.049625205557273
0.03781260420140047 1.04962520555166
0.03791263754584862 1.049625205546109
0.03801267089029677 1.049625205540623
0.03811270423474492 1.049625205535207
0.03821273757919307 1.049625205529854
0.03831277092364121 1.049625205524576
0.03841280426808936 1.049625205519368
0.03851283761253751 1.049625205514239
0.03861287095698566 1.049625205509193
0.03871290430143381 1.049625205504228
0.03881293764588196 1.049625205499349
0.03891297099033011 1.049625205494551
0.03901300433477826 1.04962520548984
0.03911303767922641 1.049625205485225
0.03921307102367456 1.049625205480696
0.03931310436812271 1.049625205476264
0.03941313771257085 1.049625205471928
0.03951317105701901 1.049625205467686
0.03961320440146716 1.049625205463539
0.0397132377459153 1.049625205459487
0.03981327109036345 1.049625205455535
0.0399133044348116 1.049625205451683
0.04001333777925975 1.04962520544793
0.0401133711237079 1.049625205444276
0.04021340446815605 1.049625205440725
0.0403134378126042 1.049625205437274
0.04041347115705235 1.049625205433926
0.0405135045015005 1.04962520543068
0.04061353784594865 1.049625205427532
0.0407135711903968 1.049625205424487
0.04081360453484494 1.04962520542154
0.04091363787929309 1.049625205418696
0.04101367122374125 1.049625205415951
0.04111370456818939 1.049625205413306
0.04121373791263754 1.049625205410761
0.04131377125708569 1.049625205408307
0.04141380460153384 1.049625205405953
0.04151383794598199 1.049625205403689
0.04161387129043014 1.049625205401521
0.04171390463487829 1.049625205399448
0.04181393797932644 1.049625205397465
0.04191397132377458 1.049625205395578
0.04201400466822274 1.049625205393772
0.04211403801267089 1.049625205392059
0.04221407135711903 1.049625205390432
0.04231410470156718 1.049625205388882
0.04241413804601533 1.04962520538742
0.04251417139046348 1.049625205386033
0.04261420473491163 1.049625205384728
0.04271423807935978 1.049625205383502
0.04281427142380794 1.049625205382344
0.04291430476825608 1.049625205381268
0.04301433811270423 1.049625205380261
0.04311437145715238 1.049625205379319
0.04321440480160053 1.049625205378453
0.04331443814604868 1.049625205377648
0.04341447149049683 1.049625205376906
0.04351450483494498 1.049625205376227
0.04361453817939313 1.049625205375611
0.04371457152384128 1.049625205375051
0.04381460486828943 1.049625205374546
0.04391463821273758 1.049625205374096
0.04401467155718573 1.049625205373696
0.04411470490163387 1.049625205373351
0.04421473824608203 1.049625205373054
0.04431477159053018 1.049625205372802
0.04441480493497832 1.049625205372593
0.04451483827942648 1.049625205372433
0.04461487162387462 1.049625205372312
0.04471490496832277 1.049625205372231
0.04481493831277093 1.049625205372189
0.04491497165721907 1.049625205372183
0.04501500500166723 1.049625205372211
0.04511503834611537 1.049625205372272
0.04521507169056352 1.049625205372366
0.04531510503501168 1.049625205372488
0.04541513837945982 1.049625205372642
0.04551517172390797 1.049625205372825
0.04561520506835611 1.049625205373026
0.04571523841280427 1.049625205373252
0.04581527175725242 1.049625205373502
0.04591530510170056 1.04962520537377
0.04601533844614872 1.049625205374059
0.04611537179059686 1.049625205374371
0.04621540513504501 1.0496252053747
0.04631543847949317 1.049625205375041
0.04641547182394131 1.049625205375398
0.04651550516838946 1.049625205375762
0.0466155385128376 1.049625205376145
0.04671557185728576 1.049625205376534
0.04681560520173391 1.049625205376933
0.04691563854618205 1.049625205377338
0.04701567189063021 1.049625205377749
0.04711570523507835 1.049625205378164
0.04721573857952651 1.049625205378584
0.04731577192397466 1.049625205379001
0.0474158052684228 1.049625205379421
0.04751583861287096 1.049625205379837
0.0476158719573191 1.049625205380249
0.04771590530176725 1.049625205380657
0.04781593864621541 1.049625205381056
0.04791597199066355 1.049625205381444
0.0480160053351117 1.049625205381825
0.04811603867955985 1.049625205382193
0.048216072024008 1.049625205382552
0.04831610536845615 1.049625205382888
0.0484161387129043 1.049625205383212
0.04851617205735245 1.04962520538351
0.0486162054018006 1.049625205383794
0.04871623874624875 1.049625205384051
0.0488162720906969 1.049625205384284
0.04891630543514505 1.049625205384491
0.0490163387795932 1.049625205384667
0.04911637212404134 1.049625205384811
0.04921640546848949 1.049625205384921
0.04931643881293764 1.049625205384999
0.04941647215738579 1.049625205385041
0.04951650550183394 1.049625205385053
0.04961653884628209 1.049625205385018
0.04971657219073024 1.049625205384944
0.04981660553517839 1.049625205384829
0.04991663887962654 1.049625205384667
0.05001667222407469 1.049625205384461
0.05011670556852284 1.049625205384212
0.05021673891297099 1.049625205383911
0.05031677225741914 1.049625205383564
0.05041680560186729 1.049625205383171
0.05051683894631544 1.049625205382732
0.05061687229076358 1.049625205382246
0.05071690563521174 1.049625205381711
0.05081693897965989 1.049625205381129
0.05091697232410803 1.049625205380502
0.05101700566855619 1.049625205379834
0.05111703901300433 1.049625205379124
0.05121707235745248 1.04962520537837
0.05131710570190064 1.049625205377583
0.05141713904634878 1.049625205376756
0.05151717239079693 1.04962520537589
0.05161720573524508 1.049625205375
0.05171723907969323 1.049625205374084
0.05181727242414138 1.049625205373144
0.05191730576858953 1.049625205372186
0.05201733911303768 1.049625205371218
0.05211737245748582 1.049625205370236
0.05221740580193398 1.049625205369248
0.05231743914638213 1.049625205368265
0.05241747249083027 1.049625205367281
0.05251750583527843 1.049625205366315
0.05261753917972657 1.049625205365358
0.05271757252417472 1.049625205364428
0.05281760586862288 1.049625205363524
0.05291763921307102 1.049625205362652
0.05301767255751917 1.049625205361818
0.05311770590196731 1.049625205361027
0.05321773924641547 1.049625205360285
0.05331777259086362 1.049625205359591
0.05341780593531176 1.04962520535896
0.05351783927975992 1.049625205358385
0.05361787262420806 1.049625205357874
0.05371790596865621 1.049625205357435
0.05381793931310437 1.049625205357068
0.05391797265755251 1.049625205356772
0.05401800600200066 1.049625205356549
0.05411803934644881 1.049625205356406
0.05421807269089696 1.049625205356343
0.05431810603534511 1.049625205356359
0.05441813937979326 1.049625205356453
0.05451817272424141 1.049625205356621
0.05461820606868956 1.049625205356862
0.05471823941313771 1.049625205357178
0.05481827275758586 1.049625205357567
0.05491830610203401 1.049625205358019
0.05501833944648216 1.049625205358538
0.05511837279093031 1.049625205359111
0.05521840613537846 1.049625205359737
0.05531843947982661 1.049625205360411
0.05541847282427476 1.049625205361124
0.05551850616872291 1.049625205361874
0.05561853951317105 1.049625205362651
0.05571857285761921 1.049625205363447
0.05581860620206736 1.049625205364255
0.0559186395465155 1.049625205365066
0.05601867289096366 1.049625205365878
0.0561187062354118 1.049625205366681
0.05621873957985995 1.049625205367463
0.05631877292430811 1.049625205368213
0.05641880626875625 1.049625205368932
0.0565188396132044 1.049625205369608
0.05661887295765255 1.049625205370226
0.0567189063021007 1.049625205370791
0.05681893964654885 1.049625205371284
0.056918972990997 1.049625205371699
0.05701900633544515 1.049625205372024
0.05711903967989329 1.049625205372259
0.05721907302434145 1.049625205372384
0.0573191063687896 1.049625205372397
0.05741913971323774 1.049625205372281
0.0575191730576859 1.04962520537203
0.05761920640213404 1.049625205371634
0.05771923974658219 1.049625205371074
0.05781927309103035 1.049625205370344
0.05791930643547849 1.049625205369432
0.05801933977992664 1.049625205368311
0.05811937312437478 1.049625205366973
0.05821940646882294 1.049625205365395
0.05831943981327109 1.049625205363564
0.05841947315771923 1.049625205361449
0.05851950650216739 1.049625205359037
0.05861953984661553 1.049625205356296
0.05871957319106368 1.049625205353197
0.05881960653551184 1.04962520534971
0.05891963987995998 1.049625205345804
0.05901967322440813 1.049625205341443
0.05911970656885628 1.049625205336595
0.05921973991330443 1.049625205331217
0.05931977325775259 1.049625205325269
0.05941980660220073 1.049625205318712
0.05951983994664888 1.049625205311497
0.05961987329109703 1.049625205303583
0.05971990663554518 1.049625205294921
0.05981993997999333 1.049625205285462
0.05991997332444148 1.049625205275167
0.06002000666888963 1.049625205263984
0.06012004001333777 1.049625205251869
0.06022007335778592 1.049625205238782
0.06032010670223408 1.04962520522467
0.06042014004668222 1.049625205209498
0.06052017339113037 1.049625205193234
0.06062020673557852 1.049625205175849
0.06072024008002667 1.049625205157316
0.06082027342447482 1.049625205137618
0.06092030676892297 1.04962520511673
0.06102034011337112 1.049625205094657
0.06112037345781927 1.049625205071391
0.06122040680226742 1.049625205046955
0.06132044014671557 1.049625205021364
0.06142047349116372 1.049625204994649
0.06152050683561187 1.049625204966858
0.06162054018006002 1.049625204938043
0.06172057352450817 1.049625204908266
0.06182060686895632 1.04962520487762
0.06192064021340447 1.049625204846178
0.06202067355785262 1.049625204814055
0.06212070690230076 1.049625204781362
0.06222074024674892 1.04962520474823
0.06232077359119707 1.049625204714801
0.06242080693564521 1.049625204681223
0.06252084028009336 1.049625204647655
0.06262087362454151 1.049625204614276
0.06272090696898966 1.049625204581256
0.06282094031343781 1.049625204548785
0.06292097365788596 1.049625204517053
0.06302100700233411 1.049625204486264
0.06312104034678226 1.049625204456602
0.06322107369123041 1.04962520442827
0.06332110703567856 1.049625204401463
0.06342114038012671 1.049625204376371
0.06352117372457486 1.049625204353173
0.06362120706902301 1.04962520433204
0.06372124041347116 1.04962520431314
0.06382127375791931 1.049625204296613
0.06392130710236746 1.049625204282599
0.06402134044681561 1.049625204271204
0.06412137379126374 1.049625204262515
0.06422140713571191 1.049625204256597
0.06432144048016006 1.049625204253493
0.06442147382460819 1.049625204253206
0.06452150716905636 1.049625204255722
0.06462154051350449 1.049625204260986
0.06472157385795264 1.049625204268918
0.06482160720240081 1.049625204279401
0.06492164054684894 1.049625204292286
0.06502167389129709 1.049625204307385
0.06512170723574524 1.049625204324481
0.06522174058019339 1.049625204343319
0.06532177392464154 1.049625204363628
0.06542180726908969 1.049625204385093
0.06552184061353784 1.049625204407372
0.06562187395798599 1.049625204430107
0.06572190730243414 1.049625204452912
0.06582194064688229 1.049625204475385
0.06592197399133044 1.049625204497118
0.06602200733577859 1.049625204517679
0.06612204068022674 1.049625204536645
0.06622207402467489 1.049625204553591
0.06632210736912304 1.049625204568094
0.06642214071357119 1.049625204579755
0.06652217405801934 1.049625204588183
0.06662220740246748 1.049625204593008
0.06672224074691564 1.049625204593913
0.06682227409136379 1.049625204590593
0.06692230743581193 1.049625204582791
0.06702234078026009 1.049625204570308
0.06712237412470823 1.049625204552996
0.06722240746915638 1.049625204530754
0.06732244081360454 1.049625204503543
0.06742247415805268 1.049625204471403
0.06752250750250083 1.049625204434425
0.06762254084694898 1.049625204392781
0.06772257419139713 1.049625204346716
0.06782260753584528 1.049625204296519
0.06792264088029343 1.049625204242579
0.06802267422474158 1.049625204185326
0.06812270756918973 1.049625204125262
0.06822274091363788 1.049625204062959
0.06832277425808603 1.049625203999013
0.06842280760253418 1.049625203934081
0.06852284094698233 1.049625203868856
0.06862287429143048 1.049625203804048
0.06872290763587863 1.049625203740383
0.06882294098032678 1.049625203678592
0.06892297432477493 1.049625203619388
0.06902300766922308 1.049625203563466
0.06912304101367121 1.049625203511481
0.06922307435811938 1.049625203464029
0.06932310770256753 1.049625203421642
0.06942314104701566 1.049625203384754
0.06952317439146383 1.04962520335371
0.06962320773591196 1.049625203328735
0.06972324108036011 1.049625203309908
0.06982327442480828 1.049625203297182
0.06992330776925641 1.049625203290341
0.07002334111370456 1.049625203288985
0.07012337445815271 1.049625203292545
0.07022340780260086 1.049625203300259
0.07032344114704901 1.04962520331115
0.07042347449149716 1.049625203324057
0.07052350783594531 1.049625203337592
0.07062354118039346 1.049625203350167
0.07072357452484161 1.049625203359988
0.07082360786928976 1.049625203365063
0.07092364121373791 1.049625203363206
0.07102367455818606 1.04962520335205
0.07112370790263421 1.049625203329065
0.07122374124708236 1.049625203291578
0.07132377459153051 1.049625203236785
0.07142380793597866 1.049625203161785
0.07152384128042681 1.049625203063597
0.07162387462487495 1.049625202939209
0.07172390796932311 1.049625202785583
0.07182394131377126 1.049625202599728
0.0719239746582194 1.049625202378702
0.07202400800266756 1.049625202119665
0.0721240413471157 1.049625201819923
0.07222407469156385 1.04962520147697
0.07232410803601201 1.049625201088519
0.07242414138046015 1.049625200652558
0.0725241747249083 1.049625200167391
0.07262420806935645 1.04962519963165
0.0727242414138046 1.049625199044376
0.07282427475825275 1.049625198405015
0.0729243081027009 1.049625197713483
0.07302434144714905 1.049625196970172
0.0731243747915972 1.049625196175985
0.07322440813604535 1.049625195332353
0.0733244414804935 1.049625194441242
0.07342447482494165 1.049625193505176
0.0735245081693898 1.04962519252722
0.07362454151383795 1.049625191511009
0.0737245748582861 1.049625190460685
0.07382460820273425 1.049625189380914
0.0739246415471824 1.049625188276851
0.07402467489163055 1.049625187154104
0.07412470823607868 1.049625186018676
0.07422474158052685 1.049625184876942
0.074324774924975 1.049625183735557
0.07442480826942313 1.049625182601423
0.0745248416138713 1.049625181481589
0.07462487495831943 1.049625180383187
0.07472490830276758 1.049625179313345
0.07482494164721575 1.049625178279098
0.07492497499166388 1.049625177287277
0.07502500833611203 1.049625176344437
0.07512504168056018 1.04962517545676
0.07522507502500833 1.04962517462992
0.07532510836945648 1.049625173869006
0.07542514171390463 1.049625173178434
0.07552517505835278 1.049625172561829
0.07562520840280093 1.049625172021954
0.07572524174724908 1.049625171560589
0.07582527509169723 1.049625171178509
0.07592530843614538 1.049625170875364
0.07602534178059353 1.049625170649634
0.07612537512504168 1.049625170498577
0.07622540846948983 1.049625170418211
0.07632544181393798 1.049625170403261
0.07642547515838613 1.049625170447173
0.07652550850283428 1.04962517054209
0.07662554184728242 1.04962517067891
0.07672557519173058 1.049625170847305
0.07682560853617872 1.049625171035773
0.07692564188062687 1.049625171231726
0.07702567522507503 1.049625171421564
0.07712570856952317 1.049625171590796
0.07722574191397132 1.049625171724155
0.07732577525841947 1.04962517180575
0.07742580860286762 1.049625171819202
0.07752584194731577 1.049625171747827
0.07762587529176392 1.04962517157482
0.07772590863621207 1.049625171283435
0.07782594198066022 1.049625170857207
0.07792597532510837 1.049625170280126
0.07802600866955652 1.049625169536885
0.07812604201400467 1.04962516861307
0.07822607535845282 1.049625167495398
0.07832610870290097 1.049625166171894
0.07842614204734911 1.049625164632127
0.07852617539179726 1.049625162867396
0.07862620873624541 1.049625160870901
0.07872624208069356 1.04962515863793
0.0788262754251417 1.049625156165989
0.07892630876958986 1.049625153454958
0.07902634211403801 1.04962515050718
0.07912637545848615 1.049625147327536
0.07922640880293431 1.049625143923517
0.07932644214738245 1.049625140305224
0.0794264754918306 1.049625136485377
0.07952650883627876 1.049625132479252
0.0796265421807269 1.049625128304626
0.07972657552517505 1.049625123981633
0.0798266088696232 1.049625119532636
0.07992664221407135 1.049625114982029
0.0800266755585195 1.049625110356016
0.08012670890296765 1.049625105682364
0.0802267422474158 1.049625100990095
0.08032677559186395 1.049625096309202
0.0804268089363121 1.049625091670262
0.08052684228076025 1.049625087104082
0.0806268756252084 1.049625082641315
0.08072690896965655 1.049625078312035
0.0808269423141047 1.049625074145317
0.08092697565855285 1.049625070168803
0.081027009003001 1.049625066408271
0.08112704234744915 1.049625062887192
0.0812270756918973 1.049625059626322
0.08132710903634544 1.049625056643265
0.0814271423807936 1.049625053952101
0.08152717572524175 1.049625051563002
0.08162720906968988 1.049625049481907
0.08172724241413805 1.049625047710222
0.08182727575858618 1.04962504624456
0.08192730910303433 1.049625045076526
0.0820273424474825 1.049625044192563
0.08212737579193063 1.049625043573864
0.08222740913637878 1.049625043196312
0.08232744248082693 1.049625043030532
0.08242747582527508 1.049625043041965
0.08252750916972323 1.049625043191034
0.08262754251417138 1.049625043433386
0.08272757585861953 1.049625043720177
0.08282760920306768 1.049625043998468
0.08292764254751583 1.049625044211647
0.08302767589196398 1.049625044299944
0.08312770923641213 1.049625044201008
0.08322774258086028 1.049625043850527
0.08332777592530843 1.049625043182896
0.08342780926975658 1.049625042131972
0.08352784261420473 1.049625040631817
0.08362787595865288 1.049625038617511
0.08372790930310103 1.049625036025964
0.08382794264754917 1.049625032796756
0.08392797599199733 1.049625028872967
0.08402800933644548 1.049625024202004
0.08412804268089362 1.049625018736433
0.08422807602534178 1.049625012434753
0.08432810936978992 1.049625005262123
0.08442814271423807 1.049624997191076
0.08452817605868623 1.049624988202128
0.08462820940313437 1.049624978284376
0.08472824274758252 1.049624967435924
0.08482827609203067 1.049624955664286
0.08492830943647882 1.049624942986682
0.08502834278092697 1.049624929430197
0.08512837612537512 1.04962491503182
0.08522840946982327 1.049624899838407
0.08532844281427142 1.049624883906495
0.08542847615871957 1.049624867301951
0.08552850950316772 1.049624850099565
0.08562854284761588 1.049624832382436
0.085728576192064 1.049624814241311
0.08582860953651217 1.049624795773716
0.08592864288096032 1.049624777083043
0.08602867622540847 1.049624758277473
0.08612870956985662 1.049624739468843
0.08622874291430475 1.04962472077137
0.0863287762587529 1.049624702300337
0.08642880960320107 1.049624684170688
0.08652884294764922 1.049624666495603
0.08662887629209737 1.049624649384992
0.0867289096365455 1.049624632944003
0.08682894298099365 1.049624617271532
0.0869289763254418 1.049624602458735
0.08702900966988997 1.04962458858759
0.08712904301433812 1.049624575729514
0.08722907635878625 1.049624563944057
0.0873291097032344 1.049624553277695
0.08742914304768255 1.049624543762747
0.08752917639213072 1.049624535416407
0.08762920973657887 1.049624528239956
0.087729243081027 1.049624522218127
0.08782927642547515 1.049624517318624
0.0879293097699233 1.049624513491904
0.08802934311437145 1.049624510671102
0.08812937645881962 1.049624508772207
0.08822940980326774 1.049624507694445
0.0883294431477159 1.049624507320879
0.08842947649216405 1.049624507519243
0.0885295098366122 1.04962450814302
0.08862954318106035 1.049624509032681
0.08872957652550849 1.049624510017193
0.08882960986995664 1.049624510915673
0.0889296432144048 1.049624511539285
0.08902967655885295 1.049624511693246
0.0891297099033011 1.049624511179007
0.08922974324774924 1.049624509796551
0.08932977659219739 1.049624507346807
0.08942980993664554 1.049624503634114
0.0895298432810937 1.049624498468727
0.08962987662554185 1.049624491669365
0.08972990996998999 1.049624483065701
0.08982994331443814 1.049624472500846
0.08992997665888629 1.049624459833685
0.09003001000333445 1.049624444941169
0.0901300433477826 1.049624427720377
0.09023007669223074 1.049624408090474
0.09033011003667889 1.04962438599438
0.09043014338112704 1.049624361400258
0.09053017672557519 1.049624334302691
0.09063021007002335 1.049624304723562
0.09073024341447147 1.049624272712673
0.09083027675891964 1.049624238347951
0.09093031010336779 1.049624201735347
0.09103034344781594 1.049624163008393
0.09113037679226409 1.04962412232734
0.09123041013671222 1.049624079877991
0.09133044348116037 1.04962403587011
0.09143047682560854 1.04962399053552
0.09153051017005669 1.049623944125852
0.09163054351450484 1.049623896909921
0.09173057685895297 1.049623849170868
0.09183061020340112 1.049623801202966
0.09193064354784929 1.049623753308226
0.09203067689229744 1.049623705792746
0.09213071023674559 1.049623658962936
0.09223074358119372 1.049623613121614
0.09233077692564187 1.049623568563934
0.09243081027009002 1.049623525573437
0.09253084361453819 1.049623484417974
0.09263087695898634 1.04962344534581
0.09273091030343447 1.049623408581752
0.09283094364788262 1.049623374323561
0.09293097699233077 1.049623342738518
0.09303101033677892 1.049623313960315
0.09313104368122709 1.049623288086245
0.09323107702567521 1.049623265174825
0.09333111037012337 1.049623245243793
0.09343114371457152 1.049623228268596
0.09353117705901967 1.049623214181397
0.09363121040346782 1.04962320287054
0.09373124374791596 1.049623194180664
0.09383127709236411 1.049623187913316
0.09393131043681227 1.049623183828167
0.09403134378126042 1.04962318164483
0.09413137712570857 1.049623181045207
0.09423141047015671 1.049623181676443
0.09433144381460486 1.049623183154415
0.09443147715905302 1.049623185067703
0.09453151050350117 1.049623186982066
0.09463154384794932 1.049623188445336
0.09473157719239746 1.049623188992707
0.09483161053684561 1.049623188152301
0.09493164388129376 1.049623185451042
0.09503167722574192 1.049623180420664
0.09513171057019007 1.049623172603862
0.09523174391463821 1.04962316156045
0.09533177725908636 1.049623146873495
0.09543181060353451 1.049623128155285
0.09553184394798266 1.049623105053102
0.09563187729243082 1.049623077254691
0.09573191063687894 1.049623044493339
0.09583194398132711 1.049623006552512
0.09593197732577526 1.049622963269965
0.09603201067022341 1.049622914541227
0.09613204401467156 1.049622860322419
0.09623207735911969 1.049622800632433
0.09633211070356784 1.049622735554241
0.09643214404801601 1.049622665235494
0.09653217739246416 1.049622589888217
0.09663221073691231 1.049622509787719
0.09673224408136044 1.049622425270629
0.09683227742580859 1.049622336732078
0.09693231077025675 1.049622244622024
0.0970323441147049 1.049622149440836
0.09713237745915305 1.049622051734037
0.09723241080360119 1.049621952086357
0.09733244414804934 1.049621851115129
0.09743247749249749 1.049621749463068
0.09753251083694565 1.049621647790567
0.0976325441813938 1.049621546767529
0.09773257752584194 1.049621447064878
0.09783261087029009 1.049621349345873
0.09793264421473824 1.049621254257233
0.09803267755918639 1.049621162420309
0.09813271090363455 1.049621074422366
0.09823274424808268 1.049620990808017
0.09833277759253084 1.049620912071096
0.09843281093697899 1.049620838646924
0.09853284428142714 1.049620770905172
0.09863287762587529 1.049620709143428
0.09873291097032343 1.049620653581531
0.09883294431477159 1.049620604356805
0.09893297765921974 1.049620561520263
0.09903301100366789 1.049620525033892
0.09913304434811604 1.049620494769026
0.09923307769256418 1.049620470505929
0.09933311103701233 1.049620451934553
0.09943314438146049 1.04962043865656
0.09953317772590864 1.049620430188591
0.09963321107035679 1.049620425966732
0.09973324441480493 1.049620425352199
0.09983327775925308 1.04962042763817
0.09993331110370123 1.049620432057734
0.1000333444481494 1.049620437792797
0.1001333777925975 1.049620443983944
0.1002334111370457 1.049620449741063
0.1003334444814938 1.049620454154638
0.100433477825942 1.049620456307607
0.1005335111703901 1.049620455287533
0.1006335445148383 1.049620450199034
0.1007335778592864 1.049620440176239
0.1008336112037346 1.049620424395132
0.1009336445481827 1.049620402085558
0.1010336778926309 1.049620372542821
0.101133711237079 1.049620335138548
0.1012337445815272 1.049620289330862
0.1013337779259753 1.049620234673466
0.1014338112704235 1.049620170823711
0.1015338446148716 1.049620097549358
0.1016338779593198 1.049620014734026
0.1017339113037679 1.049619922381142
0.1018339446482161 1.049619820616353
0.1019339779926642 1.049619709688328
0.1020340113371124 1.049619589967904
0.1021340446815605 1.049619461945544
0.1022340780260087 1.049619326227117
0.1023341113704568 1.049619183528058
0.102434144714905 1.049619034665846
0.1025341780593531 1.049618880551008
0.1026342114038013 1.049618722176606
0.1027342447482494 1.049618560606433
0.1028342780926976 1.049618396961935
0.1029343114371457 1.049618232408132
0.1030343447815939 1.049618068138548
0.103134378126042 1.049617905359519
0.1032344114704902 1.04961774527389
0.1033344448149383 1.049617589064468
0.1034344781593865 1.049617437877321
0.1035345115038346 1.04961729280525
0.1036345448482828 1.049617154871607
0.1037345781927309 1.049617025014671
0.1038346115371791 1.049616904072932
0.1039346448816272 1.049616792771326
0.1040346782260754 1.049616691708846
0.1041347115705235 1.049616601347535
0.1042347449149716 1.049616522003253
0.1043347782594198 1.049616453838198
0.104434811603868 1.049616396855555
0.1045348449483161 1.049616350896145
0.1046348782927643 1.04961631563746
0.1047349116372124 1.049616290594916
0.1048349449816605 1.049616275125523
0.1049349783261087 1.04961626843388
0.1050350116705569 1.049616269580548
0.105135045015005 1.049616277492649
0.1052350783594531 1.049616290976683
0.1053351117039013 1.049616308733324
0.1054351450483494 1.049616329374097
0.1055351783927976 1.049616351439702
0.1056352117372458 1.049616373419718
0.1057352450816939 1.049616393773467
0.105835278426142 1.049616410951717
0.1059353117705902 1.049616423418932
0.1060353451150383 1.049616429675746
0.1061353784594865 1.049616428281291
0.1062354118039346 1.049616417875101
0.1063354451483828 1.049616397198228
0.1064354784928309 1.049616365113247
0.1065355118372791 1.049616320622826
0.1066355451817272 1.049616262886617
0.1067355785261754 1.0496161912361
0.1068356118706235 1.049616105187255
0.1069356452150717 1.049616004450737
0.1070356785595198 1.049615888939468
0.107135711903968 1.049615758773434
0.1072357452484161 1.049615614281599
0.1073357785928643 1.049615456000933
0.1074358119373124 1.049615284672419
0.1075358452817606 1.049615101234149
0.1076358786262087 1.049614906811545
0.1077359119706569 1.04961470270473
0.107835945315105 1.049614490373335
0.1079359786595532 1.049614271418725
0.1080360120040013 1.04961404756402
0.1081360453484495 1.049613820632008
0.1082360786928976 1.049613592521344
0.1083361120373458 1.049613365181223
0.1084361453817939 1.049613140584905
0.1085361787262421 1.049612920702415
0.1086362120706902 1.049612707472803
0.1087362454151384 1.049612502776269
0.1088362787595865 1.049612308406614
0.1089363121040347 1.049612126044397
0.1090363454484828 1.049611957231115
0.109136378792931 1.04961180334491
0.1092364121373791 1.049611665578101
0.1093364454818273 1.049611544916979
0.1094364788262754 1.04961144212412
0.1095365121707236 1.049611357723683
0.1096365455151717 1.049611291989838
0.1097365788596199 1.049611244938708
0.109836612204068 1.049611216323962
0.1099366455485162 1.049611205636254
0.1100366788929643 1.049611212106608
0.1101367122374125 1.049611234713821
0.1102367455818606 1.049611272195833
0.1103367789263088 1.049611323065021
0.1104368122707569 1.04961138562727
0.1105368456152051 1.049611458004586
0.1106368789596532 1.049611538160996
0.1107369123041014 1.049611623931383
0.1108369456485495 1.049611713052882
0.1109369789929977 1.049611803198316
0.1110370123374458 1.049611892011305
0.111137045681894 1.049611977142363
0.1112370790263421 1.049612056285565
0.1113371123707903 1.049612127215094
0.1114371457152384 1.049612187821161
0.1115371790596866 1.049612236144691
0.1116372124041347 1.049612270410204
0.1117372457485828 1.049612289056369
0.111837279093031 1.049612290763722
0.1119373124374792 1.049612274479073
0.1120373457819273 1.049612239436215
0.1121373791263755 1.049612185172603
0.1122374124708236 1.049612111541618
0.1123374458152717 1.049612018720339
0.1124374791597199 1.049611907212555
0.1125375125041681 1.049611777846978
0.1126375458486162 1.049611631770658
0.1127375791930643 1.04961147043762
0.1128376125375125 1.049611295592894
0.1129376458819606 1.049611109252071
0.1130376792264088 1.049610913676684
0.113137712570857 1.049610711345689
0.1132377459153051 1.049610504923391
0.1133377792597532 1.049610297224274
0.1134378126042014 1.049610091175137
0.1135378459486495 1.04960988977503
0.1136378792930977 1.049609696053537
0.1137379126375458 1.04960951302794
0.113837945981994 1.049609343659883
0.1139379793264421 1.049609190812089
0.1140380126708903 1.049609057205793
0.1141380460153384 1.049608945379509
0.1142380793597866 1.049608857649752
0.1143381127042347 1.049608796074364
0.1144381460486829 1.049608762419054
0.114538179393131 1.049608758127728
0.1146382127375792 1.049608784297229
0.1147382460820273 1.049608841656917
0.1148382794264755 1.049608930553651
0.1149383127709236 1.049609050942475
0.1150383461153718 1.0496092023834
0.1151383794598199 1.049609384044489
0.1152384128042681 1.049609594711351
0.1153384461487162 1.049609832803094
0.1154384794931644 1.049610096394661
0.1155385128376125 1.049610383245296
0.1156385461820607 1.049610690832841
0.1157385795265088 1.049611016393403
0.115838612870957 1.049611356965861
0.1159386462154051 1.049611709440503
0.1160386795598533 1.049612070611065
0.1161387129043014 1.049612437229293
0.1162387462487496 1.049612806061187
0.1163387795931977 1.049613173943918
0.1164388129376459 1.049613537842452
0.116538846282094 1.04961389490489
0.1166388796265422 1.049614242515635
0.1167389129709903 1.049614578345313
0.1168389463154385 1.049614900396717
0.1169389796598866 1.049615207045911
0.1170390130043348 1.049615497077766
0.1171390463487829 1.049615769715392
0.1172390796932311 1.04961602464293
0.1173391130376792 1.049616262021363
0.1174391463821274 1.049616482497083
0.1175391797265755 1.049616687203121
0.1176392130710237 1.04961687775303
0.1177392464154718 1.04961705622759
0.11783927975992 1.049617225154524
0.1179393131043681 1.04961738748154
0.1180393464488163 1.04961754654329
0.1181393797932644 1.049617706022522
0.1182394131377126 1.049617869906271
0.1183394464821607 1.049618042437534
0.1184394798266089 1.049618228063254
0.118539513171057 1.049618431379334
0.1186395465155052 1.049618657073445
0.1187395798599533 1.049618909866465
0.1188396132044015 1.049619194453387
0.1189396465488496 1.049619515444532
0.1190396798932978 1.049619877307961
0.1191397132377459 1.049620284313938
0.1192397465821941 1.049620740482329
0.1193397799266422 1.04962124953378
0.1194398132710904 1.049621814845509
0.1195398466155385 1.049622439412575
0.1196398799599867 1.049623125815334
0.1197399133044348 1.04962387619382
0.119839946648883 1.049624692229592
0.1199399799933311 1.04962557513581
0.1200400133377793 1.049626525655687
0.1201400466822274 1.049627544069782
0.1202400800266755 1.049628630212244
0.1203401133711237 1.049629783495983
0.1204401467155718 1.049631002946583
0.12054018006002 1.049632287244545
0.1206402134044682 1.049633634775355
0.1207402467489163 1.049635043686614
0.1208402800933644 1.049636511951219
0.1209403134378126 1.049638037435584
0.1210403467822607 1.049639617971614
0.1211403801267089 1.049641251431011
0.121240413471157 1.049642935800515
0.1213404468156052 1.049644669256421
0.1214404801600533 1.049646450236932
0.1215405135045015 1.049648277510685
0.1216405468489496 1.049650150240017
0.1217405801933978 1.04965206803757
0.1218406135378459 1.049654031014962
0.1219406468822941 1.049656039822489
0.1220406802267422 1.049658095678966
0.1221407135711904 1.049660200391151
0.1222407469156385 1.049662356362377
0.1223407802600867 1.049664566590422
0.1224408136045348 1.049666834654737
0.122540846948983 1.049669164693797
0.1226408802934311 1.049671561373219
0.1227409136378793 1.049674029845926
0.1228409469823274 1.049676575705703
0.1229409803267756 1.049679204935801
0.1230410136712237 1.049681923854397
0.1231410470156719 1.049684739058983
0.12324108036012 1.049687657371769
0.1233411137045682 1.049690685788451
0.1234411470490163 1.049693831432578
0.1235411803934645 1.049697101517887
0.1236412137379126 1.049700503320954
0.1237412470823608 1.049704044166502
0.1238412804268089 1.04970773142745
0.1239413137712571 1.049711572541975
0.1240413471157052 1.049715575049427
0.1241413804601534 1.04971974664694
0.1242414138046015 1.049724095268279
0.1243414471490497 1.04972862918622
0.1244414804934978 1.04973335713945
0.124541513837946 1.049738288484519
0.1246415471823941 1.049743433373089
0.1247415805268423 1.049748802953994
0.1248416138712904 1.04975440959909
0.1249416472157386 1.049760267151238
0.1250416805601867 1.049766391191715
0.1251417139046349 1.049772799323511
0.125241747249083 1.049779511465888
0.1253417805935312 1.049786550154213
0.1254418139379793 1.049793940837785
0.1255418472824275 1.049801712166743
0.1256418806268756 1.049809896257531
0.1257419139713238 1.049818528924549
0.1258419473157719 1.049827649863499
0.1259419806602201 1.049837302770057
0.1260420140046682 1.049847535375237
0.1261420473491164 1.049858399376556
0.1262420806935645 1.049869950242156
0.1263421140380127 1.049882246862945
0.1264421473824608 1.04989535102653
0.126542180726909 1.049909326685535
0.1266422140713571 1.049924238993573
0.1267422474158053 1.049940153083398
0.1268422807602534 1.049957132566063
0.1269423141047016 1.049975237736413
0.1270423474491497 1.049994523480849
0.1271423807935979 1.050015036898
0.127242414138046 1.050036814662984
0.1273424474824942 1.050059880191128
0.1274424808269423 1.050084240687524
0.1275425141713905 1.050109884203297
0.1276425475158386 1.050136776855959
0.1277425808602868 1.05016486040699
0.1278426142047349 1.050194050419783
0.1279426475491831 1.050224235241532
0.1280426808936312 1.050255276057904
0.1281427142380794 1.050287008253713
0.1282427475825275 1.050319244274601
0.1283427809269757 1.050351778119266
0.1284428142714238 1.050384391497819
0.128542847615872 1.050416861574939
0.1286428809603201 1.050448970082152
0.1287429143047683 1.050480513444966
0.1288429476492164 1.050511313459155
0.1289429809936646 1.05054122799635
0.1290430143381127 1.050570161253837
0.1291430476825609 1.050598073216952
0.129243081027009 1.05062498827043
0.1293431143714572 1.050651003244729
0.1294431477159053 1.050676295559369
0.1295431810603535 1.050701132464671
0.1296432144048016 1.050725882642146
0.1297432477492498 1.050751031602927
0.1298432810936979 1.050777202480904
0.1299433144381461 1.050805184081161
0.1300433477825942 1.050835968676002
0.1301433811270424 1.050870803703748
0.1302434144714905 1.050911266431814
0.1303434478159387 1.05095938773787
0.1304434811603868 1.051017923709767
0.130543514504835 1.051091272034301
0.1306435478492831 1.051190941930967
0.1307435811937312 1.051490830102915
0.1308436145381794 1.15220172737067
0.1309436478826276 100
0.1310436812270757 100
0.1311437145715239 100
0.131243747915972 100
0.1313437812604201 100
0.1314438146048683 100
0.1315438479493165 100
0.1316438812937646 100
0.1317439146382127 100
0.1318439479826609 100
0.131943981327109 100
0.1320440146715572 100
0.1321440480160053 100
0.1322440813604535 100
0.1323441147049016 100
0.1324441480493498 100
0.1325441813937979 100
0.1326442147382461 100
0.1327442480826942 100
0.1328442814271424 100
0.1329443147715905 100
0.1330443481160387 100
0.1331443814604868 100
0.133244414804935 100
0.1333444481493831 100
0.1334444814938313 100
0.1335445148382794 100
0.1336445481827276 100
0.1337445815271757 100
0.1338446148716239 100
0.133944648216072 100
0.1340446815605202 100
0.1341447149049683 100
0.1342447482494165 100
0.1343447815938646 100
0.1344448149383128 100
0.1345448482827609 100
0.1346448816272091 100
0.1347449149716572 100
0.1348449483161054 100
0.1349449816605535 100
0.1350450150050017 100
0.1351450483494498 100
0.135245081693898 100
0.1353451150383461 100
0.1354451483827943 100
0.1355451817272424 100
0.1356452150716906 100
0.1357452484161387 100
0.1358452817605869 100
0.135945315105035 100
0.1360453484494832 100
0.1361453817939313 100
0.1362454151383795 100
0.1363454484828276 100
0.1364454818272758 100
0.1365455151717239 100
0.1366455485161721 100
0.1367455818606202 100
0.1368456152050684 100
0.1369456485495165 100
0.1370456818939647 100
0.1371457152384128 100
0.137245748582861 100
0.1373457819273091 100
0.1374458152717573 100
0.1375458486162054 100
0.1376458819606536 100
0.1377459153051017 100
0.1378459486495499 100
0.137945981993998 100
0.1380460153384462 100
0.1381460486828943 100
0.1382460820273424 100
0.1383461153717906 100
0.1384461487162388 100
0.1385461820606869 100
0.1386462154051351 100
0.1387462487495832 100
0.1388462820940313 100
0.1389463154384795 100
0.1390463487829277 100
0.1391463821273758 100
0.1392464154718239 100
0.1393464488162721 100
0.1394464821607202 100
0.1395465155051684 100
0.1396465488496166 100
0.1397465821940647 100
0.1398466155385128 100
0.139946648882961 100
0.1400466822274091 100
0.1401467155718573 100
0.1402467489163054 100
0.1403467822607536 100
0.1404468156052017 100
0.1405468489496499 100
0.140646882294098 100
0.1407469156385462 100
0.1408469489829943 100
0.1409469823274425 100
0.1410470156718906 100
0.1411470490163388 100
0.1412470823607869 100
0.1413471157052351 100
0.1414471490496832 100
0.1415471823941314 100
0.1416472157385795 100
0.1417472490830277 100
0.1418472824274758 100
0.141947315771924 100
0.1420473491163721 100
0.1421473824608203 100
0.1422474158052684 100
0.1423474491497166 100
0.1424474824941647 100
0.1425475158386129 100
0.142647549183061 100
0.1427475825275092 100
0.1428476158719573 100
0.1429476492164055 100
0.1430476825608536 100
0.1431477159053018 100
0.1432477492497499 100
0.1433477825941981 100
0.1434478159386462 100
0.1435478492830944 100
0.1436478826275425 100
0.1437479159719907 100
0.1438479493164388 100
0.143947982660887 100
0.1440480160053351 100
0.1441480493497833 100
0.1442480826942314 100
0.1443481160386796 100
0.1444481493831277 100
0.1445481827275759 100
0.144648216072024 100
0.1447482494164722 100
0.1448482827609203 100
0.1449483161053685 100
0.1450483494498166 100
0.1451483827942648 100
0.1452484161387129 100
0.1453484494831611 100
0.1454484828276092 100
0.1455485161720574 100
0.1456485495165055 100
0.1457485828609536 100
0.1458486162054018 100
0.14594864954985 100
0.1460486828942981 100
0.1461487162387463 100
0.1462487495831944 100
0.1463487829276425 100
0.1464488162720907 100
0.1465488496165389 100
0.146648882960987 100
0.1467489163054351 100
0.1468489496498833 100
0.1469489829943314 100
0.1470490163387796 100
0.1471490496832278 100
0.1472490830276759 100
0.147349116372124 100
0.1474491497165722 100
0.1475491830610203 100
0.1476492164054685 100
0.1477492497499166 100
0.1478492830943648 100
0.1479493164388129 100
0.1480493497832611 100
0.1481493831277092 100
0.1482494164721574 100
0.1483494498166055 100
0.1484494831610537 100
0.1485495165055018 100
0.14864954984995 100
0.1487495831943981 100
0.1488496165388463 100
0.1489496498832944 100
0.1490496832277426 100
0.1491497165721907 100
0.1492497499166389 100
0.149349783261087 100
0.1494498166055352 100
0.1495498499499833 100
0.1496498832944315 100
0.1497499166388796 100
0.1498499499833278 100
0.1499499833277759 100
0.1500500166722241 100
0.1501500500166722 100
0.1502500833611204 100
0.1503501167055685 100
0.1504501500500167 100
0.1505501833944648 100
0.150650216738913 100
0.1507502500833611 100
0.1508502834278093 100
0.1509503167722574 100
0.1510503501167056 100
0.1511503834611537 100
0.1512504168056019 100
0.15135045015005 100
0.1514504834944982 100
0.1515505168389463 100
0.1516505501833945 100
0.1517505835278426 100
0.1518506168722908 100
0.1519506502167389 100
0.1520506835611871 100
0.1521507169056352 100
0.1522507502500834 100
0.1523507835945315 100
0.1524508169389797 100
0.1525508502834278 100
0.152650883627876 100
0.1527509169723241 100
0.1528509503167723 100
0.1529509836612204 100
0.1530510170056686 100
0.1531510503501167 100
0.1532510836945648 100
0.153351117039013 100
0.1534511503834612 100
0.1535511837279093 100
0.1536512170723574 100
0.1537512504168056 100
0.1538512837612537 100
0.1539513171057019 100
0.1540513504501501 100
0.1541513837945982 100
0.1542514171390463 100
0.1543514504834945 100
0.1544514838279426 100
0.1545515171723908 100
0.1546515505168389 100
0.1547515838612871 100
0.1548516172057352 100
0.1549516505501834 100
0.1550516838946315 100
0.1551517172390797 100
0.1552517505835278 100
0.155351783927976 100
0.1554518172724241 100
0.1555518506168723 100
0.1556518839613204 100
0.1557519173057686 100
0.1558519506502167 100
0.1559519839946649 100
0.156052017339113 100
0.1561520506835612 100
0.1562520840280093 100
0.1563521173724575 100
0.1564521507169056 100
0.1565521840613538 100
0.1566522174058019 100
0.1567522507502501 100
0.1568522840946982 100
0.1569523174391464 100
0.1570523507835945 100
0.1571523841280427 100
0.1572524174724908 100
0.157352450816939 100
0.1574524841613871 100
0.1575525175058353 100
0.1576525508502834 100
0.1577525841947316 100
0.1578526175391797 100
0.1579526508836279 100
0.158052684228076 100
0.1581527175725242 100
0.1582527509169723 100
0.1583527842614205 100
0.1584528176058686 100
0.1585528509503168 100
0.1586528842947649 100
0.1587529176392131 100
0.1588529509836612 100
0.1589529843281094 100
0.1590530176725575 100
0.1591530510170057 100
0.1592530843614538 100
0.159353117705902 100
0.1594531510503501 100
0.1595531843947983 100
0.1596532177392464 100
0.1597532510836946 100
0.1598532844281427 100
0.1599533177725909 100
0.160053351117039 100
0.1601533844614871 100
0.1602534178059353 100
0.1603534511503835 100
0.1604534844948316 100
0.1605535178392798 100
0.1606535511837279 100
0.160753584528176 100
0.1608536178726242 100
0.1609536512170724 100
0.1610536845615205 100
0.1611537179059686 100
0.1612537512504168 100
0.1613537845948649 100
0.1614538179393131 100
0.1615538512837613 100
0.1616538846282094 100
0.1617539179726575 100
0.1618539513171057 100
0.1619539846615538 100
0.162054018006002 100
0.1621540513504501 100
0.1622540846948983 100
0.1623541180393464 100
0.1624541513837946 100
0.1625541847282427 100
0.1626542180726909 100
0.162754251417139 100
0.1628542847615872 100
0.1629543181060353 100
0.1630543514504835 100
0.1631543847949316 100
0.1632544181393798 100
0.1633544514838279 100
0.1634544848282761 100
0.1635545181727242 100
0.1636545515171724 100
0.1637545848616205 100
0.1638546182060687 100
0.1639546515505168 100
0.164054684894965 100
0.1641547182394131 100
0.1642547515838613 100
0.1643547849283094 100
0.1644548182727576 100
0.1645548516172057 100
0.1646548849616539 100
0.164754918306102 100
0.1648549516505502 100
0.1649549849949983 100
0.1650550183394465 100
0.1651550516838946 100
0.1652550850283428 100
0.1653551183727909 100
0.1654551517172391 100
0.1655551850616872 100
0.1656552184061354 100
0.1657552517505835 100
0.1658552850950317 100
0.1659553184394798 100
0.166055351783928 100
0.1661553851283761 100
0.1662554184728243 100
0.1663554518172724 100
0.1664554851617206 100
0.1665555185061687 100
0.1666555518506169 100
0.166755585195065 100
0.1668556185395132 100
0.1669556518839613 100
0.1670556852284095 100
0.1671557185728576 100
0.1672557519173058 100
0.1673557852617539 100
0.1674558186062021 100
0.1675558519506502 100
0.1676558852950983 100
0.1677559186395465 100
0.1678559519839947 100
0.1679559853284428 100
0.168056018672891 100
0.1681560520173391 100
0.1682560853617872 100
0.1683561187062354 100
0.1684561520506836 100
0.1685561853951317 100
0.1686562187395798 100
0.168756252084028 100
0.1688562854284761 100
0.1689563187729243 100
0.1690563521173725 100
0.1691563854618206 100
0.1692564188062687 100
0.1693564521507169 100
0.169456485495165 100
0.1695565188396132 100
0.1696565521840613 100
0.1697565855285095 100
0.1698566188729576 100
0.1699566522174058 100
0.1700566855618539 100
0.1701567189063021 100
0.1702567522507502 100
0.1703567855951984 100
0.1704568189396465 100
0.1705568522840947 100
0.1706568856285428 100
0.170756918972991 100
0.1708569523174391 100
0.1709569856618873 100
0.1710570190063354 100
0.1711570523507836 100
0.1712570856952318 100
0.1713571190396799 100
0.171457152384128 100
0.1715571857285762 100
0.1716572190730243 100
0.1717572524174725 100
0.1718572857619206 100
0.1719573191063688 100
0.1720573524508169 100
0.1721573857952651 100
0.1722574191397132 100
0.1723574524841614 100
0.1724574858286095 100
0.1725575191730577 100
0.1726575525175058 100
0.172757585861954 100
0.1728576192064021 100
0.1729576525508503 100
0.1730576858952984 100
0.1731577192397466 100
0.1732577525841947 100
0.1733577859286429 100
0.173457819273091 100
0.1735578526175392 100
0.1736578859619873 100
0.1737579193064355 100
0.1738579526508836 100
0.1739579859953317 100
0.1740580193397799 100
0.1741580526842281 100
0.1742580860286762 100
0.1743581193731244 100
0.1744581527175725 100
0.1745581860620207 100
0.1746582194064688 100
0.174758252750917 100
0.1748582860953651 100
0.1749583194398132 100
0.1750583527842614 100
0.1751583861287095 100
0.1752584194731577 100
0.1753584528176059 100
0.175458486162054 100
0.1755585195065022 100
0.1756585528509503 100
0.1757585861953985 100
0.1758586195398466 100
0.1759586528842947 100
0.1760586862287429 100
0.176158719573191 100
0.1762587529176392 100
0.1763587862620873 100
0.1764588196065355 100
0.1765588529509837 100
0.1766588862954318 100
0.17675891963988 100
0.1768589529843281 100
0.1769589863287762 100
0.1770590196732244 100
0.1771590530176725 100
0.1772590863621207 100
0.1773591197065688 100
0.177459153051017 100
0.1775591863954652 100
0.1776592197399133 100
0.1777592530843615 100
0.1778592864288096 100
0.1779593197732577 100
0.1780593531177059 100
0.178159386462154 100
0.1782594198066022 100
0.1783594531510503 100
0.1784594864954985 100
0.1785595198399466 100
0.1786595531843948 100
0.178759586528843 100
0.1788596198732911 100
0.1789596532177392 100
0.1790596865621874 100
0.1791597199066355 100
0.1792597532510837 100
0.1793597865955318 100
0.17945981993998 100
0.1795598532844281 100
0.1796598866288763 100
0.1797599199733244 100
0.1798599533177726 100
0.1799599866622207 100
0.1800600200066689 100
0.180160053351117 100
0.1802600866955652 100
0.1803601200400133 100
0.1804601533844615 100
0.1805601867289096 100
0.1806602200733578 100
0.1807602534178059 100
0.1808602867622541 100
0.1809603201067022 100
0.1810603534511504 100
0.1811603867955985 100
0.1812604201400467 100
0.1813604534844948 100
0.1814604868289429 100
0.1815605201733911 100
0.1816605535178393 100
0.1817605868622874 100
0.1818606202067356 100
0.1819606535511837 100
0.1820606868956319 100
0.18216072024008 100
0.1822607535845282 100
0.1823607869289763 100
0.1824608202734244 100
0.1825608536178726 100
0.1826608869623207 100
0.1827609203067689 100
0.1828609536512171 100
0.1829609869956652 100
0.1830610203401134 100
0.1831610536845615 100
0.1832610870290097 100
0.1833611203734578 100
0.1834611537179059 100
0.1835611870623541 100
0.1836612204068022 100
0.1837612537512504 100
0.1838612870956986 100
0.1839613204401467 100
0.1840613537845949 100
0.184161387129043 100
0.1842614204734912 100
0.1843614538179393 100
0.1844614871623874 100
0.1845615205068356 100
0.1846615538512837 100
0.1847615871957319 100
0.18486162054018 100
0.1849616538846282 100
0.1850616872290764 100
0.1851617205735245 100
0.1852617539179727 100
0.1853617872624208 100
0.1854618206068689 100
0.1855618539513171 100
0.1856618872957652 100
0.1857619206402134 100
0.1858619539846615 100
0.1859619873291097 100
0.1860620206735578 100
0.186162054018006 100
0.1862620873624542 100
0.1863621207069023 100
0.1864621540513504 100
0.1865621873957986 100
0.1866622207402467 100
0.1867622540846949 100
0.186862287429143 100
0.1869623207735912 100
0.1870623541180393 100
0.1871623874624875 100
0.1872624208069356 100
0.1873624541513838 100
0.1874624874958319 100
0.1875625208402801 100
0.1876625541847282 100
0.1877625875291764 100
0.1878626208736245 100
0.1879626542180727 100
0.1880626875625208 100
0.188162720906969 100
0.1882627542514171 100
0.1883627875958653 100
0.1884628209403134 100
0.1885628542847616 100
0.1886628876292097 100
0.1887629209736579 100
0.188862954318106 100
0.1889629876625541 100
0.1890630210070023 100
0.1891630543514505 100
0.1892630876958986 100
0.1893631210403468 100
0.1894631543847949 100
0.1895631877292431 100
0.1896632210736912 100
0.1897632544181394 100
0.1898632877625875 100
0.1899633211070356 100
0.1900633544514838 100
0.1901633877959319 100
0.1902634211403801 100
0.1903634544848283 100
0.1904634878292764 100
0.1905635211737246 100
0.1906635545181727 100
0.1907635878626209 100
0.190863621207069 100
0.1909636545515171 100
0.1910636878959653 100
0.1911637212404134 100
0.1912637545848616 100
0.1913637879293098 100
0.1914638212737579 100
0.1915638546182061 100
0.1916638879626542 100
0.1917639213071024 100
0.1918639546515505 100
0.1919639879959986 100
0.1920640213404468 100
0.1921640546848949 100
0.1922640880293431 100
0.1923641213737912 100
0.1924641547182394 100
0.1925641880626876 100
0.1926642214071357 100
0.1927642547515839 100
0.192864288096032 100
0.1929643214404801 100
0.1930643547849283 100
0.1931643881293764 100
0.1932644214738246 100
0.1933644548182727 100
0.1934644881627209 100
0.193564521507169 100
0.1936645548516172 100
0.1937645881960654 100
0.1938646215405135 100
0.1939646548849616 100
0.1940646882294098 100
0.1941647215738579 100
0.1942647549183061 100
0.1943647882627542 100
0.1944648216072024 100
0.1945648549516505 100
0.1946648882960987 100
0.1947649216405468 100
0.194864954984995 100
0.1949649883294431 100
0.1950650216738913 100
0.1951650550183394 100
0.1952650883627876 100
0.1953651217072357 100
0.1954651550516839 100
0.195565188396132 100
0.1956652217405802 100
0.1957652550850283 100
0.1958652884294765 100
0.1959653217739246 100
0.1960653551183728 100
0.1961653884628209 100
0.1962654218072691 100
0.1963654551517172 100
0.1964654884961654 100
0.1965655218406135 100
0.1966655551850617 100
0.1967655885295098 100
0.196865621873958 100
0.1969656552184061 100
0.1970656885628543 100
0.1971657219073024 100
0.1972657552517506 100
0.1973657885961987 100
0.1974658219406469 100
0.197565855285095 100
0.1976658886295432 100
0.1977659219739913 100
0.1978659553184395 100
0.1979659886628876 100
0.1980660220073358 100
0.1981660553517839 100
0.1982660886962321 100
0.1983661220406802 100
0.1984661553851284 100
0.1985661887295765 100
0.1986662220740247 100
0.1987662554184728 100
0.198866288762921 100
0.1989663221073691 100
0.1990663554518173 100
0.1991663887962654 100
0.1992664221407136 100
0.1993664554851617 100
0.1994664888296099 100
0.199566522174058 100
0.1996665555185062 100
0.1997665888629543 100
0.1998666222074025 100
0.1999666555518506 100
0.2000666888962988 100
0.2001667222407469 100
0.2002667555851951 100
0.2003667889296432 100
0.2004668222740913 100
0.2005668556185395 100
0.2006668889629876 100
0.2007669223074358 100
0.2008669556518839 100
0.2009669889963321 100
0.2010670223407802 100
0.2011670556852284 100
0.2012670890296766 100
0.2013671223741247 100
0.2014671557185728 100
0.201567189063021 100
0.2016672224074691 100
0.2017672557519173 100
0.2018672890963654 100
0.2019673224408136 100
0.2020673557852617 100
0.2021673891297099 100
0.202267422474158 100
0.2023674558186062 100
0.2024674891630543 100
0.2025675225075025 100
0.2026675558519506 100
0.2027675891963988 100
0.2028676225408469 100
0.2029676558852951 100
0.2030676892297432 100
0.2031677225741914 100
0.2032677559186395 100
0.2033677892630877 100
0.2034678226075358 100
0.203567855951984 100
0.2036678892964321 100
0.2037679226408803 100
0.2038679559853284 100
0.2039679893297766 100
0.2040680226742247 100
0.2041680560186729 100
0.204268089363121 100
0.2043681227075692 100
0.2044681560520173 100
0.2045681893964655 100
0.2046682227409136 100
0.2047682560853618 100
0.2048682894298099 100
0.2049683227742581 100
0.2050683561187062 100
0.2051683894631544 100
0.2052684228076025 100
0.2053684561520507 100
0.2054684894964988 100
0.205568522840947 100
0.2056685561853951 100
0.2057685895298433 100
0.2058686228742914 100
0.2059686562187396 100
0.2060686895631877 100
0.2061687229076359 100
0.206268756252084 100
0.2063687895965322 100
0.2064688229409803 100
0.2065688562854285 100
0.2066688896298766 100
0.2067689229743248 100
0.2068689563187729 100
0.2069689896632211 100
0.2070690230076692 100
0.2071690563521174 100
0.2072690896965655 100
0.2073691230410137 100
0.2074691563854618 100
0.20756918972991 100
0.2076692230743581 100
0.2077692564188063 100
0.2078692897632544 100
0.2079693231077026 100
0.2080693564521507 100
0.2081693897965989 100
0.208269423141047 100
0.2083694564854952 100
0.2084694898299433 100
0.2085695231743915 100
0.2086695565188396 100
0.2087695898632878 100
0.2088696232077359 100
0.2089696565521841 100
0.2090696898966322 100
0.2091697232410804 100
0.2092697565855285 100
0.2093697899299767 100
0.2094698232744248 100
0.209569856618873 100
0.2096698899633211 100
0.2097699233077693 100
0.2098699566522174 100
0.2099699899966655 100
0.2100700233411137 100
0.2101700566855619 100
0.21027009003001 100
0.2103701233744582 100
0.2104701567189063 100
0.2105701900633545 100
0.2106702234078026 100
0.2107702567522508 100
0.2108702900966989 100
0.210970323441147 100
0.2110703567855952 100
0.2111703901300433 100
0.2112704234744915 100
0.2113704568189397 100
0.2114704901633878 100
0.211570523507836 100
0.2116705568522841 100
0.2117705901967323 100
0.2118706235411804 100
0.2119706568856285 100
0.2120706902300767 100
0.2121707235745248 100
0.212270756918973 100
0.2123707902634211 100
0.2124708236078693 100
0.2125708569523174 100
0.2126708902967656 100
0.2127709236412137 100
0.2128709569856619 100
0.21297099033011 100
0.2130710236745582 100
0.2131710570190063 100
0.2132710903634545 100
0.2133711237079026 100
0.2134711570523508 100
0.2135711903967989 100
0.2136712237412471 100
0.2137712570856952 100
0.2138712904301434 100
0.2139713237745915 100
0.2140713571190397 100
0.2141713904634878 100
0.214271423807936 100
0.2143714571523841 100
0.2144714904968323 100
0.2145715238412804 100
0.2146715571857286 100
0.2147715905301767 100
0.2148716238746249 100
0.214971657219073 100
0.2150716905635212 100
0.2151717239079693 100
0.2152717572524175 100
0.2153717905968656 100
0.2154718239413138 100
0.2155718572857619 100
0.2156718906302101 100
0.2157719239746582 100
0.2158719573191064 100
0.2159719906635545 100
0.2160720240080027 100
0.2161720573524508 100
0.216272090696899 100
0.2163721240413471 100
0.2164721573857953 100
0.2165721907302434 100
0.2166722240746916 100
0.2167722574191397 100
0.2168722907635879 100
0.216972324108036 100
0.2170723574524842 100
0.2171723907969323 100
0.2172724241413805 100
0.2173724574858286 100
0.2174724908302767 100
0.2175725241747249 100
0.2176725575191731 100
0.2177725908636212 100
0.2178726242080694 100
0.2179726575525175 100
0.2180726908969657 100
0.2181727242414138 100
0.218272757585862 100
0.2183727909303101 100
0.2184728242747582 100
0.2185728576192064 100
0.2186728909636545 100
0.2187729243081027 100
0.2188729576525509 100
0.218972990996999 100
0.2190730243414472 100
0.2191730576858953 100
0.2192730910303435 100
0.2193731243747916 100
0.2194731577192397 100
0.2195731910636879 100
0.219673224408136 100
0.2197732577525842 100
0.2198732910970323 100
0.2199733244414805 100
0.2200733577859287 100
0.2201733911303768 100
0.220273424474825 100
0.2203734578192731 100
0.2204734911637212 100
0.2205735245081694 100
0.2206735578526175 100
0.2207735911970657 100
0.2208736245415138 100
0.220973657885962 100
0.2210736912304101 100
0.2211737245748583 100
0.2212737579193065 100
0.2213737912637546 100
0.2214738246082027 100
0.2215738579526509 100
0.221673891297099 100
0.2217739246415472 100
0.2218739579859953 100
0.2219739913304435 100
0.2220740246748916 100
0.2221740580193398 100
0.2222740913637879 100
0.2223741247082361 100
0.2224741580526842 100
0.2225741913971324 100
0.2226742247415805 100
0.2227742580860287 100
0.2228742914304768 100
0.222974324774925 100
0.2230743581193731 100
0.2231743914638213 100
0.2232744248082694 100
0.2233744581527176 100
0.2234744914971657 100
0.2235745248416139 100
0.223674558186062 100
0.2237745915305102 100
0.2238746248749583 100
0.2239746582194065 100
0.2240746915638546 100
0.2241747249083028 100
0.2242747582527509 100
0.2243747915971991 100
0.2244748249416472 100
0.2245748582860954 100
0.2246748916305435 100
0.2247749249749917 100
0.2248749583194398 100
0.2249749916638879 100
0.2250750250083361 100
0.2251750583527843 100
0.2252750916972324 100
0.2253751250416806 100
0.2254751583861287 100
0.2255751917305769 100
0.225675225075025 100
0.2257752584194732 100
0.2258752917639213 100
0.2259753251083694 100
0.2260753584528176 100
0.2261753917972657 100
0.2262754251417139 100
0.2263754584861621 100
0.2264754918306102 100
0.2265755251750584 100
0.2266755585195065 100
0.2267755918639547 100
0.2268756252084028 100
0.2269756585528509 100
0.2270756918972991 100
0.2271757252417472 100
0.2272757585861954 100
0.2273757919306435 100
0.2274758252750917 100
0.2275758586195399 100
0.227675891963988 100
0.2277759253084362 100
0.2278759586528843 100
0.2279759919973324 100
0.2280760253417806 100
0.2281760586862287 100
0.2282760920306769 100
0.228376125375125 100
0.2284761587195732 100
0.2285761920640213 100
0.2286762254084695 100
0.2287762587529177 100
0.2288762920973658 100
0.2289763254418139 100
0.2290763587862621 100
0.2291763921307102 100
0.2292764254751584 100
0.2293764588196065 100
0.2294764921640547 100
0.2295765255085028 100
0.229676558852951 100
0.2297765921973992 100
0.2298766255418473 100
0.2299766588862954 100
0.2300766922307436 100
0.2301767255751917 100
0.2302767589196399 100
0.230376792264088 100
0.2304768256085362 100
0.2305768589529843 100
0.2306768922974325 100
0.2307769256418806 100
0.2308769589863288 100
0.2309769923307769 100
0.2310770256752251 100
0.2311770590196732 100
0.2312770923641214 100
0.2313771257085695 100
0.2314771590530177 100
0.2315771923974658 100
0.231677225741914 100
0.2317772590863621 100
0.2318772924308103 100
0.2319773257752584 100
0.2320773591197066 100
0.2321773924641547 100
0.2322774258086029 100
0.232377459153051 100
0.2324774924974991 100
0.2325775258419473 100
0.2326775591863955 100
0.2327775925308436 100
0.2328776258752918 100
0.2329776592197399 100
0.2330776925641881 100
0.2331777259086362 100
0.2332777592530844 100
0.2333777925975325 100
0.2334778259419806 100
0.2335778592864288 100
0.2336778926308769 100
0.2337779259753251 100
0.2338779593197733 100
0.2339779926642214 100
0.2340780260086696 100
0.2341780593531177 100
0.2342780926975659 100
0.234378126042014 100
0.2344781593864621 100
0.2345781927309103 100
0.2346782260753584 100
0.2347782594198066 100
0.2348782927642547 100
0.2349783261087029 100
0.2350783594531511 100
0.2351783927975992 100
0.2352784261420474 100
0.2353784594864955 100
0.2354784928309436 100
0.2355785261753918 100
0.2356785595198399 100
0.2357785928642881 100
0.2358786262087362 100
0.2359786595531844 100
0.2360786928976325 100
0.2361787262420807 100
0.2362787595865289 100
0.236378792930977 100
0.2364788262754251 100
0.2365788596198733 100
0.2366788929643214 100
0.2367789263087696 100
0.2368789596532177 100
0.2369789929976659 100
0.237079026342114 100
0.2371790596865622 100
0.2372790930310104 100
0.2373791263754585 100
0.2374791597199066 100
0.2375791930643548 100
0.2376792264088029 100
0.2377792597532511 100
0.2378792930976992 100
0.2379793264421474 100
0.2380793597865955 100
0.2381793931310437 100
0.2382794264754918 100
0.23837945981994 100
0.2384794931643881 100
0.2385795265088363 100
0.2386795598532844 100
0.2387795931977326 100
0.2388796265421807 100
0.2389796598866289 100
0.239079693231077 100
0.2391797265755252 100
0.2392797599199733 100
0.2393797932644215 100
0.2394798266088696 100
0.2395798599533178 100
0.2396798932977659 100
0.2397799266422141 100
0.2398799599866622 100
0.2399799933311103 100
0.2400800266755585 100
0.2401800600200067 100
0.2402800933644548 100
0.240380126708903 100
0.2404801600533511 100
0.2405801933977993 100
0.2406802267422474 100
0.2407802600866956 100
0.2408802934311437 100
0.2409803267755918 100
0.24108036012004 100
0.2411803934644881 100
0.2412804268089363 100
0.2413804601533845 100
0.2414804934978326 100
0.2415805268422808 100
0.2416805601867289 100
0.2417805935311771 100
0.2418806268756252 100
0.2419806602200733 100
0.2420806935645215 100
0.2421807269089696 100
0.2422807602534178 100
0.2423807935978659 100
0.2424808269423141 100
0.2425808602867623 100
0.2426808936312104 100
0.2427809269756586 100
0.2428809603201067 100
0.2429809936645548 100
0.243081027009003 100
0.2431810603534511 100
0.2432810936978993 100
0.2433811270423474 100
0.2434811603867956 100
0.2435811937312438 100
0.2436812270756919 100
0.2437812604201401 100
0.2438812937645882 100
0.2439813271090363 100
0.2440813604534845 100
0.2441813937979326 100
0.2442814271423808 100
0.2443814604868289 100
0.2444814938312771 100
0.2445815271757252 100
0.2446815605201734 100
0.2447815938646216 100
0.2448816272090697 100
0.2449816605535178 100
0.245081693897966 100
0.2451817272424141 100
0.2452817605868623 100
0.2453817939313104 100
0.2454818272757586 100
0.2455818606202067 100
0.2456818939646549 100
0.245781927309103 100
0.2458819606535512 100
0.2459819939979993 100
0.2460820273424475 100
0.2461820606868956 100
0.2462820940313438 100
0.2463821273757919 100
0.2464821607202401 100
0.2465821940646882 100
0.2466822274091364 100
0.2467822607535845 100
0.2468822940980327 100
0.2469823274424808 100
0.247082360786929 100
0.2471823941313771 100
0.2472824274758253 100
0.2473824608202734 100
0.2474824941647215 100
0.2475825275091697 100
0.2476825608536179 100
0.247782594198066 100
0.2478826275425142 100
0.2479826608869623 100
0.2480826942314105 100
0.2481827275758586 100
0.2482827609203068 100
0.2483827942647549 100
0.248482827609203 100
0.2485828609536512 100
0.2486828942980993 100
0.2487829276425475 100
0.2488829609869957 100
0.2489829943314438 100
0.249083027675892 100
0.2491830610203401 100
0.2492830943647883 100
0.2493831277092364 100
0.2494831610536845 100
0.2495831943981327 100
0.2496832277425808 100
0.249783261087029 100
0.2498832944314771 100
0.2499833277759253 100
0.2500833611203734 100
0.2501833944648216 100
0.2502834278092698 100
0.2503834611537179 100
0.250483494498166 100
0.2505835278426142 100
0.2506835611870624 100
0.2507835945315105 100
0.2508836278759586 100
0.2509836612204068 100
0.251083694564855 100
0.2511837279093031 100
0.2512837612537512 100
0.2513837945981994 100
0.2514838279426475 100
0.2515838612870957 100
0.2516838946315438 100
0.251783927975992 100
0.2518839613204402 100
0.2519839946648883 100
0.2520840280093364 100
0.2521840613537846 100
0.2522840946982328 100
0.2523841280426809 100
0.252484161387129 100
0.2525841947315772 100
0.2526842280760253 100
0.2527842614204735 100
0.2528842947649216 100
0.2529843281093698 100
0.253084361453818 100
0.2531843947982661 100
0.2532844281427142 100
0.2533844614871624 100
0.2534844948316105 100
0.2535845281760587 100
0.2536845615205068 100
0.253784594864955 100
0.2538846282094031 100
0.2539846615538512 100
0.2540846948982994 100
0.2541847282427476 100
0.2542847615871958 100
0.2543847949316439 100
0.254484828276092 100
0.2545848616205402 100
0.2546848949649883 100
0.2547849283094365 100
0.2548849616538846 100
0.2549849949983328 100
0.2550850283427809 100
0.255185061687229 100
0.2552850950316772 100
0.2553851283761254 100
0.2554851617205735 100
0.2555851950650217 100
0.2556852284094698 100
0.255785261753918 100
0.2558852950983661 100
0.2559853284428142 100
0.2560853617872624 100
0.2561853951317106 100
0.2562854284761587 100
0.2563854618206068 100
0.256485495165055 100
0.2565855285095032 100
0.2566855618539513 100
0.2567855951983995 100
0.2568856285428476 100
0.2569856618872958 100
0.2570856952317439 100
0.257185728576192 100
0.2572857619206402 100
0.2573857952650884 100
0.2574858286095365 100
0.2575858619539846 100
0.2576858952984328 100
0.257785928642881 100
0.2578859619873291 100
0.2579859953317772 100
0.2580860286762254 100
0.2581860620206736 100
0.2582860953651217 100
0.2583861287095698 100
0.258486162054018 100
0.2585861953984662 100
0.2586862287429143 100
0.2587862620873624 100
0.2588862954318106 100
0.2589863287762587 100
0.2590863621207069 100
0.259186395465155 100
0.2592864288096032 100
0.2593864621540514 100
0.2594864954984995 100
0.2595865288429476 100
0.2596865621873958 100
0.259786595531844 100
0.2598866288762921 100
0.2599866622207402 100
0.2600866955651884 100
0.2601867289096365 100
0.2602867622540847 100
0.2603867955985328 100
0.260486828942981 100
0.2605868622874292 100
0.2606868956318773 100
0.2607869289763254 100
0.2608869623207736 100
0.2609869956652217 100
0.2610870290096699 100
0.261187062354118 100
0.2612870956985662 100
0.2613871290430143 100
0.2614871623874624 100
0.2615871957319106 100
0.2616872290763588 100
0.261787262420807 100
0.2618872957652551 100
0.2619873291097032 100
0.2620873624541514 100
0.2621873957985995 100
0.2622874291430477 100
0.2623874624874958 100
0.262487495831944 100
0.2625875291763921 100
0.2626875625208402 100
0.2627875958652884 100
0.2628876292097366 100
0.2629876625541847 100
0.2630876958986329 100
0.263187729243081 100
0.2632877625875292 100
0.2633877959319773 100
0.2634878292764254 100
0.2635878626208736 100
0.2636878959653218 100
0.2637879293097699 100
0.263887962654218 100
0.2639879959986662 100
0.2640880293431144 100
0.2641880626875625 100
0.2642880960320107 100
0.2643881293764588 100
0.264488162720907 100
0.2645881960653551 100
0.2646882294098032 100
0.2647882627542514 100
0.2648882960986996 100
0.2649883294431477 100
0.2650883627875958 100
0.265188396132044 100
0.2652884294764922 100
0.2653884628209403 100
0.2654884961653884 100
0.2655885295098366 100
0.2656885628542848 100
0.2657885961987329 100
0.265888629543181 100
0.2659886628876292 100
0.2660886962320774 100
0.2661887295765255 100
0.2662887629209736 100
0.2663887962654218 100
0.2664888296098699 100
0.2665888629543181 100
0.2666888962987662 100
0.2667889296432144 100
0.2668889629876626 100
0.2669889963321107 100
0.2670890296765588 100
0.267189063021007 100
0.2672890963654552 100
0.2673891297099033 100
0.2674891630543514 100
0.2675891963987996 100
0.2676892297432477 100
0.2677892630876959 100
0.267889296432144 100
0.2679893297765922 100
0.2680893631210404 100
0.2681893964654885 100
0.2682894298099366 100
0.2683894631543848 100
0.2684894964988329 100
0.2685895298432811 100
0.2686895631877292 100
0.2687895965321774 100
0.2688896298766255 100
0.2689896632210736 100
0.2690896965655218 100
0.26918972990997 100
0.2692897632544182 100
0.2693897965988663 100
0.2694898299433144 100
0.2695898632877626 100
0.2696898966322107 100
0.2697899299766589 100
0.269889963321107 100
0.2699899966655552 100
0.2700900300100033 100
0.2701900633544514 100
0.2702900966988996 100
0.2703901300433478 100
0.2704901633877959 100
0.2705901967322441 100
0.2706902300766922 100
0.2707902634211404 100
0.2708902967655885 100
0.2709903301100366 100
0.2710903634544848 100
0.271190396798933 100
0.2712904301433811 100
0.2713904634878292 100
0.2714904968322774 100
0.2715905301767256 100
0.2716905635211737 100
0.2717905968656219 100
0.27189063021007 100
0.2719906635545182 100
0.2720906968989663 100
0.2721907302434144 100
0.2722907635878626 100
0.2723907969323108 100
0.2724908302767589 100
0.272590863621207 100
0.2726908969656552 100
0.2727909303101034 100
0.2728909636545515 100
0.2729909969989996 100
0.2730910303434478 100
0.273191063687896 100
0.2732910970323441 100
0.2733911303767922 100
0.2734911637212404 100
0.2735911970656886 100
0.2736912304101367 100
0.2737912637545848 100
0.273891297099033 100
0.2739913304434811 100
0.2740913637879293 100
0.2741913971323774 100
0.2742914304768256 100
0.2743914638212738 100
0.2744914971657219 100
0.27459153051017 100
0.2746915638546182 100
0.2747915971990664 100
0.2748916305435145 100
0.2749916638879626 100
0.2750916972324108 100
0.2751917305768589 100
0.2752917639213071 100
0.2753917972657552 100
0.2754918306102034 100
0.2755918639546516 100
0.2756918972990997 100
0.2757919306435478 100
0.275891963987996 100
0.2759919973324441 100
0.2760920306768923 100
0.2761920640213404 100
0.2762920973657886 100
0.2763921307102367 100
0.2764921640546849 100
0.276592197399133 100
0.2766922307435812 100
0.2767922640880294 100
0.2768922974324775 100
0.2769923307769256 100
0.2770923641213738 100
0.2771923974658219 100
0.2772924308102701 100
0.2773924641547182 100
0.2774924974991664 100
0.2775925308436145 100
0.2776925641880627 100
0.2777925975325108 100
0.277892630876959 100
0.2779926642214071 100
0.2780926975658553 100
0.2781927309103034 100
0.2782927642547516 100
0.2783927975991997 100
0.2784928309436479 100
0.278592864288096 100
0.2786928976325442 100
0.2787929309769923 100
0.2788929643214405 100
0.2789929976658886 100
0.2790930310103368 100
0.2791930643547849 100
0.2792930976992331 100
0.2793931310436812 100
0.2794931643881294 100
0.2795931977325775 100
0.2796932310770257 100
0.2797932644214738 100
0.279893297765922 100
0.2799933311103701 100
0.2800933644548182 100
0.2801933977992664 100
0.2802934311437146 100
0.2803934644881627 100
0.2804934978326108 100
0.280593531177059 100
0.2806935645215072 100
0.2807935978659553 100
0.2808936312104034 100
0.2809936645548516 100
0.2810936978992998 100
0.2811937312437479 100
0.281293764588196 100
0.2813937979326442 100
0.2814938312770923 100
0.2815938646215405 100
0.2816938979659886 100
0.2817939313104368 100
0.281893964654885 100
0.2819939979993331 100
0.2820940313437812 100
0.2821940646882294 100
0.2822940980326776 100
0.2823941313771257 100
0.2824941647215738 100
0.282594198066022 100
0.2826942314104701 100
0.2827942647549183 100
0.2828942980993664 100
0.2829943314438146 100
0.2830943647882628 100
0.2831943981327109 100
0.283294431477159 100
0.2833944648216072 100
0.2834944981660553 100
0.2835945315105035 100
0.2836945648549516 100
0.2837945981993998 100
0.2838946315438479 100
0.2839946648882961 100
0.2840946982327442 100
0.2841947315771924 100
0.2842947649216406 100
0.2843947982660887 100
0.2844948316105368 100
0.284594864954985 100
0.2846948982994331 100
0.2847949316438813 100
0.2848949649883294 100
0.2849949983327776 100
0.2850950316772257 100
0.2851950650216739 100
0.285295098366122 100
0.2853951317105702 100
0.2854951650550183 100
0.2855951983994665 100
0.2856952317439146 100
0.2857952650883628 100
0.2858952984328109 100
0.2859953317772591 100
0.2860953651217072 100
0.2861953984661554 100
0.2862954318106035 100
0.2863954651550517 100
0.2864954984994998 100
0.286595531843948 100
0.2866955651883961 100
0.2867955985328443 100
0.2868956318772924 100
0.2869956652217406 100
0.2870956985661887 100
0.2871957319106369 100
0.287295765255085 100
0.2873957985995332 100
0.2874958319439813 100
0.2875958652884295 100
0.2876958986328776 100
0.2877959319773258 100
0.2878959653217739 100
0.2879959986662221 100
0.2880960320106702 100
0.2881960653551184 100
0.2882960986995665 100
0.2883961320440147 100
0.2884961653884628 100
0.288596198732911 100
0.2886962320773591 100
0.2887962654218073 100
0.2888962987662554 100
0.2889963321107035 100
0.2890963654551517 100
0.2891963987995999 100
0.289296432144048 100
0.2893964654884962 100
0.2894964988329443 100
0.2895965321773925 100
0.2896965655218406 100
0.2897965988662888 100
0.2898966322107369 100
0.2899966655551851 100
0.2900966988996332 100
0.2901967322440813 100
0.2902967655885295 100
0.2903967989329777 100
0.2904968322774258 100
0.290596865621874 100
0.2906968989663221 100
0.2907969323107703 100
0.2908969656552184 100
0.2909969989996665 100
0.2910970323441147 100
0.2911970656885629 100
0.291297099033011 100
0.2913971323774591 100
0.2914971657219073 100
0.2915971990663555 100
0.2916972324108036 100
0.2917972657552518 100
0.2918972990996999 100
0.2919973324441481 100
0.2920973657885962 100
0.2921973991330443 100
0.2922974324774925 100
0.2923974658219406 100
0.2924974991663888 100
0.2925975325108369 100
0.2926975658552851 100
0.2927975991997332 100
0.2928976325441814 100
0.2929976658886295 100
0.2930976992330777 100
0.2931977325775258 100
0.293297765921974 100
0.2933977992664221 100
0.2934978326108703 100
0.2935978659553184 100
0.2936978992997666 100
0.2937979326442147 100
0.2938979659886629 100
0.293997999333111 100
0.2940980326775592 100
0.2941980660220073 100
0.2942980993664555 100
0.2943981327109036 100
0.2944981660553518 100
0.2945981993997999 100
0.2946982327442481 100
0.2947982660886962 100
0.2948982994331444 100
0.2949983327775925 100
0.2950983661220407 100
0.2951983994664888 100
0.295298432810937 100
0.2953984661553851 100
0.2954984994998333 100
0.2955985328442814 100
0.2956985661887296 100
0.2957985995331777 100
0.2958986328776259 100
0.295998666222074 100
0.2960986995665222 100
0.2961987329109703 100
0.2962987662554185 100
0.2963987995998666 100
0.2964988329443147 100
0.2965988662887629 100
0.2966988996332111 100
0.2967989329776592 100
0.2968989663221074 100
0.2969989996665555 100
0.2970990330110037 100
0.2971990663554518 100
0.2972990996999 100
0.2973991330443481 100
0.2974991663887963 100
0.2975991997332444 100
0.2976992330776925 100
0.2977992664221407 100
0.2978992997665889 100
0.297999333111037 100
0.2980993664554852 100
0.2981993997999333 100
0.2982994331443815 100
0.2983994664888296 100
0.2984994998332777 100
0.2985995331777259 100
0.2986995665221741 100
0.2987995998666222 100
0.2988996332110703 100
0.2989996665555185 100
0.2990996998999667 100
0.2991997332444148 100
0.299299766588863 100
0.2993997999333111 100
0.2994998332777593 100
0.2995998666222074 100
0.2996998999666555 100
0.2997999333111037 100
0.2998999666555519 100
0.3 100
