time quantity 
0 1.749375343411944
0.0001000333444481494 1.749333903575834
0.0002000666888962987 1.749292607653382
0.0003001000333444481 1.749251456249025
0.0004001333777925975 1.749210449963805
0.0005001667222407469 1.749169589395363
0.0006002000666888962 1.749128875137942
0.0007002334111370457 1.74908830778238
0.000800266755585195 1.749047887916074
0.0009003001000333444 1.749007616123025
0.001000333444481494 1.748967492983832
0.001100366788929643 1.748927519075634
0.001200400133377792 1.748887694972175
0.001300433477825942 1.74884802124374
0.001400466822274091 1.748808498457202
0.001500500166722241 1.748769127175975
0.00160053351117039 1.748729907960046
0.001700566855618539 1.748690841365977
0.001800600200066689 1.748651927946848
0.001900633544514838 1.748613168252317
0.002000666888962988 1.748574562828593
0.002100700233411137 1.748536112218412
0.002200733577859286 1.748497816961074
0.002300766922307436 1.748459677592425
0.002400800266755585 1.748421694644838
0.002500833611203734 1.748383868647237
0.002600866955651884 1.748346200125085
0.002700900300100033 1.748308689600394
0.002800933644548183 1.74827133759168
0.002900966988996332 1.748234144614041
0.003001000333444481 1.748197111179076
0.00310103367789263 1.748160237794927
0.00320106702234078 1.748123524966271
0.00330110036678893 1.748086973194332
0.003401133711237079 1.748050582976841
0.003501167055685228 1.748014354808088
0.003601200400133378 1.74797828917886
0.003701233744581527 1.747942386576526
0.003801267089029677 1.747906647484949
0.003901300433477826 1.747871072384538
0.004001333777925976 1.747835661752244
0.004101367122374125 1.747800416061539
0.004201400466822274 1.747765335782438
0.004301433811270424 1.747730421381487
0.004401467155718573 1.747695673321763
0.004501500500166723 1.747661092062916
0.004601533844614872 1.747626678061072
0.004701567189063021 1.747592431768955
0.00480160053351117 1.7475583536358
0.00490163387795932 1.747524444107384
0.005001667222407469 1.747490703626055
0.005101700566855618 1.747457132630671
0.005201733911303768 1.747423731556669
0.005301767255751917 1.747390500836009
0.005401800600200067 1.747357440897223
0.005501833944648216 1.747324552165381
0.005601867289096366 1.747291835062123
0.005701900633544514 1.747259290005641
0.005801933977992664 1.747226917410691
0.005901967322440814 1.747194717688587
0.006002000666888963 1.747162691247195
0.006102034011337113 1.747130838490986
0.006202067355785261 1.747099159820971
0.006302100700233411 1.747067655634748
0.00640213404468156 1.747036326326479
0.00650216738912971 1.747005172286931
0.00660220073357786 1.746974193903431
0.006702234078026008 1.746943391559902
0.006802267422474158 1.746912765636857
0.006902300766922307 1.746882316511385
0.007002334111370457 1.746852044557213
0.007102367455818606 1.746821950144625
0.007202400800266755 1.746792033640533
0.007302434144714904 1.746762295408445
0.007402467489163054 1.746732735808484
0.007502500833611204 1.7467033551974
0.007602534178059353 1.746674153928549
0.007702567522507502 1.746645132351898
0.007802600866955651 1.746616290814077
0.007902634211403801 1.746587629658313
0.008002667555851951 1.7465591492245
0.008102700900300101 1.74653084984913
0.008202734244748249 1.746502731865392
0.008302767589196399 1.746474795603083
0.008402800933644547 1.746447041388668
0.008502834278092697 1.746419469545277
0.008602867622540847 1.746392080392692
0.008702900966988995 1.746364874247366
0.008802934311437145 1.746337851422424
0.008902967655885295 1.746311012227677
0.009003001000333445 1.74628435696961
0.009103034344781593 1.746257885951388
0.009203067689229743 1.746231599472889
0.009303101033677891 1.746205497830671
0.009403134378126041 1.746179581317997
0.009503167722574191 1.746153850224849
0.00960320106702234 1.746128304837907
0.009703234411470489 1.746102945440573
0.009803267755918639 1.746077772312988
0.009903301100366789 1.746052785732003
0.01000333444481494 1.7460279859712
0.01010336778926309 1.746003373300931
0.01020340113371124 1.745978947988262
0.01030343447815939 1.745954710297029
0.01040346782260754 1.745930660487814
0.01050350116705569 1.745906798817971
0.01060353451150383 1.74588312554161
0.01070356785595199 1.745859640909629
0.01080360120040013 1.745836345169698
0.01090363454484828 1.745813238566271
0.01100366788929643 1.745790321340587
0.01110370123374458 1.745767593730704
0.01120373457819273 1.745745055971473
0.01130376792264088 1.745722708294545
0.01140380126708903 1.745700550928401
0.01150383461153718 1.745678584098335
0.01160386795598533 1.745656808026472
0.01170390130043348 1.745635222931762
0.01180393464488163 1.745613829030011
0.01190396798932978 1.74559262653385
0.01200400133377793 1.745571615652787
0.01210403467822607 1.745550796593166
0.01220406802267423 1.745530169558213
0.01230410136712237 1.745509734748008
0.01240413471157052 1.745489492359527
0.01250416805601867 1.745469442586616
0.01260420140046682 1.745449585620015
0.01270423474491497 1.745429921647362
0.01280426808936312 1.7454104508532
0.01290430143381127 1.745391173418973
0.01300433477825942 1.745372089523042
0.01310436812270757 1.745353199340705
0.01320440146715572 1.745334503044162
0.01330443481160387 1.745316000802571
0.01340446815605202 1.745297692782035
0.01350450150050017 1.745279579145572
0.01360453484494832 1.745261660053191
0.01370456818939647 1.745243935661838
0.01380460153384461 1.745226406125435
0.01390463487829276 1.74520907159489
0.01400466822274091 1.745191932218086
0.01410470156718906 1.74517498813987
0.01420473491163721 1.745158239502115
0.01430476825608536 1.74514168644368
0.01440480160053351 1.745125329100436
0.01450483494498166 1.745109167605268
0.01460486828942981 1.745093202088071
0.01470490163387796 1.74507743267579
0.01480493497832611 1.745061859492379
0.01490496832277426 1.745046482658856
0.01500500166722241 1.745031302293274
0.01510503501167056 1.745016318510743
0.01520506835611871 1.745001531423439
0.01530510170056685 1.744986941140604
0.015405135045015 1.744972547768559
0.01550516838946315 1.744958351410699
0.0156052017339113 1.744944352167522
0.01570523507835945 1.7449305501366
0.0158052684228076 1.744916945412648
0.01590530176725575 1.74490353808746
0.0160053351117039 1.74489032824995
0.01610536845615205 1.744877315986179
0.0162054018006002 1.744864501379315
0.01630543514504835 1.744851884509689
0.0164054684894965 1.744839465454773
0.01650550183394465 1.744827244289186
0.0166055351783928 1.74481522108473
0.01670556852284095 1.744803395910361
0.01680560186728909 1.744791768832226
0.01690563521173724 1.744780339913665
0.01700566855618539 1.744769109215196
0.01710570190063354 1.744758076794561
0.01720573524508169 1.744747242706727
0.01730576858952984 1.744736607003856
0.01740580193397799 1.744726169735363
0.01750583527842614 1.744715930947901
0.01760586862287429 1.744705890685395
0.01770590196732244 1.744696048989017
0.01780593531177059 1.744686405897227
0.01790596865621874 1.744676961445752
0.01800600200066689 1.744667715667659
0.01810603534511504 1.744658668593289
0.01820606868956319 1.744649820250344
0.01830610203401134 1.744641170663854
0.01840613537845949 1.744632719856207
0.01850616872290764 1.744624467847181
0.01860620206735578 1.744616414653924
0.01870623541180394 1.744608560291016
0.01880626875625208 1.744600904770466
0.01890630210070023 1.744593448101725
0.01900633544514838 1.744586190291743
0.01910636878959653 1.744579131344955
0.01920640213404468 1.744572271263337
0.01930643547849283 1.744565610046426
0.01940646882294098 1.744559147691358
0.01950650216738913 1.744552884192888
0.01960653551183728 1.744546819543458
0.01970656885628543 1.7445409537332
0.01980660220073358 1.744535286750017
0.01990663554518173 1.744529818579619
0.02000666888962987 1.744524549205573
0.02010670223407802 1.744519478609385
0.02020673557852617 1.744514606770536
0.02030676892297432 1.74450993366659
0.02040680226742247 1.744505459273246
0.02050683561187062 1.744501183564442
0.02060686895631877 1.744497106512451
0.02070690230076692 1.744493228087998
0.02080693564521507 1.744489548260357
0.02090696898966322 1.744486066997503
0.02100700233411137 1.744482784266254
0.02110703567855952 1.744479700032432
0.02120706902300767 1.744476814261028
0.02130710236745582 1.744474126916424
0.02140713571190397 1.744471637962595
0.02150716905635212 1.744469347363341
0.02160720240080027 1.74446725508259
0.02170723574524841 1.744465361084644
0.02180726908969656 1.744463665334542
0.02190730243414472 1.74446216779842
0.02200733577859286 1.744460868443885
0.02210736912304101 1.744459767240491
0.02220740246748916 1.744458864160216
0.02230743581193731 1.744458159178008
0.02240746915638546 1.744457652272398
0.02250750250083361 1.74445734342616
0.02260753584528176 1.744457232627052
0.02270756918972991 1.744457319868665
0.02280760253417806 1.744457605151289
0.02290763587862621 1.744458088482967
0.02300766922307436 1.744458769880583
0.02310770256752251 1.744459649371138
0.02320773591197066 1.744460726993103
0.0233077692564188 1.744462002797956
0.02340780260086696 1.744463476851869
0.02350783594531511 1.744465149237593
0.02360786928976326 1.744467020056553
0.0237079026342114 1.744469089431142
0.02380793597865955 1.744471357507281
0.0239079693231077 1.744473824457282
0.02400800266755585 1.74447649048297
0.024108036012004 1.744479355819229
0.02420806935645215 1.744482420737821
0.0243081027009003 1.744485685551756
0.02440813604534845 1.744489150620016
0.0245081693897966 1.744492816352867
0.02460820273424475 1.744496683217759
0.0247082360786929 1.74450075174581
0.02480826942314104 1.744505022539052
0.0249083027675892 1.744509496278469
0.02500833611203735 1.744514173732884
0.02510836945648549 1.744519055768822
0.02520840280093364 1.744524143361472
0.02530843614538179 1.74452943760686
0.02540846948982994 1.744534939735286
0.02550850283427809 1.74454065112631
0.02560853617872624 1.744546573325334
0.02570856952317439 1.744552708061986
0.02580860286762254 1.744559057270577
0.02590863621207069 1.744565623112724
0.02600866955651884 1.744572408002503
0.02610870290096699 1.744579414634326
0.02620873624541514 1.744586646013927
0.02630876958986329 1.744594105492638
0.02640880293431144 1.744601796805579
0.02650883627875959 1.744609724113902
0.02660886962320774 1.744617892051735
0.02670890296765588 1.744626305778313
0.02680893631210403 1.744634971035734
0.02690896965655219 1.744643894213192
0.02700900300100033 1.744653082418137
0.02710903634544848 1.744662543555397
0.02720906968989663 1.744672286414834
0.02730910303434478 1.744682320768774
0.02740913637879293 1.744692657480076
0.02750916972324108 1.744703308622089
0.02760920306768923 1.744714287611814
0.02770923641213738 1.744725609357659
0.02780926975658552 1.744737290423549
0.02790930310103368 1.74474934921093
0.02800933644548183 1.744761806160955
0.02810936978992997 1.744774683978841
0.02820940313437812 1.744788007882967
0.02830943647882627 1.744801805881427
0.02840946982327442 1.744816109079116
0.02850950316772257 1.744830952018695
0.02860953651217072 1.744846373059273
0.02870956985661887 1.744862414796995
0.02880960320106702 1.744879124532205
0.02890963654551517 1.744896554788461
0.02900966988996332 1.744914763889125
0.02910970323441147 1.74493381659825
0.02920973657885962 1.744953784832633
0.02930976992330777 1.744974748453437
0.02940980326775592 1.744996796146241
0.02950983661220407 1.745020026399452
0.02960986995665222 1.74504454859254
0.02970990330110037 1.745070484206334
0.02980993664554851 1.745097968169584
0.02990996998999667 1.745127150357297
0.03001000333444482 1.745158197258472
0.03011003667889296 1.745191293832841
0.03021007002334111 1.745226645578632
0.03031010336778926 1.745264480836228
0.03041013671223741 1.745305053355509
0.03051017005668556 1.745348645158378
0.03061020340113371 1.745395569731945
0.03071023674558186 1.74544617559253
0.03081027009003001 1.745500850265935
0.03091030343447816 1.745560024735717
0.03101033677892631 1.745624178418179
0.03111037012337446 1.74569384473116
0.0312104034678226 1.745769617333259
0.03131043681227075 1.745852157121366
0.0314104701567189 1.745942200087433
0.03151050350116705 1.746040566150853
0.0316105368456152 1.746148169100994
0.03171057019006335 1.746266027806014
0.0318106035345115 1.746395278869487
0.03191063687895965 1.746537190947343
0.0320106702234078 1.746693180973987
0.03211070356785595 1.746864832591322
0.0322107369123041 1.747053917127983
0.03231077025675225 1.747262417542162
0.0324108036012004 1.747492555822111
0.03251083694564855 1.747746824438571
0.0326108702900967 1.748028022567155
0.03271090363454485 1.748339297954419
0.032810936978993 1.748684195496916
0.03291097032344115 1.749066713850585
0.0330110036678893 1.749491371705267
0.03311103701233745 1.749963285767477
0.0332110703567856 1.750488263025584
0.03331110370123374 1.75107291056709
0.0334111370456819 1.751724767138857
0.03351117039013005 1.752452461873202
0.03361120373457819 1.753265907270106
0.03371123707902634 1.754176535810486
0.03381127042347449 1.75519759274942
0.03391130376792264 1.756344502114416
0.03401133711237079 1.75763532935334
0.03411137045681894 1.759091373454069
0.03421140380126709 1.760737935344025
0.03431143714571524 1.762605330726974
0.03441147049016339 1.764730248972416
0.03451150383461154 1.767157613704961
0.03461153717905969 1.769943191069732
0.03471157052350783 1.773157348874955
0.03481160386795598 1.776890656758698
0.03491163721240414 1.781262571923336
0.03501167055685228 1.786435603781263
0.03511170390130043 1.792639945032188
0.03521173724574858 1.800220118855966
0.03531177059019673 1.809734565811901
0.03541180393464488 1.822210147057831
0.03551183727909303 1.840044939517056
0.03561187062354118 1.874897238872295
0.03571190396798933 1.945147699251771
0.03581193731243747 1.535477114335569
0.03591197065688563 0.9168982412524241
0.03601200400133378 -1.959406008135701
0.03611203734578192 41.19187957196374
0.03621207069023007 100
0.03631210403467822 100
0.03641213737912637 100
0.03651217072357452 100
0.03661220406802267 100
0.03671223741247082 100
0.03681227075691897 100
0.03691230410136712 100
0.03701233744581527 100
0.03711237079026342 100
0.03721240413471157 100
0.03731243747915972 100
0.03741247082360787 100
0.03751250416805602 100
0.03761253751250417 100
0.03771257085695232 100
0.03781260420140047 100
0.03791263754584862 100
0.03801267089029677 100
0.03811270423474492 100
0.03821273757919307 100
0.03831277092364121 100
0.03841280426808936 100
0.03851283761253751 100
0.03861287095698566 100
0.03871290430143381 100
0.03881293764588196 100
0.03891297099033011 100
0.03901300433477826 100
0.03911303767922641 100
0.03921307102367456 100
0.03931310436812271 100
0.03941313771257085 100
0.03951317105701901 100
0.03961320440146716 100
0.0397132377459153 100
0.03981327109036345 100
0.0399133044348116 100
0.04001333777925975 100
0.0401133711237079 100
0.04021340446815605 100
0.0403134378126042 100
0.04041347115705235 100
0.0405135045015005 100
0.04061353784594865 100
0.0407135711903968 100
0.04081360453484494 100
0.04091363787929309 100
0.04101367122374125 100
0.04111370456818939 100
0.04121373791263754 100
0.04131377125708569 100
0.04141380460153384 100
0.04151383794598199 100
0.04161387129043014 100
0.04171390463487829 100
0.04181393797932644 100
0.04191397132377458 100
0.04201400466822274 100
0.04211403801267089 100
0.04221407135711903 100
0.04231410470156718 100
0.04241413804601533 100
0.04251417139046348 100
0.04261420473491163 100
0.04271423807935978 100
0.04281427142380794 100
0.04291430476825608 100
0.04301433811270423 100
0.04311437145715238 100
0.04321440480160053 100
0.04331443814604868 100
0.04341447149049683 100
0.04351450483494498 100
0.04361453817939313 100
0.04371457152384128 100
0.04381460486828943 100
0.04391463821273758 100
0.04401467155718573 100
0.04411470490163387 100
0.04421473824608203 100
0.04431477159053018 100
0.04441480493497832 100
0.04451483827942648 100
0.04461487162387462 100
0.04471490496832277 100
0.04481493831277093 100
0.04491497165721907 100
0.04501500500166723 100
0.04511503834611537 100
0.04521507169056352 100
0.04531510503501168 100
0.04541513837945982 100
0.04551517172390797 100
0.04561520506835611 100
0.04571523841280427 100
0.04581527175725242 100
0.04591530510170056 100
0.04601533844614872 100
0.04611537179059686 100
0.04621540513504501 100
0.04631543847949317 100
0.04641547182394131 100
0.04651550516838946 100
0.0466155385128376 100
0.04671557185728576 100
0.04681560520173391 100
0.04691563854618205 100
0.04701567189063021 100
0.04711570523507835 100
0.04721573857952651 100
0.04731577192397466 100
0.0474158052684228 100
0.04751583861287096 100
0.0476158719573191 100
0.04771590530176725 100
0.04781593864621541 100
0.04791597199066355 100
0.0480160053351117 100
0.04811603867955985 100
0.048216072024008 100
0.04831610536845615 100
0.0484161387129043 100
0.04851617205735245 100
0.0486162054018006 100
0.04871623874624875 100
0.0488162720906969 100
0.04891630543514505 100
0.0490163387795932 100
0.04911637212404134 100
0.04921640546848949 100
0.04931643881293764 100
0.04941647215738579 100
0.04951650550183394 100
0.04961653884628209 100
0.04971657219073024 100
0.04981660553517839 100
0.04991663887962654 100
0.05001667222407469 100
0.05011670556852284 100
0.05021673891297099 100
0.05031677225741914 100
0.05041680560186729 100
0.05051683894631544 100
0.05061687229076358 100
0.05071690563521174 100
0.05081693897965989 100
0.05091697232410803 100
0.05101700566855619 100
0.05111703901300433 100
0.05121707235745248 100
0.05131710570190064 100
0.05141713904634878 100
0.05151717239079693 100
0.05161720573524508 100
0.05171723907969323 100
0.05181727242414138 100
0.05191730576858953 100
0.05201733911303768 100
0.05211737245748582 100
0.05221740580193398 100
0.05231743914638213 100
0.05241747249083027 100
0.05251750583527843 100
0.05261753917972657 100
0.05271757252417472 100
0.05281760586862288 100
0.05291763921307102 100
0.05301767255751917 100
0.05311770590196731 100
0.05321773924641547 100
0.05331777259086362 100
0.05341780593531176 100
0.05351783927975992 100
0.05361787262420806 100
0.05371790596865621 100
0.05381793931310437 100
0.05391797265755251 100
0.05401800600200066 100
0.05411803934644881 100
0.05421807269089696 100
0.05431810603534511 100
0.05441813937979326 100
0.05451817272424141 100
0.05461820606868956 100
0.05471823941313771 100
0.05481827275758586 100
0.05491830610203401 100
0.05501833944648216 100
0.05511837279093031 100
0.05521840613537846 100
0.05531843947982661 100
0.05541847282427476 100
0.05551850616872291 100
0.05561853951317105 100
0.05571857285761921 100
0.05581860620206736 100
0.0559186395465155 100
0.05601867289096366 100
0.0561187062354118 100
0.05621873957985995 100
0.05631877292430811 100
0.05641880626875625 100
0.0565188396132044 100
0.05661887295765255 100
0.0567189063021007 100
0.05681893964654885 100
0.056918972990997 100
0.05701900633544515 100
0.05711903967989329 100
0.05721907302434145 100
0.0573191063687896 100
0.05741913971323774 100
0.0575191730576859 100
0.05761920640213404 100
0.05771923974658219 100
0.05781927309103035 100
0.05791930643547849 100
0.05801933977992664 100
0.05811937312437478 100
0.05821940646882294 100
0.05831943981327109 100
0.05841947315771923 100
0.05851950650216739 100
0.05861953984661553 100
0.05871957319106368 100
0.05881960653551184 100
0.05891963987995998 100
0.05901967322440813 100
0.05911970656885628 100
0.05921973991330443 100
0.05931977325775259 100
0.05941980660220073 100
0.05951983994664888 100
0.05961987329109703 100
0.05971990663554518 100
0.05981993997999333 100
0.05991997332444148 100
0.06002000666888963 100
0.06012004001333777 100
0.06022007335778592 100
0.06032010670223408 100
0.06042014004668222 100
0.06052017339113037 100
0.06062020673557852 100
0.06072024008002667 100
0.06082027342447482 100
0.06092030676892297 100
0.06102034011337112 100
0.06112037345781927 100
0.06122040680226742 100
0.06132044014671557 100
0.06142047349116372 100
0.06152050683561187 100
0.06162054018006002 100
0.06172057352450817 100
0.06182060686895632 100
0.06192064021340447 100
0.06202067355785262 100
0.06212070690230076 100
0.06222074024674892 100
0.06232077359119707 100
0.06242080693564521 100
0.06252084028009336 100
0.06262087362454151 100
0.06272090696898966 100
0.06282094031343781 100
0.06292097365788596 100
0.06302100700233411 100
0.06312104034678226 100
0.06322107369123041 100
0.06332110703567856 100
0.06342114038012671 100
0.06352117372457486 100
0.06362120706902301 100
0.06372124041347116 100
0.06382127375791931 100
0.06392130710236746 100
0.06402134044681561 100
0.06412137379126374 100
0.06422140713571191 100
0.06432144048016006 100
0.06442147382460819 100
0.06452150716905636 100
0.06462154051350449 100
0.06472157385795264 100
0.06482160720240081 100
0.06492164054684894 100
0.06502167389129709 100
0.06512170723574524 100
0.06522174058019339 100
0.06532177392464154 100
0.06542180726908969 100
0.06552184061353784 100
0.06562187395798599 100
0.06572190730243414 100
0.06582194064688229 100
0.06592197399133044 100
0.06602200733577859 100
0.06612204068022674 100
0.06622207402467489 100
0.06632210736912304 100
0.06642214071357119 100
0.06652217405801934 100
0.06662220740246748 100
0.06672224074691564 100
0.06682227409136379 100
0.06692230743581193 100
0.06702234078026009 100
0.06712237412470823 100
0.06722240746915638 100
0.06732244081360454 100
0.06742247415805268 100
0.06752250750250083 100
0.06762254084694898 100
0.06772257419139713 100
0.06782260753584528 100
0.06792264088029343 100
0.06802267422474158 100
0.06812270756918973 100
0.06822274091363788 100
0.06832277425808603 100
0.06842280760253418 100
0.06852284094698233 100
0.06862287429143048 100
0.06872290763587863 100
0.06882294098032678 100
0.06892297432477493 100
0.06902300766922308 100
0.06912304101367121 100
0.06922307435811938 100
0.06932310770256753 100
0.06942314104701566 100
0.06952317439146383 100
0.06962320773591196 100
0.06972324108036011 100
0.06982327442480828 100
0.06992330776925641 100
0.07002334111370456 100
0.07012337445815271 100
0.07022340780260086 100
0.07032344114704901 100
0.07042347449149716 100
0.07052350783594531 100
0.07062354118039346 100
0.07072357452484161 100
0.07082360786928976 100
0.07092364121373791 100
0.07102367455818606 100
0.07112370790263421 100
0.07122374124708236 100
0.07132377459153051 100
0.07142380793597866 100
0.07152384128042681 100
0.07162387462487495 100
0.07172390796932311 100
0.07182394131377126 100
0.0719239746582194 100
0.07202400800266756 100
0.0721240413471157 100
0.07222407469156385 100
0.07232410803601201 100
0.07242414138046015 100
0.0725241747249083 100
0.07262420806935645 100
0.0727242414138046 100
0.07282427475825275 100
0.0729243081027009 100
0.07302434144714905 100
0.0731243747915972 100
0.07322440813604535 100
0.0733244414804935 100
0.07342447482494165 100
0.0735245081693898 100
0.07362454151383795 100
0.0737245748582861 100
0.07382460820273425 100
0.0739246415471824 100
0.07402467489163055 100
0.07412470823607868 100
0.07422474158052685 100
0.074324774924975 100
0.07442480826942313 100
0.0745248416138713 100
0.07462487495831943 100
0.07472490830276758 100
0.07482494164721575 100
0.07492497499166388 100
0.07502500833611203 100
0.07512504168056018 100
0.07522507502500833 100
0.07532510836945648 100
0.07542514171390463 100
0.07552517505835278 100
0.07562520840280093 100
0.07572524174724908 100
0.07582527509169723 100
0.07592530843614538 100
0.07602534178059353 100
0.07612537512504168 100
0.07622540846948983 100
0.07632544181393798 100
0.07642547515838613 100
0.07652550850283428 100
0.07662554184728242 100
0.07672557519173058 100
0.07682560853617872 100
0.07692564188062687 100
0.07702567522507503 100
0.07712570856952317 100
0.07722574191397132 100
0.07732577525841947 100
0.07742580860286762 100
0.07752584194731577 100
0.07762587529176392 100
0.07772590863621207 100
0.07782594198066022 100
0.07792597532510837 100
0.07802600866955652 100
0.07812604201400467 100
0.07822607535845282 100
0.07832610870290097 100
0.07842614204734911 100
0.07852617539179726 100
0.07862620873624541 100
0.07872624208069356 100
0.0788262754251417 100
0.07892630876958986 100
0.07902634211403801 100
0.07912637545848615 100
0.07922640880293431 100
0.07932644214738245 100
0.0794264754918306 100
0.07952650883627876 100
0.0796265421807269 100
0.07972657552517505 100
0.0798266088696232 100
0.07992664221407135 100
0.0800266755585195 100
0.08012670890296765 100
0.0802267422474158 100
0.08032677559186395 100
0.0804268089363121 100
0.08052684228076025 100
0.0806268756252084 100
0.08072690896965655 100
0.0808269423141047 100
0.08092697565855285 100
0.081027009003001 100
0.08112704234744915 100
0.0812270756918973 100
0.08132710903634544 100
0.0814271423807936 100
0.08152717572524175 100
0.08162720906968988 100
0.08172724241413805 100
0.08182727575858618 100
0.08192730910303433 100
0.0820273424474825 100
0.08212737579193063 100
0.08222740913637878 100
0.08232744248082693 100
0.08242747582527508 100
0.08252750916972323 100
0.08262754251417138 100
0.08272757585861953 100
0.08282760920306768 100
0.08292764254751583 100
0.08302767589196398 100
0.08312770923641213 100
0.08322774258086028 100
0.08332777592530843 100
0.08342780926975658 100
0.08352784261420473 100
0.08362787595865288 100
0.08372790930310103 100
0.08382794264754917 100
0.08392797599199733 100
0.08402800933644548 100
0.08412804268089362 100
0.08422807602534178 100
0.08432810936978992 100
0.08442814271423807 100
0.08452817605868623 100
0.08462820940313437 100
0.08472824274758252 100
0.08482827609203067 100
0.08492830943647882 100
0.08502834278092697 100
0.08512837612537512 100
0.08522840946982327 100
0.08532844281427142 100
0.08542847615871957 100
0.08552850950316772 100
0.08562854284761588 100
0.085728576192064 100
0.08582860953651217 100
0.08592864288096032 100
0.08602867622540847 100
0.08612870956985662 100
0.08622874291430475 100
0.0863287762587529 100
0.08642880960320107 100
0.08652884294764922 100
0.08662887629209737 100
0.0867289096365455 100
0.08682894298099365 100
0.0869289763254418 100
0.08702900966988997 100
0.08712904301433812 100
0.08722907635878625 100
0.0873291097032344 100
0.08742914304768255 100
0.08752917639213072 100
0.08762920973657887 100
0.087729243081027 100
0.08782927642547515 100
0.0879293097699233 100
0.08802934311437145 100
0.08812937645881962 100
0.08822940980326774 100
0.0883294431477159 100
0.08842947649216405 100
0.0885295098366122 100
0.08862954318106035 100
0.08872957652550849 100
0.08882960986995664 100
0.0889296432144048 100
0.08902967655885295 100
0.0891297099033011 100
0.08922974324774924 100
0.08932977659219739 100
0.08942980993664554 100
0.0895298432810937 100
0.08962987662554185 100
0.08972990996998999 100
0.08982994331443814 100
0.08992997665888629 100
0.09003001000333445 100
0.0901300433477826 100
0.09023007669223074 100
0.09033011003667889 100
0.09043014338112704 100
0.09053017672557519 100
0.09063021007002335 100
0.09073024341447147 100
0.09083027675891964 100
0.09093031010336779 100
0.09103034344781594 100
0.09113037679226409 100
0.09123041013671222 100
0.09133044348116037 100
0.09143047682560854 100
0.09153051017005669 100
0.09163054351450484 100
0.09173057685895297 100
0.09183061020340112 100
0.09193064354784929 100
0.09203067689229744 100
0.09213071023674559 100
0.09223074358119372 100
0.09233077692564187 100
0.09243081027009002 100
0.09253084361453819 100
0.09263087695898634 100
0.09273091030343447 100
0.09283094364788262 100
0.09293097699233077 100
0.09303101033677892 100
0.09313104368122709 100
0.09323107702567521 100
0.09333111037012337 100
0.09343114371457152 100
0.09353117705901967 100
0.09363121040346782 100
0.09373124374791596 100
0.09383127709236411 100
0.09393131043681227 100
0.09403134378126042 100
0.09413137712570857 100
0.09423141047015671 100
0.09433144381460486 100
0.09443147715905302 100
0.09453151050350117 100
0.09463154384794932 100
0.09473157719239746 100
0.09483161053684561 100
0.09493164388129376 100
0.09503167722574192 100
0.09513171057019007 100
0.09523174391463821 100
0.09533177725908636 100
0.09543181060353451 100
0.09553184394798266 100
0.09563187729243082 100
0.09573191063687894 100
0.09583194398132711 100
0.09593197732577526 100
0.09603201067022341 100
0.09613204401467156 100
0.09623207735911969 100
0.09633211070356784 100
0.09643214404801601 100
0.09653217739246416 100
0.09663221073691231 100
0.09673224408136044 100
0.09683227742580859 100
0.09693231077025675 100
0.0970323441147049 100
0.09713237745915305 100
0.09723241080360119 100
0.09733244414804934 100
0.09743247749249749 100
0.09753251083694565 100
0.0976325441813938 100
0.09773257752584194 100
0.09783261087029009 100
0.09793264421473824 100
0.09803267755918639 100
0.09813271090363455 100
0.09823274424808268 100
0.09833277759253084 100
0.09843281093697899 100
0.09853284428142714 100
0.09863287762587529 100
0.09873291097032343 100
0.09883294431477159 100
0.09893297765921974 100
0.09903301100366789 100
0.09913304434811604 100
0.09923307769256418 100
0.09933311103701233 100
0.09943314438146049 100
0.09953317772590864 100
0.09963321107035679 100
0.09973324441480493 100
0.09983327775925308 100
0.09993331110370123 100
0.1000333444481494 100
0.1001333777925975 100
0.1002334111370457 100
0.1003334444814938 100
0.100433477825942 100
0.1005335111703901 100
0.1006335445148383 100
0.1007335778592864 100
0.1008336112037346 100
0.1009336445481827 100
0.1010336778926309 100
0.101133711237079 100
0.1012337445815272 100
0.1013337779259753 100
0.1014338112704235 100
0.1015338446148716 100
0.1016338779593198 100
0.1017339113037679 100
0.1018339446482161 100
0.1019339779926642 100
0.1020340113371124 100
0.1021340446815605 100
0.1022340780260087 100
0.1023341113704568 100
0.102434144714905 100
0.1025341780593531 100
0.1026342114038013 100
0.1027342447482494 100
0.1028342780926976 100
0.1029343114371457 100
0.1030343447815939 100
0.103134378126042 100
0.1032344114704902 100
0.1033344448149383 100
0.1034344781593865 100
0.1035345115038346 100
0.1036345448482828 100
0.1037345781927309 100
0.1038346115371791 100
0.1039346448816272 100
0.1040346782260754 100
0.1041347115705235 100
0.1042347449149716 100
0.1043347782594198 100
0.104434811603868 100
0.1045348449483161 100
0.1046348782927643 100
0.1047349116372124 100
0.1048349449816605 100
0.1049349783261087 100
0.1050350116705569 100
0.105135045015005 100
0.1052350783594531 100
0.1053351117039013 100
0.1054351450483494 100
0.1055351783927976 100
0.1056352117372458 100
0.1057352450816939 100
0.105835278426142 100
0.1059353117705902 100
0.1060353451150383 100
0.1061353784594865 100
0.1062354118039346 100
0.1063354451483828 100
0.1064354784928309 100
0.1065355118372791 100
0.1066355451817272 100
0.1067355785261754 100
0.1068356118706235 100
0.1069356452150717 100
0.1070356785595198 100
0.107135711903968 100
0.1072357452484161 100
0.1073357785928643 100
0.1074358119373124 100
0.1075358452817606 100
0.1076358786262087 100
0.1077359119706569 100
0.107835945315105 100
0.1079359786595532 100
0.1080360120040013 100
0.1081360453484495 100
0.1082360786928976 100
0.1083361120373458 100
0.1084361453817939 100
0.1085361787262421 100
0.1086362120706902 100
0.1087362454151384 100
0.1088362787595865 100
0.1089363121040347 100
0.1090363454484828 100
0.109136378792931 100
0.1092364121373791 100
0.1093364454818273 100
0.1094364788262754 100
0.1095365121707236 100
0.1096365455151717 100
0.1097365788596199 100
0.109836612204068 100
0.1099366455485162 100
0.1100366788929643 100
0.1101367122374125 100
0.1102367455818606 100
0.1103367789263088 100
0.1104368122707569 100
0.1105368456152051 100
0.1106368789596532 100
0.1107369123041014 100
0.1108369456485495 100
0.1109369789929977 100
0.1110370123374458 100
0.111137045681894 100
0.1112370790263421 100
0.1113371123707903 100
0.1114371457152384 100
0.1115371790596866 100
0.1116372124041347 100
0.1117372457485828 100
0.111837279093031 100
0.1119373124374792 100
0.1120373457819273 100
0.1121373791263755 100
0.1122374124708236 100
0.1123374458152717 100
0.1124374791597199 100
0.1125375125041681 100
0.1126375458486162 100
0.1127375791930643 100
0.1128376125375125 100
0.1129376458819606 100
0.1130376792264088 100
0.113137712570857 100
0.1132377459153051 100
0.1133377792597532 100
0.1134378126042014 100
0.1135378459486495 100
0.1136378792930977 100
0.1137379126375458 100
0.113837945981994 100
0.1139379793264421 100
0.1140380126708903 100
0.1141380460153384 100
0.1142380793597866 100
0.1143381127042347 100
0.1144381460486829 100
0.114538179393131 100
0.1146382127375792 100
0.1147382460820273 100
0.1148382794264755 100
0.1149383127709236 100
0.1150383461153718 100
0.1151383794598199 100
0.1152384128042681 100
0.1153384461487162 100
0.1154384794931644 100
0.1155385128376125 100
0.1156385461820607 100
0.1157385795265088 100
0.115838612870957 100
0.1159386462154051 100
0.1160386795598533 100
0.1161387129043014 100
0.1162387462487496 100
0.1163387795931977 100
0.1164388129376459 100
0.116538846282094 100
0.1166388796265422 100
0.1167389129709903 100
0.1168389463154385 100
0.1169389796598866 100
0.1170390130043348 100
0.1171390463487829 100
0.1172390796932311 100
0.1173391130376792 100
0.1174391463821274 100
0.1175391797265755 100
0.1176392130710237 100
0.1177392464154718 100
0.11783927975992 100
0.1179393131043681 100
0.1180393464488163 100
0.1181393797932644 100
0.1182394131377126 100
0.1183394464821607 100
0.1184394798266089 100
0.118539513171057 100
0.1186395465155052 100
0.1187395798599533 100
0.1188396132044015 100
0.1189396465488496 100
0.1190396798932978 100
0.1191397132377459 100
0.1192397465821941 100
0.1193397799266422 100
0.1194398132710904 100
0.1195398466155385 100
0.1196398799599867 100
0.1197399133044348 100
0.119839946648883 100
0.1199399799933311 100
0.1200400133377793 100
0.1201400466822274 100
0.1202400800266755 100
0.1203401133711237 100
0.1204401467155718 100
0.12054018006002 100
0.1206402134044682 100
0.1207402467489163 100
0.1208402800933644 100
0.1209403134378126 100
0.1210403467822607 100
0.1211403801267089 100
0.121240413471157 100
0.1213404468156052 100
0.1214404801600533 100
0.1215405135045015 100
0.1216405468489496 100
0.1217405801933978 100
0.1218406135378459 100
0.1219406468822941 100
0.1220406802267422 100
0.1221407135711904 100
0.1222407469156385 100
0.1223407802600867 100
0.1224408136045348 100
0.122540846948983 100
0.1226408802934311 100
0.1227409136378793 100
0.1228409469823274 100
0.1229409803267756 100
0.1230410136712237 100
0.1231410470156719 100
0.12324108036012 100
0.1233411137045682 100
0.1234411470490163 100
0.1235411803934645 100
0.1236412137379126 100
0.1237412470823608 100
0.1238412804268089 100
0.1239413137712571 100
0.1240413471157052 100
0.1241413804601534 100
0.1242414138046015 100
0.1243414471490497 100
0.1244414804934978 100
0.124541513837946 100
0.1246415471823941 100
0.1247415805268423 100
0.1248416138712904 100
0.1249416472157386 100
0.1250416805601867 100
0.1251417139046349 100
0.125241747249083 100
0.1253417805935312 100
0.1254418139379793 100
0.1255418472824275 100
0.1256418806268756 100
0.1257419139713238 100
0.1258419473157719 100
0.1259419806602201 100
0.1260420140046682 100
0.1261420473491164 100
0.1262420806935645 100
0.1263421140380127 100
0.1264421473824608 100
0.126542180726909 100
0.1266422140713571 100
0.1267422474158053 100
0.1268422807602534 100
0.1269423141047016 100
0.1270423474491497 100
0.1271423807935979 100
0.127242414138046 100
0.1273424474824942 100
0.1274424808269423 100
0.1275425141713905 100
0.1276425475158386 100
0.1277425808602868 100
0.1278426142047349 100
0.1279426475491831 100
0.1280426808936312 100
0.1281427142380794 100
0.1282427475825275 100
0.1283427809269757 100
0.1284428142714238 100
0.128542847615872 100
0.1286428809603201 100
0.1287429143047683 100
0.1288429476492164 100
0.1289429809936646 100
0.1290430143381127 100
0.1291430476825609 100
0.129243081027009 100
0.1293431143714572 100
0.1294431477159053 100
0.1295431810603535 100
0.1296432144048016 100
0.1297432477492498 100
0.1298432810936979 100
0.1299433144381461 100
0.1300433477825942 100
0.1301433811270424 100
0.1302434144714905 100
0.1303434478159387 100
0.1304434811603868 100
0.130543514504835 100
0.1306435478492831 100
0.1307435811937312 100
0.1308436145381794 100
0.1309436478826276 100
0.1310436812270757 100
0.1311437145715239 100
0.131243747915972 100
0.1313437812604201 100
0.1314438146048683 100
0.1315438479493165 100
0.1316438812937646 100
0.1317439146382127 100
0.1318439479826609 100
0.131943981327109 100
0.1320440146715572 100
0.1321440480160053 100
0.1322440813604535 100
0.1323441147049016 100
0.1324441480493498 100
0.1325441813937979 100
0.1326442147382461 100
0.1327442480826942 100
0.1328442814271424 100
0.1329443147715905 100
0.1330443481160387 100
0.1331443814604868 100
0.133244414804935 100
0.1333444481493831 100
0.1334444814938313 100
0.1335445148382794 100
0.1336445481827276 100
0.1337445815271757 100
0.1338446148716239 100
0.133944648216072 100
0.1340446815605202 100
0.1341447149049683 100
0.1342447482494165 100
0.1343447815938646 100
0.1344448149383128 100
0.1345448482827609 100
0.1346448816272091 100
0.1347449149716572 100
0.1348449483161054 100
0.1349449816605535 100
0.1350450150050017 100
0.1351450483494498 100
0.135245081693898 100
0.1353451150383461 100
0.1354451483827943 100
0.1355451817272424 100
0.1356452150716906 100
0.1357452484161387 100
0.1358452817605869 100
0.135945315105035 100
0.1360453484494832 100
0.1361453817939313 100
0.1362454151383795 100
0.1363454484828276 100
0.1364454818272758 100
0.1365455151717239 100
0.1366455485161721 100
0.1367455818606202 100
0.1368456152050684 100
0.1369456485495165 100
0.1370456818939647 100
0.1371457152384128 100
0.137245748582861 100
0.1373457819273091 100
0.1374458152717573 100
0.1375458486162054 100
0.1376458819606536 100
0.1377459153051017 100
0.1378459486495499 100
0.137945981993998 100
0.1380460153384462 100
0.1381460486828943 100
0.1382460820273424 100
0.1383461153717906 100
0.1384461487162388 100
0.1385461820606869 100
0.1386462154051351 100
0.1387462487495832 100
0.1388462820940313 100
0.1389463154384795 100
0.1390463487829277 100
0.1391463821273758 100
0.1392464154718239 100
0.1393464488162721 100
0.1394464821607202 100
0.1395465155051684 100
0.1396465488496166 100
0.1397465821940647 100
0.1398466155385128 100
0.139946648882961 100
0.1400466822274091 100
0.1401467155718573 100
0.1402467489163054 100
0.1403467822607536 100
0.1404468156052017 100
0.1405468489496499 100
0.140646882294098 100
0.1407469156385462 100
0.1408469489829943 100
0.1409469823274425 100
0.1410470156718906 100
0.1411470490163388 100
0.1412470823607869 100
0.1413471157052351 100
0.1414471490496832 100
0.1415471823941314 100
0.1416472157385795 100
0.1417472490830277 100
0.1418472824274758 100
0.141947315771924 100
0.1420473491163721 100
0.1421473824608203 100
0.1422474158052684 100
0.1423474491497166 100
0.1424474824941647 100
0.1425475158386129 100
0.142647549183061 100
0.1427475825275092 100
0.1428476158719573 100
0.1429476492164055 100
0.1430476825608536 100
0.1431477159053018 100
0.1432477492497499 100
0.1433477825941981 100
0.1434478159386462 100
0.1435478492830944 100
0.1436478826275425 100
0.1437479159719907 100
0.1438479493164388 100
0.143947982660887 100
0.1440480160053351 100
0.1441480493497833 100
0.1442480826942314 100
0.1443481160386796 100
0.1444481493831277 100
0.1445481827275759 100
0.144648216072024 100
0.1447482494164722 100
0.1448482827609203 100
0.1449483161053685 100
0.1450483494498166 100
0.1451483827942648 100
0.1452484161387129 100
0.1453484494831611 100
0.1454484828276092 100
0.1455485161720574 100
0.1456485495165055 100
0.1457485828609536 100
0.1458486162054018 100
0.14594864954985 100
0.1460486828942981 100
0.1461487162387463 100
0.1462487495831944 100
0.1463487829276425 100
0.1464488162720907 100
0.1465488496165389 100
0.146648882960987 100
0.1467489163054351 100
0.1468489496498833 100
0.1469489829943314 100
0.1470490163387796 100
0.1471490496832278 100
0.1472490830276759 100
0.147349116372124 100
0.1474491497165722 100
0.1475491830610203 100
0.1476492164054685 100
0.1477492497499166 100
0.1478492830943648 100
0.1479493164388129 100
0.1480493497832611 100
0.1481493831277092 100
0.1482494164721574 100
0.1483494498166055 100
0.1484494831610537 100
0.1485495165055018 100
0.14864954984995 100
0.1487495831943981 100
0.1488496165388463 100
0.1489496498832944 100
0.1490496832277426 100
0.1491497165721907 100
0.1492497499166389 100
0.149349783261087 100
0.1494498166055352 100
0.1495498499499833 100
0.1496498832944315 100
0.1497499166388796 100
0.1498499499833278 100
0.1499499833277759 100
0.1500500166722241 100
0.1501500500166722 100
0.1502500833611204 100
0.1503501167055685 100
0.1504501500500167 100
0.1505501833944648 100
0.150650216738913 100
0.1507502500833611 100
0.1508502834278093 100
0.1509503167722574 100
0.1510503501167056 100
0.1511503834611537 100
0.1512504168056019 100
0.15135045015005 100
0.1514504834944982 100
0.1515505168389463 100
0.1516505501833945 100
0.1517505835278426 100
0.1518506168722908 100
0.1519506502167389 100
0.1520506835611871 100
0.1521507169056352 100
0.1522507502500834 100
0.1523507835945315 100
0.1524508169389797 100
0.1525508502834278 100
0.152650883627876 100
0.1527509169723241 100
0.1528509503167723 100
0.1529509836612204 100
0.1530510170056686 100
0.1531510503501167 100
0.1532510836945648 100
0.153351117039013 100
0.1534511503834612 100
0.1535511837279093 100
0.1536512170723574 100
0.1537512504168056 100
0.1538512837612537 100
0.1539513171057019 100
0.1540513504501501 100
0.1541513837945982 100
0.1542514171390463 100
0.1543514504834945 100
0.1544514838279426 100
0.1545515171723908 100
0.1546515505168389 100
0.1547515838612871 100
0.1548516172057352 100
0.1549516505501834 100
0.1550516838946315 100
0.1551517172390797 100
0.1552517505835278 100
0.155351783927976 100
0.1554518172724241 100
0.1555518506168723 100
0.1556518839613204 100
0.1557519173057686 100
0.1558519506502167 100
0.1559519839946649 100
0.156052017339113 100
0.1561520506835612 100
0.1562520840280093 100
0.1563521173724575 100
0.1564521507169056 100
0.1565521840613538 100
0.1566522174058019 100
0.1567522507502501 100
0.1568522840946982 100
0.1569523174391464 100
0.1570523507835945 100
0.1571523841280427 100
0.1572524174724908 100
0.157352450816939 100
0.1574524841613871 100
0.1575525175058353 100
0.1576525508502834 100
0.1577525841947316 100
0.1578526175391797 100
0.1579526508836279 100
0.158052684228076 100
0.1581527175725242 100
0.1582527509169723 100
0.1583527842614205 100
0.1584528176058686 100
0.1585528509503168 100
0.1586528842947649 100
0.1587529176392131 100
0.1588529509836612 100
0.1589529843281094 100
0.1590530176725575 100
0.1591530510170057 100
0.1592530843614538 100
0.159353117705902 100
0.1594531510503501 100
0.1595531843947983 100
0.1596532177392464 100
0.1597532510836946 100
0.1598532844281427 100
0.1599533177725909 100
0.160053351117039 100
0.1601533844614871 100
0.1602534178059353 100
0.1603534511503835 100
0.1604534844948316 100
0.1605535178392798 100
0.1606535511837279 100
0.160753584528176 100
0.1608536178726242 100
0.1609536512170724 100
0.1610536845615205 100
0.1611537179059686 100
0.1612537512504168 100
0.1613537845948649 100
0.1614538179393131 100
0.1615538512837613 100
0.1616538846282094 100
0.1617539179726575 100
0.1618539513171057 100
0.1619539846615538 100
0.162054018006002 100
0.1621540513504501 100
0.1622540846948983 100
0.1623541180393464 100
0.1624541513837946 100
0.1625541847282427 100
0.1626542180726909 100
0.162754251417139 100
0.1628542847615872 100
0.1629543181060353 100
0.1630543514504835 100
0.1631543847949316 100
0.1632544181393798 100
0.1633544514838279 100
0.1634544848282761 100
0.1635545181727242 100
0.1636545515171724 100
0.1637545848616205 100
0.1638546182060687 100
0.1639546515505168 100
0.164054684894965 100
0.1641547182394131 100
0.1642547515838613 100
0.1643547849283094 100
0.1644548182727576 100
0.1645548516172057 100
0.1646548849616539 100
0.164754918306102 100
0.1648549516505502 100
0.1649549849949983 100
0.1650550183394465 100
0.1651550516838946 100
0.1652550850283428 100
0.1653551183727909 100
0.1654551517172391 100
0.1655551850616872 100
0.1656552184061354 100
0.1657552517505835 100
0.1658552850950317 100
0.1659553184394798 100
0.166055351783928 100
0.1661553851283761 100
0.1662554184728243 100
0.1663554518172724 100
0.1664554851617206 100
0.1665555185061687 100
0.1666555518506169 100
0.166755585195065 100
0.1668556185395132 100
0.1669556518839613 100
0.1670556852284095 100
0.1671557185728576 100
0.1672557519173058 100
0.1673557852617539 100
0.1674558186062021 100
0.1675558519506502 100
0.1676558852950983 100
0.1677559186395465 100
0.1678559519839947 100
0.1679559853284428 100
0.168056018672891 100
0.1681560520173391 100
0.1682560853617872 100
0.1683561187062354 100
0.1684561520506836 100
0.1685561853951317 100
0.1686562187395798 100
0.168756252084028 100
0.1688562854284761 100
0.1689563187729243 100
0.1690563521173725 100
0.1691563854618206 100
0.1692564188062687 100
0.1693564521507169 100
0.169456485495165 100
0.1695565188396132 100
0.1696565521840613 100
0.1697565855285095 100
0.1698566188729576 100
0.1699566522174058 100
0.1700566855618539 100
0.1701567189063021 100
0.1702567522507502 100
0.1703567855951984 100
0.1704568189396465 100
0.1705568522840947 100
0.1706568856285428 100
0.170756918972991 100
0.1708569523174391 100
0.1709569856618873 100
0.1710570190063354 100
0.1711570523507836 100
0.1712570856952318 100
0.1713571190396799 100
0.171457152384128 100
0.1715571857285762 100
0.1716572190730243 100
0.1717572524174725 100
0.1718572857619206 100
0.1719573191063688 100
0.1720573524508169 100
0.1721573857952651 100
0.1722574191397132 100
0.1723574524841614 100
0.1724574858286095 100
0.1725575191730577 100
0.1726575525175058 100
0.172757585861954 100
0.1728576192064021 100
0.1729576525508503 100
0.1730576858952984 100
0.1731577192397466 100
0.1732577525841947 100
0.1733577859286429 100
0.173457819273091 100
0.1735578526175392 100
0.1736578859619873 100
0.1737579193064355 100
0.1738579526508836 100
0.1739579859953317 100
0.1740580193397799 100
0.1741580526842281 100
0.1742580860286762 100
0.1743581193731244 100
0.1744581527175725 100
0.1745581860620207 100
0.1746582194064688 100
0.174758252750917 100
0.1748582860953651 100
0.1749583194398132 100
0.1750583527842614 100
0.1751583861287095 100
0.1752584194731577 100
0.1753584528176059 100
0.175458486162054 100
0.1755585195065022 100
0.1756585528509503 100
0.1757585861953985 100
0.1758586195398466 100
0.1759586528842947 100
0.1760586862287429 100
0.176158719573191 100
0.1762587529176392 100
0.1763587862620873 100
0.1764588196065355 100
0.1765588529509837 100
0.1766588862954318 100
0.17675891963988 100
0.1768589529843281 100
0.1769589863287762 100
0.1770590196732244 100
0.1771590530176725 100
0.1772590863621207 100
0.1773591197065688 100
0.177459153051017 100
0.1775591863954652 100
0.1776592197399133 100
0.1777592530843615 100
0.1778592864288096 100
0.1779593197732577 100
0.1780593531177059 100
0.178159386462154 100
0.1782594198066022 100
0.1783594531510503 100
0.1784594864954985 100
0.1785595198399466 100
0.1786595531843948 100
0.178759586528843 100
0.1788596198732911 100
0.1789596532177392 100
0.1790596865621874 100
0.1791597199066355 100
0.1792597532510837 100
0.1793597865955318 100
0.17945981993998 100
0.1795598532844281 100
0.1796598866288763 100
0.1797599199733244 100
0.1798599533177726 100
0.1799599866622207 100
0.1800600200066689 100
0.180160053351117 100
0.1802600866955652 100
0.1803601200400133 100
0.1804601533844615 100
0.1805601867289096 100
0.1806602200733578 100
0.1807602534178059 100
0.1808602867622541 100
0.1809603201067022 100
0.1810603534511504 100
0.1811603867955985 100
0.1812604201400467 100
0.1813604534844948 100
0.1814604868289429 100
0.1815605201733911 100
0.1816605535178393 100
0.1817605868622874 100
0.1818606202067356 100
0.1819606535511837 100
0.1820606868956319 100
0.18216072024008 100
0.1822607535845282 100
0.1823607869289763 100
0.1824608202734244 100
0.1825608536178726 100
0.1826608869623207 100
0.1827609203067689 100
0.1828609536512171 100
0.1829609869956652 100
0.1830610203401134 100
0.1831610536845615 100
0.1832610870290097 100
0.1833611203734578 100
0.1834611537179059 100
0.1835611870623541 100
0.1836612204068022 100
0.1837612537512504 100
0.1838612870956986 100
0.1839613204401467 100
0.1840613537845949 100
0.184161387129043 100
0.1842614204734912 100
0.1843614538179393 100
0.1844614871623874 100
0.1845615205068356 100
0.1846615538512837 100
0.1847615871957319 100
0.18486162054018 100
0.1849616538846282 100
0.1850616872290764 100
0.1851617205735245 100
0.1852617539179727 100
0.1853617872624208 100
0.1854618206068689 100
0.1855618539513171 100
0.1856618872957652 100
0.1857619206402134 100
0.1858619539846615 100
0.1859619873291097 100
0.1860620206735578 100
0.186162054018006 100
0.1862620873624542 100
0.1863621207069023 100
0.1864621540513504 100
0.1865621873957986 100
0.1866622207402467 100
0.1867622540846949 100
0.186862287429143 100
0.1869623207735912 100
0.1870623541180393 100
0.1871623874624875 100
0.1872624208069356 100
0.1873624541513838 100
0.1874624874958319 100
0.1875625208402801 100
0.1876625541847282 100
0.1877625875291764 100
0.1878626208736245 100
0.1879626542180727 100
0.1880626875625208 100
0.188162720906969 100
0.1882627542514171 100
0.1883627875958653 100
0.1884628209403134 100
0.1885628542847616 100
0.1886628876292097 100
0.1887629209736579 100
0.188862954318106 100
0.1889629876625541 100
0.1890630210070023 100
0.1891630543514505 100
0.1892630876958986 100
0.1893631210403468 100
0.1894631543847949 100
0.1895631877292431 100
0.1896632210736912 100
0.1897632544181394 100
0.1898632877625875 100
0.1899633211070356 100
0.1900633544514838 100
0.1901633877959319 100
0.1902634211403801 100
0.1903634544848283 100
0.1904634878292764 100
0.1905635211737246 100
0.1906635545181727 100
0.1907635878626209 100
0.190863621207069 100
0.1909636545515171 100
0.1910636878959653 100
0.1911637212404134 100
0.1912637545848616 100
0.1913637879293098 100
0.1914638212737579 100
0.1915638546182061 100
0.1916638879626542 100
0.1917639213071024 100
0.1918639546515505 100
0.1919639879959986 100
0.1920640213404468 100
0.1921640546848949 100
0.1922640880293431 100
0.1923641213737912 100
0.1924641547182394 100
0.1925641880626876 100
0.1926642214071357 100
0.1927642547515839 100
0.192864288096032 100
0.1929643214404801 100
0.1930643547849283 100
0.1931643881293764 100
0.1932644214738246 100
0.1933644548182727 100
0.1934644881627209 100
0.193564521507169 100
0.1936645548516172 100
0.1937645881960654 100
0.1938646215405135 100
0.1939646548849616 100
0.1940646882294098 100
0.1941647215738579 100
0.1942647549183061 100
0.1943647882627542 100
0.1944648216072024 100
0.1945648549516505 100
0.1946648882960987 100
0.1947649216405468 100
0.194864954984995 100
0.1949649883294431 100
0.1950650216738913 100
0.1951650550183394 100
0.1952650883627876 100
0.1953651217072357 100
0.1954651550516839 100
0.195565188396132 100
0.1956652217405802 100
0.1957652550850283 100
0.1958652884294765 100
0.1959653217739246 100
0.1960653551183728 100
0.1961653884628209 100
0.1962654218072691 100
0.1963654551517172 100
0.1964654884961654 100
0.1965655218406135 100
0.1966655551850617 100
0.1967655885295098 100
0.196865621873958 100
0.1969656552184061 100
0.1970656885628543 100
0.1971657219073024 100
0.1972657552517506 100
0.1973657885961987 100
0.1974658219406469 100
0.197565855285095 100
0.1976658886295432 100
0.1977659219739913 100
0.1978659553184395 100
0.1979659886628876 100
0.1980660220073358 100
0.1981660553517839 100
0.1982660886962321 100
0.1983661220406802 100
0.1984661553851284 100
0.1985661887295765 100
0.1986662220740247 100
0.1987662554184728 100
0.198866288762921 100
0.1989663221073691 100
0.1990663554518173 100
0.1991663887962654 100
0.1992664221407136 100
0.1993664554851617 100
0.1994664888296099 100
0.199566522174058 100
0.1996665555185062 100
0.1997665888629543 100
0.1998666222074025 100
0.1999666555518506 100
0.2000666888962988 100
0.2001667222407469 100
0.2002667555851951 100
0.2003667889296432 100
0.2004668222740913 100
0.2005668556185395 100
0.2006668889629876 100
0.2007669223074358 100
0.2008669556518839 100
0.2009669889963321 100
0.2010670223407802 100
0.2011670556852284 100
0.2012670890296766 100
0.2013671223741247 100
0.2014671557185728 100
0.201567189063021 100
0.2016672224074691 100
0.2017672557519173 100
0.2018672890963654 100
0.2019673224408136 100
0.2020673557852617 100
0.2021673891297099 100
0.202267422474158 100
0.2023674558186062 100
0.2024674891630543 100
0.2025675225075025 100
0.2026675558519506 100
0.2027675891963988 100
0.2028676225408469 100
0.2029676558852951 100
0.2030676892297432 100
0.2031677225741914 100
0.2032677559186395 100
0.2033677892630877 100
0.2034678226075358 100
0.203567855951984 100
0.2036678892964321 100
0.2037679226408803 100
0.2038679559853284 100
0.2039679893297766 100
0.2040680226742247 100
0.2041680560186729 100
0.204268089363121 100
0.2043681227075692 100
0.2044681560520173 100
0.2045681893964655 100
0.2046682227409136 100
0.2047682560853618 100
0.2048682894298099 100
0.2049683227742581 100
0.2050683561187062 100
0.2051683894631544 100
0.2052684228076025 100
0.2053684561520507 100
0.2054684894964988 100
0.205568522840947 100
0.2056685561853951 100
0.2057685895298433 100
0.2058686228742914 100
0.2059686562187396 100
0.2060686895631877 100
0.2061687229076359 100
0.206268756252084 100
0.2063687895965322 100
0.2064688229409803 100
0.2065688562854285 100
0.2066688896298766 100
0.2067689229743248 100
0.2068689563187729 100
0.2069689896632211 100
0.2070690230076692 100
0.2071690563521174 100
0.2072690896965655 100
0.2073691230410137 100
0.2074691563854618 100
0.20756918972991 100
0.2076692230743581 100
0.2077692564188063 100
0.2078692897632544 100
0.2079693231077026 100
0.2080693564521507 100
0.2081693897965989 100
0.208269423141047 100
0.2083694564854952 100
0.2084694898299433 100
0.2085695231743915 100
0.2086695565188396 100
0.2087695898632878 100
0.2088696232077359 100
0.2089696565521841 100
0.2090696898966322 100
0.2091697232410804 100
0.2092697565855285 100
0.2093697899299767 100
0.2094698232744248 100
0.209569856618873 100
0.2096698899633211 100
0.2097699233077693 100
0.2098699566522174 100
0.2099699899966655 100
0.2100700233411137 100
0.2101700566855619 100
0.21027009003001 100
0.2103701233744582 100
0.2104701567189063 100
0.2105701900633545 100
0.2106702234078026 100
0.2107702567522508 100
0.2108702900966989 100
0.210970323441147 100
0.2110703567855952 100
0.2111703901300433 100
0.2112704234744915 100
0.2113704568189397 100
0.2114704901633878 100
0.211570523507836 100
0.2116705568522841 100
0.2117705901967323 100
0.2118706235411804 100
0.2119706568856285 100
0.2120706902300767 100
0.2121707235745248 100
0.212270756918973 100
0.2123707902634211 100
0.2124708236078693 100
0.2125708569523174 100
0.2126708902967656 100
0.2127709236412137 100
0.2128709569856619 100
0.21297099033011 100
0.2130710236745582 100
0.2131710570190063 100
0.2132710903634545 100
0.2133711237079026 100
0.2134711570523508 100
0.2135711903967989 100
0.2136712237412471 100
0.2137712570856952 100
0.2138712904301434 100
0.2139713237745915 100
0.2140713571190397 100
0.2141713904634878 100
0.214271423807936 100
0.2143714571523841 100
0.2144714904968323 100
0.2145715238412804 100
0.2146715571857286 100
0.2147715905301767 100
0.2148716238746249 100
0.214971657219073 100
0.2150716905635212 100
0.2151717239079693 100
0.2152717572524175 100
0.2153717905968656 100
0.2154718239413138 100
0.2155718572857619 100
0.2156718906302101 100
0.2157719239746582 100
0.2158719573191064 100
0.2159719906635545 100
0.2160720240080027 100
0.2161720573524508 100
0.216272090696899 100
0.2163721240413471 100
0.2164721573857953 100
0.2165721907302434 100
0.2166722240746916 100
0.2167722574191397 100
0.2168722907635879 100
0.216972324108036 100
0.2170723574524842 100
0.2171723907969323 100
0.2172724241413805 100
0.2173724574858286 100
0.2174724908302767 100
0.2175725241747249 100
0.2176725575191731 100
0.2177725908636212 100
0.2178726242080694 100
0.2179726575525175 100
0.2180726908969657 100
0.2181727242414138 100
0.218272757585862 100
0.2183727909303101 100
0.2184728242747582 100
0.2185728576192064 100
0.2186728909636545 100
0.2187729243081027 100
0.2188729576525509 100
0.218972990996999 100
0.2190730243414472 100
0.2191730576858953 100
0.2192730910303435 100
0.2193731243747916 100
0.2194731577192397 100
0.2195731910636879 100
0.219673224408136 100
0.2197732577525842 100
0.2198732910970323 100
0.2199733244414805 100
0.2200733577859287 100
0.2201733911303768 100
0.220273424474825 100
0.2203734578192731 100
0.2204734911637212 100
0.2205735245081694 100
0.2206735578526175 100
0.2207735911970657 100
0.2208736245415138 100
0.220973657885962 100
0.2210736912304101 100
0.2211737245748583 100
0.2212737579193065 100
0.2213737912637546 100
0.2214738246082027 100
0.2215738579526509 100
0.221673891297099 100
0.2217739246415472 100
0.2218739579859953 100
0.2219739913304435 100
0.2220740246748916 100
0.2221740580193398 100
0.2222740913637879 100
0.2223741247082361 100
0.2224741580526842 100
0.2225741913971324 100
0.2226742247415805 100
0.2227742580860287 100
0.2228742914304768 100
0.222974324774925 100
0.2230743581193731 100
0.2231743914638213 100
0.2232744248082694 100
0.2233744581527176 100
0.2234744914971657 100
0.2235745248416139 100
0.223674558186062 100
0.2237745915305102 100
0.2238746248749583 100
0.2239746582194065 100
0.2240746915638546 100
0.2241747249083028 100
0.2242747582527509 100
0.2243747915971991 100
0.2244748249416472 100
0.2245748582860954 100
0.2246748916305435 100
0.2247749249749917 100
0.2248749583194398 100
0.2249749916638879 100
0.2250750250083361 100
0.2251750583527843 100
0.2252750916972324 100
0.2253751250416806 100
0.2254751583861287 100
0.2255751917305769 100
0.225675225075025 100
0.2257752584194732 100
0.2258752917639213 100
0.2259753251083694 100
0.2260753584528176 100
0.2261753917972657 100
0.2262754251417139 100
0.2263754584861621 100
0.2264754918306102 100
0.2265755251750584 100
0.2266755585195065 100
0.2267755918639547 100
0.2268756252084028 100
0.2269756585528509 100
0.2270756918972991 100
0.2271757252417472 100
0.2272757585861954 100
0.2273757919306435 100
0.2274758252750917 100
0.2275758586195399 100
0.227675891963988 100
0.2277759253084362 100
0.2278759586528843 100
0.2279759919973324 100
0.2280760253417806 100
0.2281760586862287 100
0.2282760920306769 100
0.228376125375125 100
0.2284761587195732 100
0.2285761920640213 100
0.2286762254084695 100
0.2287762587529177 100
0.2288762920973658 100
0.2289763254418139 100
0.2290763587862621 100
0.2291763921307102 100
0.2292764254751584 100
0.2293764588196065 100
0.2294764921640547 100
0.2295765255085028 100
0.229676558852951 100
0.2297765921973992 100
0.2298766255418473 100
0.2299766588862954 100
0.2300766922307436 100
0.2301767255751917 100
0.2302767589196399 100
0.230376792264088 100
0.2304768256085362 100
0.2305768589529843 100
0.2306768922974325 100
0.2307769256418806 100
0.2308769589863288 100
0.2309769923307769 100
0.2310770256752251 100
0.2311770590196732 100
0.2312770923641214 100
0.2313771257085695 100
0.2314771590530177 100
0.2315771923974658 100
0.231677225741914 100
0.2317772590863621 100
0.2318772924308103 100
0.2319773257752584 100
0.2320773591197066 100
0.2321773924641547 100
0.2322774258086029 100
0.232377459153051 100
0.2324774924974991 100
0.2325775258419473 100
0.2326775591863955 100
0.2327775925308436 100
0.2328776258752918 100
0.2329776592197399 100
0.2330776925641881 100
0.2331777259086362 100
0.2332777592530844 100
0.2333777925975325 100
0.2334778259419806 100
0.2335778592864288 100
0.2336778926308769 100
0.2337779259753251 100
0.2338779593197733 100
0.2339779926642214 100
0.2340780260086696 100
0.2341780593531177 100
0.2342780926975659 100
0.234378126042014 100
0.2344781593864621 100
0.2345781927309103 100
0.2346782260753584 100
0.2347782594198066 100
0.2348782927642547 100
0.2349783261087029 100
0.2350783594531511 100
0.2351783927975992 100
0.2352784261420474 100
0.2353784594864955 100
0.2354784928309436 100
0.2355785261753918 100
0.2356785595198399 100
0.2357785928642881 100
0.2358786262087362 100
0.2359786595531844 100
0.2360786928976325 100
0.2361787262420807 100
0.2362787595865289 100
0.236378792930977 100
0.2364788262754251 100
0.2365788596198733 100
0.2366788929643214 100
0.2367789263087696 100
0.2368789596532177 100
0.2369789929976659 100
0.237079026342114 100
0.2371790596865622 100
0.2372790930310104 100
0.2373791263754585 100
0.2374791597199066 100
0.2375791930643548 100
0.2376792264088029 100
0.2377792597532511 100
0.2378792930976992 100
0.2379793264421474 100
0.2380793597865955 100
0.2381793931310437 100
0.2382794264754918 100
0.23837945981994 100
0.2384794931643881 100
0.2385795265088363 100
0.2386795598532844 100
0.2387795931977326 100
0.2388796265421807 100
0.2389796598866289 100
0.239079693231077 100
0.2391797265755252 100
0.2392797599199733 100
0.2393797932644215 100
0.2394798266088696 100
0.2395798599533178 100
0.2396798932977659 100
0.2397799266422141 100
0.2398799599866622 100
0.2399799933311103 100
0.2400800266755585 100
0.2401800600200067 100
0.2402800933644548 100
0.240380126708903 100
0.2404801600533511 100
0.2405801933977993 100
0.2406802267422474 100
0.2407802600866956 100
0.2408802934311437 100
0.2409803267755918 100
0.24108036012004 100
0.2411803934644881 100
0.2412804268089363 100
0.2413804601533845 100
0.2414804934978326 100
0.2415805268422808 100
0.2416805601867289 100
0.2417805935311771 100
0.2418806268756252 100
0.2419806602200733 100
0.2420806935645215 100
0.2421807269089696 100
0.2422807602534178 100
0.2423807935978659 100
0.2424808269423141 100
0.2425808602867623 100
0.2426808936312104 100
0.2427809269756586 100
0.2428809603201067 100
0.2429809936645548 100
0.243081027009003 100
0.2431810603534511 100
0.2432810936978993 100
0.2433811270423474 100
0.2434811603867956 100
0.2435811937312438 100
0.2436812270756919 100
0.2437812604201401 100
0.2438812937645882 100
0.2439813271090363 100
0.2440813604534845 100
0.2441813937979326 100
0.2442814271423808 100
0.2443814604868289 100
0.2444814938312771 100
0.2445815271757252 100
0.2446815605201734 100
0.2447815938646216 100
0.2448816272090697 100
0.2449816605535178 100
0.245081693897966 100
0.2451817272424141 100
0.2452817605868623 100
0.2453817939313104 100
0.2454818272757586 100
0.2455818606202067 100
0.2456818939646549 100
0.245781927309103 100
0.2458819606535512 100
0.2459819939979993 100
0.2460820273424475 100
0.2461820606868956 100
0.2462820940313438 100
0.2463821273757919 100
0.2464821607202401 100
0.2465821940646882 100
0.2466822274091364 100
0.2467822607535845 100
0.2468822940980327 100
0.2469823274424808 100
0.247082360786929 100
0.2471823941313771 100
0.2472824274758253 100
0.2473824608202734 100
0.2474824941647215 100
0.2475825275091697 100
0.2476825608536179 100
0.247782594198066 100
0.2478826275425142 100
0.2479826608869623 100
0.2480826942314105 100
0.2481827275758586 100
0.2482827609203068 100
0.2483827942647549 100
0.248482827609203 100
0.2485828609536512 100
0.2486828942980993 100
0.2487829276425475 100
0.2488829609869957 100
0.2489829943314438 100
0.249083027675892 100
0.2491830610203401 100
0.2492830943647883 100
0.2493831277092364 100
0.2494831610536845 100
0.2495831943981327 100
0.2496832277425808 100
0.249783261087029 100
0.2498832944314771 100
0.2499833277759253 100
0.2500833611203734 100
0.2501833944648216 100
0.2502834278092698 100
0.2503834611537179 100
0.250483494498166 100
0.2505835278426142 100
0.2506835611870624 100
0.2507835945315105 100
0.2508836278759586 100
0.2509836612204068 100
0.251083694564855 100
0.2511837279093031 100
0.2512837612537512 100
0.2513837945981994 100
0.2514838279426475 100
0.2515838612870957 100
0.2516838946315438 100
0.251783927975992 100
0.2518839613204402 100
0.2519839946648883 100
0.2520840280093364 100
0.2521840613537846 100
0.2522840946982328 100
0.2523841280426809 100
0.252484161387129 100
0.2525841947315772 100
0.2526842280760253 100
0.2527842614204735 100
0.2528842947649216 100
0.2529843281093698 100
0.253084361453818 100
0.2531843947982661 100
0.2532844281427142 100
0.2533844614871624 100
0.2534844948316105 100
0.2535845281760587 100
0.2536845615205068 100
0.253784594864955 100
0.2538846282094031 100
0.2539846615538512 100
0.2540846948982994 100
0.2541847282427476 100
0.2542847615871958 100
0.2543847949316439 100
0.254484828276092 100
0.2545848616205402 100
0.2546848949649883 100
0.2547849283094365 100
0.2548849616538846 100
0.2549849949983328 100
0.2550850283427809 100
0.255185061687229 100
0.2552850950316772 100
0.2553851283761254 100
0.2554851617205735 100
0.2555851950650217 100
0.2556852284094698 100
0.255785261753918 100
0.2558852950983661 100
0.2559853284428142 100
0.2560853617872624 100
0.2561853951317106 100
0.2562854284761587 100
0.2563854618206068 100
0.256485495165055 100
0.2565855285095032 100
0.2566855618539513 100
0.2567855951983995 100
0.2568856285428476 100
0.2569856618872958 100
0.2570856952317439 100
0.257185728576192 100
0.2572857619206402 100
0.2573857952650884 100
0.2574858286095365 100
0.2575858619539846 100
0.2576858952984328 100
0.257785928642881 100
0.2578859619873291 100
0.2579859953317772 100
0.2580860286762254 100
0.2581860620206736 100
0.2582860953651217 100
0.2583861287095698 100
0.258486162054018 100
0.2585861953984662 100
0.2586862287429143 100
0.2587862620873624 100
0.2588862954318106 100
0.2589863287762587 100
0.2590863621207069 100
0.259186395465155 100
0.2592864288096032 100
0.2593864621540514 100
0.2594864954984995 100
0.2595865288429476 100
0.2596865621873958 100
0.259786595531844 100
0.2598866288762921 100
0.2599866622207402 100
0.2600866955651884 100
0.2601867289096365 100
0.2602867622540847 100
0.2603867955985328 100
0.260486828942981 100
0.2605868622874292 100
0.2606868956318773 100
0.2607869289763254 100
0.2608869623207736 100
0.2609869956652217 100
0.2610870290096699 100
0.261187062354118 100
0.2612870956985662 100
0.2613871290430143 100
0.2614871623874624 100
0.2615871957319106 100
0.2616872290763588 100
0.261787262420807 100
0.2618872957652551 100
0.2619873291097032 100
0.2620873624541514 100
0.2621873957985995 100
0.2622874291430477 100
0.2623874624874958 100
0.262487495831944 100
0.2625875291763921 100
0.2626875625208402 100
0.2627875958652884 100
0.2628876292097366 100
0.2629876625541847 100
0.2630876958986329 100
0.263187729243081 100
0.2632877625875292 100
0.2633877959319773 100
0.2634878292764254 100
0.2635878626208736 100
0.2636878959653218 100
0.2637879293097699 100
0.263887962654218 100
0.2639879959986662 100
0.2640880293431144 100
0.2641880626875625 100
0.2642880960320107 100
0.2643881293764588 100
0.264488162720907 100
0.2645881960653551 100
0.2646882294098032 100
0.2647882627542514 100
0.2648882960986996 100
0.2649883294431477 100
0.2650883627875958 100
0.265188396132044 100
0.2652884294764922 100
0.2653884628209403 100
0.2654884961653884 100
0.2655885295098366 100
0.2656885628542848 100
0.2657885961987329 100
0.265888629543181 100
0.2659886628876292 100
0.2660886962320774 100
0.2661887295765255 100
0.2662887629209736 100
0.2663887962654218 100
0.2664888296098699 100
0.2665888629543181 100
0.2666888962987662 100
0.2667889296432144 100
0.2668889629876626 100
0.2669889963321107 100
0.2670890296765588 100
0.267189063021007 100
0.2672890963654552 100
0.2673891297099033 100
0.2674891630543514 100
0.2675891963987996 100
0.2676892297432477 100
0.2677892630876959 100
0.267889296432144 100
0.2679893297765922 100
0.2680893631210404 100
0.2681893964654885 100
0.2682894298099366 100
0.2683894631543848 100
0.2684894964988329 100
0.2685895298432811 100
0.2686895631877292 100
0.2687895965321774 100
0.2688896298766255 100
0.2689896632210736 100
0.2690896965655218 100
0.26918972990997 100
0.2692897632544182 100
0.2693897965988663 100
0.2694898299433144 100
0.2695898632877626 100
0.2696898966322107 100
0.2697899299766589 100
0.269889963321107 100
0.2699899966655552 100
0.2700900300100033 100
0.2701900633544514 100
0.2702900966988996 100
0.2703901300433478 100
0.2704901633877959 100
0.2705901967322441 100
0.2706902300766922 100
0.2707902634211404 100
0.2708902967655885 100
0.2709903301100366 100
0.2710903634544848 100
0.271190396798933 100
0.2712904301433811 100
0.2713904634878292 100
0.2714904968322774 100
0.2715905301767256 100
0.2716905635211737 100
0.2717905968656219 100
0.27189063021007 100
0.2719906635545182 100
0.2720906968989663 100
0.2721907302434144 100
0.2722907635878626 100
0.2723907969323108 100
0.2724908302767589 100
0.272590863621207 100
0.2726908969656552 100
0.2727909303101034 100
0.2728909636545515 100
0.2729909969989996 100
0.2730910303434478 100
0.273191063687896 100
0.2732910970323441 100
0.2733911303767922 100
0.2734911637212404 100
0.2735911970656886 100
0.2736912304101367 100
0.2737912637545848 100
0.273891297099033 100
0.2739913304434811 100
0.2740913637879293 100
0.2741913971323774 100
0.2742914304768256 100
0.2743914638212738 100
0.2744914971657219 100
0.27459153051017 100
0.2746915638546182 100
0.2747915971990664 100
0.2748916305435145 100
0.2749916638879626 100
0.2750916972324108 100
0.2751917305768589 100
0.2752917639213071 100
0.2753917972657552 100
0.2754918306102034 100
0.2755918639546516 100
0.2756918972990997 100
0.2757919306435478 100
0.275891963987996 100
0.2759919973324441 100
0.2760920306768923 100
0.2761920640213404 100
0.2762920973657886 100
0.2763921307102367 100
0.2764921640546849 100
0.276592197399133 100
0.2766922307435812 100
0.2767922640880294 100
0.2768922974324775 100
0.2769923307769256 100
0.2770923641213738 100
0.2771923974658219 100
0.2772924308102701 100
0.2773924641547182 100
0.2774924974991664 100
0.2775925308436145 100
0.2776925641880627 100
0.2777925975325108 100
0.277892630876959 100
0.2779926642214071 100
0.2780926975658553 100
0.2781927309103034 100
0.2782927642547516 100
0.2783927975991997 100
0.2784928309436479 100
0.278592864288096 100
0.2786928976325442 100
0.2787929309769923 100
0.2788929643214405 100
0.2789929976658886 100
0.2790930310103368 100
0.2791930643547849 100
0.2792930976992331 100
0.2793931310436812 100
0.2794931643881294 100
0.2795931977325775 100
0.2796932310770257 100
0.2797932644214738 100
0.279893297765922 100
0.2799933311103701 100
0.2800933644548182 100
0.2801933977992664 100
0.2802934311437146 100
0.2803934644881627 100
0.2804934978326108 100
0.280593531177059 100
0.2806935645215072 100
0.2807935978659553 100
0.2808936312104034 100
0.2809936645548516 100
0.2810936978992998 100
0.2811937312437479 100
0.281293764588196 100
0.2813937979326442 100
0.2814938312770923 100
0.2815938646215405 100
0.2816938979659886 100
0.2817939313104368 100
0.281893964654885 100
0.2819939979993331 100
0.2820940313437812 100
0.2821940646882294 100
0.2822940980326776 100
0.2823941313771257 100
0.2824941647215738 100
0.282594198066022 100
0.2826942314104701 100
0.2827942647549183 100
0.2828942980993664 100
0.2829943314438146 100
0.2830943647882628 100
0.2831943981327109 100
0.283294431477159 100
0.2833944648216072 100
0.2834944981660553 100
0.2835945315105035 100
0.2836945648549516 100
0.2837945981993998 100
0.2838946315438479 100
0.2839946648882961 100
0.2840946982327442 100
0.2841947315771924 100
0.2842947649216406 100
0.2843947982660887 100
0.2844948316105368 100
0.284594864954985 100
0.2846948982994331 100
0.2847949316438813 100
0.2848949649883294 100
0.2849949983327776 100
0.2850950316772257 100
0.2851950650216739 100
0.285295098366122 100
0.2853951317105702 100
0.2854951650550183 100
0.2855951983994665 100
0.2856952317439146 100
0.2857952650883628 100
0.2858952984328109 100
0.2859953317772591 100
0.2860953651217072 100
0.2861953984661554 100
0.2862954318106035 100
0.2863954651550517 100
0.2864954984994998 100
0.286595531843948 100
0.2866955651883961 100
0.2867955985328443 100
0.2868956318772924 100
0.2869956652217406 100
0.2870956985661887 100
0.2871957319106369 100
0.287295765255085 100
0.2873957985995332 100
0.2874958319439813 100
0.2875958652884295 100
0.2876958986328776 100
0.2877959319773258 100
0.2878959653217739 100
0.2879959986662221 100
0.2880960320106702 100
0.2881960653551184 100
0.2882960986995665 100
0.2883961320440147 100
0.2884961653884628 100
0.288596198732911 100
0.2886962320773591 100
0.2887962654218073 100
0.2888962987662554 100
0.2889963321107035 100
0.2890963654551517 100
0.2891963987995999 100
0.289296432144048 100
0.2893964654884962 100
0.2894964988329443 100
0.2895965321773925 100
0.2896965655218406 100
0.2897965988662888 100
0.2898966322107369 100
0.2899966655551851 100
0.2900966988996332 100
0.2901967322440813 100
0.2902967655885295 100
0.2903967989329777 100
0.2904968322774258 100
0.290596865621874 100
0.2906968989663221 100
0.2907969323107703 100
0.2908969656552184 100
0.2909969989996665 100
0.2910970323441147 100
0.2911970656885629 100
0.291297099033011 100
0.2913971323774591 100
0.2914971657219073 100
0.2915971990663555 100
0.2916972324108036 100
0.2917972657552518 100
0.2918972990996999 100
0.2919973324441481 100
0.2920973657885962 100
0.2921973991330443 100
0.2922974324774925 100
0.2923974658219406 100
0.2924974991663888 100
0.2925975325108369 100
0.2926975658552851 100
0.2927975991997332 100
0.2928976325441814 100
0.2929976658886295 100
0.2930976992330777 100
0.2931977325775258 100
0.293297765921974 100
0.2933977992664221 100
0.2934978326108703 100
0.2935978659553184 100
0.2936978992997666 100
0.2937979326442147 100
0.2938979659886629 100
0.293997999333111 100
0.2940980326775592 100
0.2941980660220073 100
0.2942980993664555 100
0.2943981327109036 100
0.2944981660553518 100
0.2945981993997999 100
0.2946982327442481 100
0.2947982660886962 100
0.2948982994331444 100
0.2949983327775925 100
0.2950983661220407 100
0.2951983994664888 100
0.295298432810937 100
0.2953984661553851 100
0.2954984994998333 100
0.2955985328442814 100
0.2956985661887296 100
0.2957985995331777 100
0.2958986328776259 100
0.295998666222074 100
0.2960986995665222 100
0.2961987329109703 100
0.2962987662554185 100
0.2963987995998666 100
0.2964988329443147 100
0.2965988662887629 100
0.2966988996332111 100
0.2967989329776592 100
0.2968989663221074 100
0.2969989996665555 100
0.2970990330110037 100
0.2971990663554518 100
0.2972990996999 100
0.2973991330443481 100
0.2974991663887963 100
0.2975991997332444 100
0.2976992330776925 100
0.2977992664221407 100
0.2978992997665889 100
0.297999333111037 100
0.2980993664554852 100
0.2981993997999333 100
0.2982994331443815 100
0.2983994664888296 100
0.2984994998332777 100
0.2985995331777259 100
0.2986995665221741 100
0.2987995998666222 100
0.2988996332110703 100
0.2989996665555185 100
0.2990996998999667 100
0.2991997332444148 100
0.299299766588863 100
0.2993997999333111 100
0.2994998332777593 100
0.2995998666222074 100
0.2996998999666555 100
0.2997999333111037 100
0.2998999666555519 100
0.3 100
