n sing_values 
1 0.6838
2 0.14453
3 0.026394
4 0.019504
5 0.014042
6 0.012031
7 0.0093181
8 0.0066936
9 0.0055842
10 0.0036453
11 0.0033811
12 0.0030377
13 0.0030001
14 0.0026067
15 0.0023454
16 0.0021556
17 0.0020284
18 0.0019859
19 0.0019499
20 0.0018973
21 0.0018327
22 0.0015099
23 0.0014147
24 0.0013391
25 0.0013294
26 0.0012894
27 0.0012106
28 0.0011366
29 0.0011149
30 0.0010786
31 0.0010264
32 0.00098873
33 0.00094119
34 0.00092072
35 0.00086412
36 0.00085928
37 0.00079539
38 0.00076617
39 0.00075786
40 0.00070907
41 0.00069884
42 0.00069129
43 0.00065036
44 0.00061503
45 0.00056731
46 0.00056174
47 0.00054871
48 0.00052617
49 0.00051992
50 0.00049415
51 0.00048337
52 0.00047835
53 0.00047775
54 0.00045622
55 0.00044893
56 0.00043447
57 0.00041706
58 0.00041657
59 0.00040677
60 0.0003883
61 0.00038655
62 0.00036307
63 0.00035451
64 0.00035224
65 0.00032913
66 0.00032363
67 0.00030066
68 0.00029573
69 0.00029412
70 0.00029404
71 0.00027683
72 0.00027514
73 0.00027037
74 0.00026174
75 0.00026173
76 0.00024783
77 0.00023813
78 0.00023534
79 0.00022998
80 0.00022466
81 0.00021872
82 0.0002073
83 0.00020394
84 0.00020112
85 0.00019311
86 0.00018986
87 0.00018148
88 0.00018088
89 0.00017736
90 0.00017213
91 0.00017203
92 0.00017001
93 0.00016604
94 0.00015692
95 0.00015378
96 0.00015236
97 0.00015032
98 0.00014638
99 0.0001461
100 0.0001422
101 0.00013722
102 0.00013299
103 0.00013276
104 0.00013033
105 0.00012907
106 0.0001279
107 0.00012696
108 0.00011905
109 0.00011702
110 0.00011379
111 0.00011298
112 0.00011107
113 0.00010861
114 0.00010525
115 0.00010447
116 0.00010391
117 0.00010368
118 0.0001003
119 9.8032e-05
120 9.7305e-05
121 9.4881e-05
122 9.2184e-05
123 9.1384e-05
124 9.0579e-05
125 8.7445e-05
126 8.6789e-05
127 8.6013e-05
128 8.5144e-05
129 8.2594e-05
130 8.2191e-05
131 8.2041e-05
132 8.0313e-05
133 7.9132e-05
134 7.5959e-05
135 7.5665e-05
136 7.4895e-05
137 7.199e-05
138 7.0382e-05
139 7.011e-05
140 6.6705e-05
141 6.6568e-05
142 6.5447e-05
143 6.4968e-05
144 6.3915e-05
145 6.2324e-05
146 6.2153e-05
147 6.1564e-05
148 5.9367e-05
149 5.8947e-05
150 5.7722e-05
151 5.7701e-05
152 5.6872e-05
153 5.5766e-05
154 5.4864e-05
155 5.3806e-05
156 5.3163e-05
157 5.2036e-05
158 5.1372e-05
159 5.1201e-05
160 5.1123e-05
161 5.0632e-05
162 4.9483e-05
163 4.7993e-05
164 4.6882e-05
165 4.6099e-05
166 4.5603e-05
167 4.4805e-05
168 4.414e-05
169 4.3697e-05
170 4.314e-05
171 4.2303e-05
172 4.2289e-05
173 4.1912e-05
174 4.1294e-05
175 4.1284e-05
176 3.8867e-05
177 3.8772e-05
178 3.8137e-05
179 3.7444e-05
180 3.7085e-05
181 3.6805e-05
182 3.6191e-05
183 3.5375e-05
184 3.504e-05
185 3.4273e-05
186 3.3523e-05
187 3.3199e-05
188 3.2955e-05
189 3.2163e-05
190 3.1649e-05
191 3.1468e-05
192 3.1273e-05
193 3.0949e-05
194 3.0742e-05
195 3.0527e-05
196 2.9495e-05
197 2.946e-05
198 2.905e-05
199 2.8071e-05
200 2.8041e-05
201 2.712e-05
202 2.6899e-05
203 2.6383e-05
204 2.6357e-05
205 2.6225e-05
206 2.5469e-05
207 2.5188e-05
208 2.4484e-05
209 2.4166e-05
210 2.4017e-05
211 2.3935e-05
212 2.3555e-05
213 2.3124e-05
214 2.278e-05
215 2.2436e-05
216 2.2328e-05
217 2.1753e-05
218 2.1573e-05
219 2.1345e-05
220 2.1053e-05
221 2.0737e-05
222 2.0455e-05
223 2.044e-05
224 1.9687e-05
225 1.9668e-05
226 1.9583e-05
227 1.9397e-05
228 1.8749e-05
229 1.8708e-05
230 1.8391e-05
231 1.8041e-05
232 1.781e-05
233 1.7463e-05
234 1.7033e-05
235 1.6979e-05
236 1.6714e-05
237 1.6542e-05
238 1.6442e-05
239 1.6091e-05
240 1.5972e-05
241 1.5883e-05
242 1.5569e-05
243 1.5353e-05
244 1.483e-05
245 1.4768e-05
246 1.4702e-05
247 1.4438e-05
248 1.4323e-05
249 1.4188e-05
250 1.4022e-05
251 1.3781e-05
252 1.3384e-05
253 1.3095e-05
254 1.2994e-05
255 1.287e-05
256 1.2851e-05
257 1.2761e-05
258 1.2409e-05
259 1.2302e-05
260 1.2178e-05
261 1.1996e-05
262 1.1884e-05
263 1.1592e-05
264 1.1554e-05
265 1.1374e-05
266 1.1358e-05
267 1.0803e-05
268 1.0622e-05
269 1.0558e-05
270 1.0527e-05
271 1.0388e-05
272 1.0234e-05
273 9.9561e-06
274 9.9328e-06
275 9.7791e-06
276 9.6891e-06
277 9.3773e-06
278 9.3649e-06
279 9.2642e-06
280 9.2039e-06
281 9.1296e-06
282 9.1057e-06
283 8.8097e-06
284 8.7262e-06
285 8.6561e-06
286 8.474e-06
287 8.3984e-06
288 8.1602e-06
289 8.1238e-06
290 8.1014e-06
291 7.9251e-06
292 7.7847e-06
293 7.7154e-06
294 7.4679e-06
295 7.3702e-06
296 7.3627e-06
297 7.2071e-06
298 7.044e-06
299 6.9692e-06
300 6.9074e-06
301 6.8229e-06
302 6.8111e-06
303 6.6652e-06
304 6.5978e-06
305 6.4613e-06
306 6.4247e-06
307 6.3842e-06
308 6.2978e-06
309 6.2668e-06
310 6.1577e-06
311 6.1424e-06
312 6.0661e-06
313 5.985e-06
314 5.9002e-06
315 5.8074e-06
316 5.7672e-06
317 5.7422e-06
318 5.7087e-06
319 5.5564e-06
320 5.4916e-06
321 5.3796e-06
322 5.3021e-06
323 5.1702e-06
324 5.1578e-06
325 5.0136e-06
326 4.9646e-06
327 4.8382e-06
328 4.7992e-06
329 4.7814e-06
330 4.7011e-06
331 4.611e-06
332 4.5718e-06
333 4.4853e-06
334 4.4622e-06
335 4.4541e-06
336 4.413e-06
337 4.3022e-06
338 4.2713e-06
339 4.2139e-06
340 4.175e-06
341 4.0031e-06
342 3.9608e-06
343 3.9253e-06
344 3.845e-06
345 3.8382e-06
346 3.7738e-06
347 3.6596e-06
348 3.5952e-06
349 3.5529e-06
350 3.5156e-06
351 3.4857e-06
352 3.4439e-06
353 3.3718e-06
354 3.2775e-06
355 3.2656e-06
356 3.2491e-06
357 3.1833e-06
358 3.1728e-06
359 3.1483e-06
360 3.1369e-06
361 3.076e-06
362 3.0401e-06
363 3.0397e-06
364 2.9436e-06
365 2.9233e-06
366 2.8362e-06
367 2.8201e-06
368 2.7773e-06
369 2.721e-06
370 2.6783e-06
371 2.6335e-06
372 2.6185e-06
373 2.6095e-06
374 2.5583e-06
375 2.5241e-06
376 2.4517e-06
377 2.4383e-06
378 2.4377e-06
379 2.4105e-06
380 2.392e-06
381 2.3418e-06
382 2.3265e-06
383 2.3022e-06
384 2.2498e-06
385 2.2143e-06
386 2.2003e-06
387 2.1877e-06
388 2.0903e-06
389 2.0602e-06
390 2.0437e-06
391 2.0405e-06
392 1.9675e-06
393 1.9407e-06
394 1.9217e-06
395 1.9062e-06
396 1.8774e-06
397 1.867e-06
398 1.8427e-06
399 1.8236e-06
400 1.7895e-06
401 1.7754e-06
402 1.7654e-06
403 1.6877e-06
404 1.6847e-06
405 1.6844e-06
406 1.6467e-06
407 1.6395e-06
408 1.6065e-06
409 1.5897e-06
410 1.5727e-06
411 1.5405e-06
412 1.5318e-06
413 1.5151e-06
414 1.503e-06
415 1.476e-06
416 1.4728e-06
417 1.4559e-06
418 1.4341e-06
419 1.4187e-06
420 1.3881e-06
421 1.3753e-06
422 1.3639e-06
423 1.3127e-06
424 1.2894e-06
425 1.2799e-06
426 1.2643e-06
427 1.2384e-06
428 1.2147e-06
429 1.2081e-06
430 1.1825e-06
431 1.1763e-06
432 1.1613e-06
433 1.1538e-06
434 1.1252e-06
435 1.1075e-06
436 1.0995e-06
437 1.0981e-06
438 1.0912e-06
439 1.0793e-06
440 1.0592e-06
441 1.0376e-06
442 1.0373e-06
443 1.0119e-06
444 9.999e-07
445 9.8817e-07
446 9.7034e-07
447 9.6115e-07
448 9.4489e-07
449 9.2111e-07
450 8.935e-07
451 8.8614e-07
452 8.7544e-07
453 8.6927e-07
454 8.5922e-07
455 8.58e-07
456 8.471e-07
457 8.3372e-07
458 8.1834e-07
459 8.0647e-07
460 8.0505e-07
461 7.9704e-07
462 7.9041e-07
463 7.7587e-07
464 7.7582e-07
465 7.6735e-07
466 7.5594e-07
467 7.3897e-07
468 7.1533e-07
469 7.0739e-07
470 6.9543e-07
471 6.9146e-07
472 6.8966e-07
473 6.8032e-07
474 6.6053e-07
475 6.4927e-07
476 6.4865e-07
477 6.4709e-07
478 6.3058e-07
479 6.2684e-07
480 6.2261e-07
481 6.0669e-07
482 5.9831e-07
483 5.9504e-07
484 5.8865e-07
485 5.7822e-07
486 5.7593e-07
487 5.6675e-07
488 5.5879e-07
489 5.5185e-07
490 5.4264e-07
491 5.3983e-07
492 5.3242e-07
493 5.2742e-07
494 5.2474e-07
495 5.1907e-07
496 5.105e-07
497 5.0242e-07
498 4.9928e-07
499 4.9346e-07
500 4.8141e-07
501 4.7401e-07
502 4.7259e-07
503 4.6214e-07
504 4.6032e-07
505 4.5796e-07
506 4.5345e-07
507 4.4995e-07
508 4.4399e-07
509 4.4256e-07
510 4.2712e-07
511 4.2322e-07
512 4.1935e-07
513 4.1394e-07
514 4.0908e-07
515 4.0628e-07
516 3.9834e-07
517 3.8973e-07
518 3.8324e-07
519 3.8206e-07
520 3.7561e-07
521 3.7216e-07
522 3.6293e-07
523 3.5612e-07
524 3.4801e-07
525 3.4655e-07
526 3.4621e-07
527 3.4389e-07
528 3.4163e-07
529 3.3278e-07
530 3.2995e-07
531 3.2947e-07
532 3.271e-07
533 3.1877e-07
534 3.1526e-07
535 3.0672e-07
536 3.0562e-07
537 3.0281e-07
538 2.9894e-07
539 2.9731e-07
540 2.9518e-07
541 2.8905e-07
542 2.8489e-07
543 2.8275e-07
544 2.8116e-07
545 2.7486e-07
546 2.7458e-07
547 2.7178e-07
548 2.6585e-07
549 2.623e-07
550 2.5955e-07
551 2.5553e-07
552 2.5167e-07
553 2.4745e-07
554 2.4531e-07
555 2.4471e-07
556 2.3995e-07
557 2.3754e-07
558 2.3709e-07
559 2.3472e-07
560 2.2599e-07
561 2.243e-07
562 2.1992e-07
563 2.1809e-07
564 2.1631e-07
565 2.143e-07
566 2.1176e-07
567 2.0726e-07
568 2.0629e-07
569 2.0481e-07
570 2.0377e-07
571 1.977e-07
572 1.9633e-07
573 1.9344e-07
574 1.9176e-07
575 1.8915e-07
576 1.8695e-07
577 1.8492e-07
578 1.8364e-07
579 1.8178e-07
580 1.8149e-07
581 1.7923e-07
582 1.7259e-07
583 1.7071e-07
584 1.6751e-07
585 1.6612e-07
586 1.6244e-07
587 1.6114e-07
588 1.5885e-07
589 1.5727e-07
590 1.5131e-07
591 1.4878e-07
592 1.4756e-07
593 1.4365e-07
594 1.4208e-07
595 1.4104e-07
596 1.4055e-07
597 1.3861e-07
598 1.3632e-07
599 1.3488e-07
600 1.317e-07
601 1.2981e-07
602 1.2864e-07
603 1.2527e-07
604 1.2419e-07
605 1.2387e-07
606 1.2296e-07
607 1.2197e-07
608 1.2165e-07
609 1.1943e-07
610 1.1666e-07
611 1.1433e-07
612 1.1364e-07
613 1.1233e-07
614 1.0965e-07
615 1.0834e-07
616 1.0779e-07
617 1.0617e-07
618 1.046e-07
619 1.037e-07
620 1.0117e-07
621 9.9196e-08
622 9.7855e-08
623 9.7348e-08
624 9.7071e-08
625 9.4548e-08
626 9.3045e-08
627 9.2593e-08
628 9.21e-08
629 9.117e-08
630 8.902e-08
631 8.8195e-08
632 8.7598e-08
633 8.6699e-08
634 8.4983e-08
635 8.319e-08
636 8.2749e-08
637 8.2435e-08
638 8.1665e-08
639 7.9731e-08
640 7.7247e-08
641 7.6944e-08
642 7.5895e-08
643 7.5562e-08
644 7.3136e-08
645 7.233e-08
646 7.2114e-08
647 7.1399e-08
648 7.0884e-08
649 6.8779e-08
650 6.8114e-08
651 6.8068e-08
652 6.7263e-08
653 6.5867e-08
654 6.5435e-08
655 6.4146e-08
656 6.3792e-08
657 6.2524e-08
658 6.2208e-08
659 6.1149e-08
660 6.0974e-08
661 6.0764e-08
662 5.9731e-08
663 5.9188e-08
664 5.7483e-08
665 5.7115e-08
666 5.614e-08
667 5.5486e-08
668 5.4184e-08
669 5.3987e-08
670 5.3315e-08
671 5.1707e-08
672 5.0698e-08
673 5.0362e-08
674 4.9894e-08
675 4.9538e-08
676 4.7641e-08
677 4.7634e-08
678 4.756e-08
679 4.7011e-08
680 4.6261e-08
681 4.5477e-08
682 4.4999e-08
683 4.4959e-08
684 4.4045e-08
685 4.3523e-08
686 4.3063e-08
687 4.211e-08
688 4.1631e-08
689 4.0745e-08
690 3.9912e-08
691 3.9275e-08
692 3.8871e-08
693 3.8494e-08
694 3.8298e-08
695 3.7354e-08
696 3.6258e-08
697 3.6121e-08
698 3.5822e-08
699 3.5139e-08
700 3.4259e-08
701 3.3467e-08
702 3.3341e-08
703 3.3005e-08
704 3.1967e-08
705 3.1675e-08
706 3.1171e-08
707 3.0916e-08
708 3.0519e-08
709 2.9811e-08
710 2.9802e-08
711 2.9491e-08
712 2.938e-08
713 2.8719e-08
714 2.8687e-08
715 2.7658e-08
716 2.744e-08
717 2.7217e-08
718 2.6843e-08
719 2.6309e-08
720 2.6005e-08
721 2.5795e-08
722 2.5774e-08
723 2.5351e-08
724 2.5119e-08
725 2.4686e-08
726 2.4289e-08
727 2.4083e-08
728 2.3607e-08
729 2.3321e-08
730 2.3203e-08
731 2.2576e-08
732 2.2194e-08
733 2.215e-08
734 2.1939e-08
735 2.1526e-08
736 2.15e-08
737 2.1041e-08
738 2.0298e-08
739 2.0273e-08
740 2.012e-08
741 2.0023e-08
742 1.9819e-08
743 1.9435e-08
744 1.943e-08
745 1.9144e-08
746 1.8579e-08
747 1.8473e-08
748 1.8211e-08
749 1.7914e-08
750 1.744e-08
751 1.7341e-08
752 1.7167e-08
753 1.6887e-08
754 1.6304e-08
755 1.6287e-08
756 1.5983e-08
757 1.5654e-08
758 1.5486e-08
759 1.54e-08
760 1.5146e-08
761 1.4987e-08
762 1.4623e-08
763 1.4446e-08
764 1.4241e-08
765 1.4103e-08
766 1.3868e-08
767 1.37e-08
768 1.3576e-08
769 1.3333e-08
770 1.3183e-08
771 1.3174e-08
772 1.309e-08
773 1.2701e-08
774 1.2333e-08
775 1.2331e-08
776 1.216e-08
777 1.1907e-08
778 1.1732e-08
779 1.166e-08
780 1.154e-08
781 1.1363e-08
782 1.0977e-08
783 1.0964e-08
784 1.0924e-08
785 1.0907e-08
786 1.0733e-08
787 1.0207e-08
788 1.0184e-08
789 1.0156e-08
790 9.9622e-09
791 9.6889e-09
792 9.6871e-09
793 9.3202e-09
794 9.2432e-09
795 9.1108e-09
796 9.1075e-09
797 8.9828e-09
798 8.683e-09
799 8.5549e-09
800 8.4654e-09
801 8.2619e-09
802 8.1351e-09
803 8.03e-09
804 7.9434e-09
805 7.8842e-09
806 7.8628e-09
807 7.5951e-09
808 7.4586e-09
809 7.3562e-09
810 7.3541e-09
811 7.2462e-09
812 6.937e-09
813 6.8838e-09
814 6.817e-09
815 6.7427e-09
816 6.5663e-09
817 6.4765e-09
818 6.4708e-09
819 6.2462e-09
820 6.169e-09
821 6.0809e-09
822 6.0686e-09
823 6.0412e-09
824 5.948e-09
825 5.7713e-09
826 5.6792e-09
827 5.6564e-09
828 5.6192e-09
829 5.5316e-09
830 5.396e-09
831 5.2383e-09
832 5.2143e-09
833 5.1324e-09
834 5.099e-09
835 4.8832e-09
836 4.865e-09
837 4.7267e-09
838 4.6915e-09
839 4.542e-09
840 4.5172e-09
841 4.4049e-09
842 4.33e-09
843 4.2493e-09
844 4.2288e-09
845 4.1003e-09
846 4.0161e-09
847 3.9756e-09
848 3.9416e-09
849 3.8685e-09
850 3.7735e-09
851 3.6829e-09
852 3.6274e-09
853 3.6028e-09
854 3.436e-09
855 3.4192e-09
856 3.3443e-09
857 3.2613e-09
858 3.1694e-09
859 3.1257e-09
860 3.0865e-09
861 2.9502e-09
862 2.9251e-09
863 2.881e-09
864 2.8318e-09
865 2.7377e-09
866 2.6961e-09
867 2.6608e-09
868 2.6346e-09
869 2.5987e-09
870 2.5037e-09
871 2.4902e-09
872 2.4635e-09
873 2.4031e-09
874 2.3496e-09
875 2.2843e-09
876 2.2359e-09
877 2.2179e-09
878 2.1516e-09
879 2.1165e-09
880 2.095e-09
881 2.0387e-09
882 2.0005e-09
883 1.9752e-09
884 1.9501e-09
885 1.9146e-09
886 1.8434e-09
887 1.8066e-09
888 1.7961e-09
889 1.772e-09
890 1.7083e-09
891 1.6706e-09
892 1.6584e-09
893 1.6287e-09
894 1.5782e-09
895 1.5656e-09
896 1.5491e-09
897 1.5375e-09
898 1.5229e-09
899 1.4767e-09
900 1.4593e-09
901 1.4309e-09
902 1.4171e-09
903 1.3883e-09
904 1.3758e-09
905 1.3285e-09
906 1.3232e-09
907 1.3153e-09
908 1.2924e-09
909 1.281e-09
910 1.2301e-09
911 1.2253e-09
912 1.2028e-09
913 1.1894e-09
914 1.1699e-09
915 1.1467e-09
916 1.1419e-09
917 1.1185e-09
918 1.104e-09
919 1.0883e-09
920 1.0788e-09
921 1.071e-09
922 1.06e-09
923 1.0506e-09
924 1.0177e-09
925 1.0103e-09
926 9.8883e-10
927 9.7423e-10
928 9.5729e-10
929 9.5271e-10
930 9.2392e-10
931 9.1687e-10
932 9.0284e-10
933 8.8921e-10
934 8.8377e-10
935 8.7342e-10
936 8.4938e-10
937 8.4008e-10
938 8.3726e-10
939 8.23e-10
940 8.1933e-10
941 8.0546e-10
942 7.9898e-10
943 7.9181e-10
944 7.7634e-10
945 7.6495e-10
946 7.628e-10
947 7.5604e-10
948 7.463e-10
949 7.3667e-10
950 7.2774e-10
951 7.1675e-10
952 7.1295e-10
953 7.0083e-10
954 6.8851e-10
955 6.8718e-10
956 6.7317e-10
957 6.5654e-10
958 6.5175e-10
959 6.4968e-10
960 6.4888e-10
961 6.2509e-10
962 6.19e-10
963 6.1083e-10
964 6.0672e-10
965 5.9653e-10
966 5.9199e-10
967 5.7757e-10
968 5.7343e-10
969 5.6752e-10
970 5.6246e-10
971 5.5766e-10
972 5.5357e-10
973 5.4731e-10
974 5.3192e-10
975 5.2922e-10
976 5.2524e-10
977 5.2225e-10
978 5.2026e-10
979 5.0303e-10
980 4.9831e-10
981 4.9209e-10
982 4.8633e-10
983 4.826e-10
984 4.7533e-10
985 4.6847e-10
986 4.63e-10
987 4.5764e-10
988 4.532e-10
989 4.4676e-10
990 4.3945e-10
991 4.349e-10
992 4.2545e-10
993 4.2189e-10
994 4.2146e-10
995 4.1284e-10
996 4.0876e-10
997 4.0062e-10
998 3.9889e-10
999 3.9675e-10
1000 3.8774e-10
1001 3.8723e-10
1002 3.86e-10
1003 3.8215e-10
1004 3.7305e-10
1005 3.6984e-10
1006 3.6815e-10
1007 3.6542e-10
1008 3.6178e-10
1009 3.5402e-10
1010 3.5022e-10
1011 3.4779e-10
1012 3.4202e-10
1013 3.4174e-10
1014 3.3652e-10
1015 3.3001e-10
1016 3.2797e-10
1017 3.2677e-10
1018 3.2395e-10
1019 3.204e-10
1020 3.1651e-10
1021 3.1326e-10
1022 3.0914e-10
1023 3.0599e-10
1024 3.0082e-10
1025 2.9839e-10
1026 2.919e-10
1027 2.8993e-10
1028 2.8919e-10
1029 2.8799e-10
1030 2.8365e-10
1031 2.7926e-10
1032 2.7706e-10
1033 2.7563e-10
1034 2.7085e-10
1035 2.6632e-10
1036 2.6323e-10
1037 2.6208e-10
1038 2.59e-10
1039 2.5589e-10
1040 2.5436e-10
1041 2.5223e-10
1042 2.4629e-10
1043 2.4537e-10
1044 2.4203e-10
1045 2.3825e-10
1046 2.3503e-10
1047 2.3216e-10
1048 2.3164e-10
1049 2.3125e-10
1050 2.2763e-10
1051 2.2529e-10
1052 2.2342e-10
1053 2.1982e-10
1054 2.1788e-10
1055 2.1746e-10
1056 2.1339e-10
1057 2.1239e-10
1058 2.0585e-10
1059 2.0419e-10
1060 2.0224e-10
1061 2.0017e-10
1062 1.9627e-10
1063 1.9478e-10
1064 1.9465e-10
1065 1.9216e-10
1066 1.9111e-10
1067 1.8836e-10
1068 1.8724e-10
1069 1.8582e-10
1070 1.8511e-10
1071 1.8396e-10
1072 1.8253e-10
1073 1.8009e-10
1074 1.7971e-10
1075 1.7863e-10
1076 1.764e-10
1077 1.7231e-10
1078 1.7135e-10
1079 1.701e-10
1080 1.6645e-10
1081 1.6557e-10
1082 1.6314e-10
1083 1.6069e-10
1084 1.5997e-10
1085 1.584e-10
1086 1.5761e-10
1087 1.5448e-10
1088 1.5402e-10
1089 1.5277e-10
1090 1.5134e-10
1091 1.5086e-10
1092 1.4986e-10
1093 1.4725e-10
1094 1.4608e-10
1095 1.4456e-10
1096 1.4382e-10
1097 1.4239e-10
1098 1.4035e-10
1099 1.397e-10
1100 1.3926e-10
1101 1.3801e-10
1102 1.369e-10
1103 1.3582e-10
1104 1.339e-10
1105 1.3247e-10
1106 1.3201e-10
1107 1.3125e-10
1108 1.3059e-10
1109 1.2743e-10
1110 1.2664e-10
1111 1.2616e-10
1112 1.2494e-10
1113 1.2369e-10
1114 1.2343e-10
1115 1.227e-10
1116 1.2085e-10
1117 1.1937e-10
1118 1.1903e-10
1119 1.1795e-10
1120 1.1767e-10
1121 1.1676e-10
1122 1.1486e-10
1123 1.1457e-10
1124 1.1345e-10
1125 1.1313e-10
1126 1.1234e-10
1127 1.1136e-10
1128 1.0999e-10
1129 1.0877e-10
1130 1.0787e-10
1131 1.0755e-10
1132 1.0593e-10
1133 1.0528e-10
1134 1.0468e-10
1135 1.0363e-10
1136 1.0295e-10
1137 1.0193e-10
1138 1.0119e-10
1139 1e-10
1140 9.9639e-11
1141 9.941e-11
1142 9.8382e-11
1143 9.7737e-11
1144 9.6958e-11
1145 9.6731e-11
1146 9.568e-11
1147 9.5428e-11
1148 9.4252e-11
1149 9.4045e-11
1150 9.3151e-11
1151 9.29e-11
1152 9.1748e-11
1153 9.1036e-11
1154 9.0702e-11
1155 8.9704e-11
1156 8.94e-11
1157 8.8162e-11
1158 8.7944e-11
1159 8.625e-11
1160 8.5715e-11
1161 8.5312e-11
1162 8.4633e-11
1163 8.4121e-11
1164 8.401e-11
1165 8.3302e-11
1166 8.2465e-11
1167 8.2006e-11
1168 8.1225e-11
1169 8.0576e-11
1170 8.0334e-11
1171 8.0016e-11
1172 7.8941e-11
1173 7.7503e-11
1174 7.7281e-11
1175 7.6888e-11
1176 7.653e-11
1177 7.5979e-11
1178 7.5629e-11
1179 7.4985e-11
1180 7.4658e-11
1181 7.3839e-11
1182 7.3109e-11
1183 7.2815e-11
1184 7.2663e-11
1185 7.1913e-11
1186 7.1009e-11
1187 6.9966e-11
1188 6.9872e-11
1189 6.9506e-11
1190 6.8664e-11
1191 6.845e-11
1192 6.8123e-11
1193 6.7824e-11
1194 6.6916e-11
1195 6.6213e-11
1196 6.5861e-11
1197 6.5688e-11
1198 6.532e-11
1199 6.4618e-11
1200 6.4131e-11
1201 6.3762e-11
1202 6.2864e-11
1203 6.2636e-11
1204 6.2228e-11
1205 6.1749e-11
1206 6.1118e-11
1207 6.0884e-11
1208 6.071e-11
1209 6.0627e-11
1210 5.9903e-11
1211 5.9715e-11
1212 5.9129e-11
1213 5.9038e-11
1214 5.8445e-11
1215 5.8222e-11
1216 5.7565e-11
1217 5.7276e-11
1218 5.7144e-11
1219 5.6799e-11
1220 5.6498e-11
1221 5.5912e-11
1222 5.5591e-11
1223 5.5324e-11
1224 5.4789e-11
1225 5.4679e-11
1226 5.4412e-11
1227 5.3521e-11
1228 5.3448e-11
1229 5.3177e-11
1230 5.2911e-11
1231 5.273e-11
1232 5.2258e-11
1233 5.2059e-11
1234 5.2024e-11
1235 5.157e-11
1236 5.1228e-11
1237 5.1038e-11
1238 5.0696e-11
1239 5.049e-11
1240 5.0329e-11
1241 4.9806e-11
1242 4.9639e-11
1243 4.933e-11
1244 4.8951e-11
1245 4.8855e-11
1246 4.8642e-11
1247 4.8134e-11
1248 4.7491e-11
1249 4.7369e-11
1250 4.7162e-11
1251 4.7144e-11
1252 4.7023e-11
1253 4.6606e-11
1254 4.6291e-11
1255 4.6086e-11
1256 4.5942e-11
1257 4.578e-11
1258 4.564e-11
1259 4.5174e-11
1260 4.4848e-11
1261 4.473e-11
1262 4.4499e-11
1263 4.4438e-11
1264 4.4074e-11
1265 4.3988e-11
1266 4.3347e-11
1267 4.2965e-11
1268 4.2688e-11
1269 4.2621e-11
1270 4.2379e-11
1271 4.2156e-11
1272 4.1811e-11
1273 4.1496e-11
1274 4.145e-11
1275 4.1245e-11
1276 4.1018e-11
1277 4.068e-11
1278 4.0567e-11
1279 4.0333e-11
1280 3.9949e-11
1281 3.972e-11
1282 3.9479e-11
1283 3.928e-11
1284 3.916e-11
1285 3.8798e-11
1286 3.8478e-11
1287 3.8261e-11
1288 3.8044e-11
1289 3.7842e-11
1290 3.7698e-11
1291 3.7394e-11
1292 3.725e-11
1293 3.694e-11
1294 3.6709e-11
1295 3.6642e-11
1296 3.6468e-11
1297 3.6348e-11
1298 3.6164e-11
1299 3.6028e-11
1300 3.5815e-11
1301 3.54e-11
1302 3.5331e-11
1303 3.5158e-11
1304 3.5037e-11
1305 3.4799e-11
1306 3.4651e-11
1307 3.4523e-11
1308 3.4288e-11
1309 3.4009e-11
1310 3.3785e-11
1311 3.3555e-11
1312 3.3453e-11
1313 3.3396e-11
1314 3.3148e-11
1315 3.279e-11
1316 3.2738e-11
1317 3.2681e-11
1318 3.2444e-11
1319 3.2217e-11
1320 3.2134e-11
1321 3.1717e-11
1322 3.152e-11
1323 3.1512e-11
1324 3.1173e-11
1325 3.1136e-11
1326 3.1019e-11
1327 3.0801e-11
1328 3.0586e-11
1329 3.0528e-11
1330 3.0293e-11
1331 3.0039e-11
1332 2.9939e-11
1333 2.9757e-11
1334 2.9666e-11
1335 2.9498e-11
1336 2.9476e-11
1337 2.9282e-11
1338 2.9156e-11
1339 2.8994e-11
1340 2.8815e-11
1341 2.8665e-11
1342 2.8547e-11
1343 2.8316e-11
1344 2.8104e-11
1345 2.8049e-11
1346 2.795e-11
1347 2.7866e-11
1348 2.7652e-11
1349 2.7574e-11
1350 2.7506e-11
1351 2.732e-11
1352 2.728e-11
1353 2.7177e-11
1354 2.6796e-11
1355 2.6728e-11
1356 2.6398e-11
1357 2.6328e-11
1358 2.6288e-11
1359 2.6158e-11
1360 2.5974e-11
1361 2.5807e-11
1362 2.5747e-11
1363 2.552e-11
1364 2.5469e-11
1365 2.5347e-11
1366 2.5091e-11
1367 2.4965e-11
1368 2.4846e-11
1369 2.4728e-11
1370 2.4687e-11
1371 2.4458e-11
1372 2.4343e-11
1373 2.427e-11
1374 2.4144e-11
1375 2.3985e-11
1376 2.3896e-11
1377 2.3681e-11
1378 2.3517e-11
1379 2.3436e-11
1380 2.3278e-11
1381 2.3147e-11
1382 2.3089e-11
1383 2.2971e-11
1384 2.2946e-11
1385 2.2836e-11
1386 2.2525e-11
1387 2.2454e-11
1388 2.2366e-11
1389 2.2119e-11
1390 2.2044e-11
1391 2.1987e-11
1392 2.19e-11
1393 2.1683e-11
1394 2.1667e-11
1395 2.1535e-11
1396 2.1471e-11
1397 2.1386e-11
1398 2.1257e-11
1399 2.1158e-11
1400 2.1039e-11
1401 2.0899e-11
1402 2.0813e-11
1403 2.0606e-11
1404 2.0483e-11
1405 2.0433e-11
1406 2.0391e-11
1407 2.0264e-11
1408 2.0089e-11
1409 2.0022e-11
1410 1.9923e-11
1411 1.9853e-11
1412 1.9753e-11
1413 1.9736e-11
1414 1.9684e-11
1415 1.9439e-11
1416 1.9364e-11
1417 1.9303e-11
1418 1.9219e-11
1419 1.9208e-11
1420 1.9172e-11
1421 1.8962e-11
1422 1.8885e-11
1423 1.8744e-11
1424 1.8693e-11
1425 1.8599e-11
1426 1.8515e-11
1427 1.8379e-11
1428 1.8363e-11
1429 1.8319e-11
1430 1.8216e-11
1431 1.813e-11
1432 1.8053e-11
1433 1.7981e-11
1434 1.7823e-11
1435 1.7781e-11
1436 1.7685e-11
1437 1.7429e-11
1438 1.7411e-11
1439 1.7305e-11
1440 1.7281e-11
1441 1.7255e-11
1442 1.725e-11
1443 1.7062e-11
1444 1.697e-11
1445 1.6905e-11
1446 1.6876e-11
1447 1.6819e-11
1448 1.6694e-11
1449 1.6646e-11
1450 1.6473e-11
1451 1.6441e-11
1452 1.637e-11
1453 1.6343e-11
1454 1.6309e-11
1455 1.6232e-11
1456 1.6141e-11
1457 1.6029e-11
1458 1.5998e-11
1459 1.5911e-11
1460 1.5864e-11
1461 1.5734e-11
1462 1.562e-11
1463 1.5528e-11
1464 1.5515e-11
1465 1.548e-11
1466 1.5383e-11
1467 1.5329e-11
1468 1.5213e-11
1469 1.5158e-11
1470 1.5081e-11
1471 1.5034e-11
1472 1.5003e-11
1473 1.4947e-11
1474 1.4871e-11
1475 1.4827e-11
1476 1.475e-11
1477 1.4728e-11
1478 1.4663e-11
1479 1.4586e-11
1480 1.4498e-11
1481 1.4443e-11
1482 1.4428e-11
1483 1.4379e-11
1484 1.4266e-11
1485 1.4219e-11
1486 1.4142e-11
1487 1.4105e-11
1488 1.4077e-11
1489 1.3928e-11
1490 1.3783e-11
1491 1.3766e-11
1492 1.3672e-11
1493 1.3664e-11
1494 1.3609e-11
1495 1.3594e-11
1496 1.35e-11
1497 1.3456e-11
1498 1.3416e-11
1499 1.334e-11
1500 1.3288e-11
1501 1.3212e-11
1502 1.3181e-11
1503 1.3109e-11
1504 1.3029e-11
1505 1.2926e-11
1506 1.2869e-11
1507 1.2791e-11
1508 1.276e-11
1509 1.2694e-11
1510 1.2676e-11
1511 1.2658e-11
1512 1.2571e-11
1513 1.2508e-11
1514 1.2487e-11
1515 1.2359e-11
1516 1.2343e-11
1517 1.2279e-11
1518 1.2258e-11
1519 1.2203e-11
1520 1.2117e-11
1521 1.2088e-11
1522 1.2044e-11
1523 1.1999e-11
1524 1.1976e-11
1525 1.1899e-11
1526 1.1875e-11
1527 1.1867e-11
1528 1.1752e-11
1529 1.1725e-11
1530 1.1631e-11
1531 1.1592e-11
1532 1.1559e-11
1533 1.1551e-11
1534 1.1493e-11
1535 1.1421e-11
1536 1.1355e-11
1537 1.13e-11
1538 1.1207e-11
1539 1.1147e-11
1540 1.1092e-11
1541 1.1058e-11
1542 1.1018e-11
1543 1.0964e-11
1544 1.0956e-11
1545 1.0869e-11
1546 1.0803e-11
1547 1.0772e-11
1548 1.0736e-11
1549 1.07e-11
1550 1.0683e-11
1551 1.0657e-11
1552 1.0571e-11
1553 1.0506e-11
1554 1.0476e-11
1555 1.0452e-11
1556 1.0449e-11
1557 1.0354e-11
1558 1.0331e-11
1559 1.0302e-11
1560 1.0235e-11
1561 1.0197e-11
1562 1.0171e-11
1563 1.0111e-11
1564 1.004e-11
1565 1.0016e-11
1566 9.9856e-12
1567 9.9788e-12
1568 9.9545e-12
1569 9.9191e-12
1570 9.8745e-12
1571 9.7731e-12
1572 9.7069e-12
1573 9.6508e-12
1574 9.6304e-12
1575 9.6044e-12
1576 9.5747e-12
1577 9.5435e-12
1578 9.473e-12
1579 9.4535e-12
1580 9.3958e-12
1581 9.3816e-12
1582 9.3273e-12
1583 9.2947e-12
1584 9.2591e-12
1585 9.2447e-12
1586 9.2262e-12
1587 9.1931e-12
1588 9.1628e-12
1589 9.1329e-12
1590 9.0859e-12
1591 9.015e-12
1592 8.97e-12
1593 8.8889e-12
1594 8.886e-12
1595 8.8766e-12
1596 8.8436e-12
1597 8.7765e-12
1598 8.7356e-12
1599 8.7215e-12
1600 8.7077e-12
1601 8.6611e-12
1602 8.6144e-12
1603 8.5549e-12
1604 8.5449e-12
1605 8.5315e-12
1606 8.5082e-12
1607 8.4932e-12
1608 8.463e-12
1609 8.4447e-12
1610 8.4007e-12
1611 8.3888e-12
1612 8.3505e-12
1613 8.3096e-12
1614 8.2577e-12
1615 8.2504e-12
1616 8.2315e-12
1617 8.1628e-12
1618 8.1387e-12
1619 8.0878e-12
1620 8.0672e-12
1621 8.0486e-12
1622 7.9975e-12
1623 7.9508e-12
1624 7.9087e-12
1625 7.8898e-12
1626 7.8784e-12
1627 7.8521e-12
1628 7.8466e-12
1629 7.8119e-12
1630 7.8016e-12
1631 7.7852e-12
1632 7.74e-12
1633 7.6976e-12
1634 7.6846e-12
1635 7.6518e-12
1636 7.6161e-12
1637 7.6002e-12
1638 7.5734e-12
1639 7.5422e-12
1640 7.5399e-12
1641 7.5117e-12
1642 7.472e-12
1643 7.4472e-12
1644 7.4247e-12
1645 7.4033e-12
1646 7.35e-12
1647 7.3367e-12
1648 7.3289e-12
1649 7.3005e-12
1650 7.2792e-12
1651 7.2528e-12
1652 7.2334e-12
1653 7.2211e-12
1654 7.1629e-12
1655 7.1433e-12
1656 7.1382e-12
1657 7.0935e-12
1658 7.0802e-12
1659 7.0633e-12
1660 7.0196e-12
1661 6.9909e-12
1662 6.9724e-12
1663 6.9538e-12
1664 6.9405e-12
1665 6.9207e-12
1666 6.8975e-12
1667 6.8727e-12
1668 6.8537e-12
1669 6.8063e-12
1670 6.7768e-12
1671 6.759e-12
1672 6.7567e-12
1673 6.7083e-12
1674 6.681e-12
1675 6.6721e-12
1676 6.6333e-12
1677 6.6274e-12
1678 6.6226e-12
1679 6.5723e-12
1680 6.5401e-12
1681 6.5359e-12
1682 6.532e-12
1683 6.4814e-12
1684 6.4701e-12
1685 6.4467e-12
1686 6.4397e-12
1687 6.4056e-12
1688 6.3982e-12
1689 6.3717e-12
1690 6.3553e-12
1691 6.3258e-12
1692 6.2875e-12
1693 6.2791e-12
1694 6.2654e-12
1695 6.2582e-12
1696 6.2423e-12
1697 6.2374e-12
1698 6.2078e-12
1699 6.186e-12
1700 6.1674e-12
1701 6.1525e-12
1702 6.1323e-12
1703 6.1208e-12
1704 6.0778e-12
1705 6.0691e-12
1706 6.0484e-12
1707 6.0449e-12
1708 6.0359e-12
1709 5.9772e-12
1710 5.9693e-12
1711 5.9377e-12
1712 5.9225e-12
1713 5.9105e-12
1714 5.883e-12
1715 5.8443e-12
1716 5.8377e-12
1717 5.8299e-12
1718 5.8084e-12
1719 5.7815e-12
1720 5.7588e-12
1721 5.7403e-12
1722 5.7097e-12
1723 5.6922e-12
1724 5.6724e-12
1725 5.6639e-12
1726 5.656e-12
1727 5.6284e-12
1728 5.6163e-12
1729 5.5838e-12
1730 5.5649e-12
1731 5.537e-12
1732 5.5264e-12
1733 5.5035e-12
1734 5.4648e-12
1735 5.4611e-12
1736 5.451e-12
1737 5.4282e-12
1738 5.4229e-12
1739 5.3903e-12
1740 5.3475e-12
1741 5.3357e-12
1742 5.3228e-12
1743 5.3007e-12
1744 5.2942e-12
1745 5.2598e-12
1746 5.2536e-12
1747 5.2195e-12
1748 5.2057e-12
1749 5.1942e-12
1750 5.1829e-12
1751 5.1768e-12
1752 5.1635e-12
1753 5.1493e-12
1754 5.1314e-12
1755 5.1286e-12
1756 5.1053e-12
1757 5.0789e-12
1758 5.0727e-12
1759 5.0664e-12
1760 5.0435e-12
1761 5.0207e-12
1762 5.0103e-12
1763 4.9888e-12
1764 4.9823e-12
1765 4.9586e-12
1766 4.9421e-12
1767 4.9354e-12
1768 4.8905e-12
1769 4.8846e-12
1770 4.8722e-12
1771 4.8594e-12
1772 4.8368e-12
1773 4.8182e-12
1774 4.7961e-12
1775 4.7599e-12
1776 4.7453e-12
1777 4.7301e-12
1778 4.7261e-12
1779 4.7032e-12
1780 4.6944e-12
1781 4.6755e-12
1782 4.6514e-12
1783 4.6482e-12
1784 4.6369e-12
1785 4.6023e-12
1786 4.5899e-12
1787 4.5798e-12
1788 4.5753e-12
1789 4.5654e-12
1790 4.5546e-12
1791 4.5456e-12
1792 4.4945e-12
1793 4.4874e-12
1794 4.4731e-12
1795 4.449e-12
1796 4.4404e-12
1797 4.4373e-12
1798 4.4105e-12
1799 4.4048e-12
1800 4.3713e-12
1801 4.3667e-12
1802 4.345e-12
1803 4.3206e-12
1804 4.2954e-12
1805 4.2925e-12
1806 4.2662e-12
1807 4.2529e-12
1808 4.246e-12
1809 4.2279e-12
1810 4.2026e-12
1811 4.1957e-12
1812 4.1771e-12
1813 4.1727e-12
1814 4.1622e-12
1815 4.154e-12
1816 4.1444e-12
1817 4.1262e-12
1818 4.1064e-12
1819 4.0995e-12
1820 4.0814e-12
1821 4.0777e-12
1822 4.0543e-12
1823 4.0261e-12
1824 4.019e-12
1825 4.0089e-12
1826 4.0019e-12
1827 3.9945e-12
1828 3.9588e-12
1829 3.936e-12
1830 3.9308e-12
1831 3.9244e-12
1832 3.9081e-12
1833 3.8977e-12
1834 3.8726e-12
1835 3.8499e-12
1836 3.8368e-12
1837 3.8297e-12
1838 3.8223e-12
1839 3.8066e-12
1840 3.7964e-12
1841 3.7868e-12
1842 3.7787e-12
1843 3.7687e-12
1844 3.7466e-12
1845 3.7323e-12
1846 3.7235e-12
1847 3.7132e-12
1848 3.7099e-12
1849 3.6847e-12
1850 3.6604e-12
1851 3.6591e-12
1852 3.6427e-12
1853 3.627e-12
1854 3.6195e-12
1855 3.6035e-12
1856 3.5801e-12
1857 3.5753e-12
1858 3.5627e-12
1859 3.5514e-12
1860 3.5439e-12
1861 3.5253e-12
1862 3.5118e-12
1863 3.5073e-12
1864 3.4981e-12
1865 3.4898e-12
1866 3.4814e-12
1867 3.4782e-12
1868 3.4558e-12
1869 3.4517e-12
1870 3.4444e-12
1871 3.4298e-12
1872 3.42e-12
1873 3.4069e-12
1874 3.4001e-12
1875 3.3752e-12
1876 3.3586e-12
1877 3.351e-12
1878 3.3295e-12
1879 3.3131e-12
1880 3.3009e-12
1881 3.2988e-12
1882 3.2943e-12
1883 3.2828e-12
1884 3.28e-12
1885 3.2632e-12
1886 3.2539e-12
1887 3.2347e-12
1888 3.2281e-12
1889 3.2163e-12
1890 3.204e-12
1891 3.1953e-12
1892 3.1921e-12
1893 3.1785e-12
1894 3.1601e-12
1895 3.1575e-12
1896 3.1432e-12
1897 3.1318e-12
1898 3.1284e-12
1899 3.1135e-12
1900 3.1107e-12
1901 3.0984e-12
1902 3.09e-12
1903 3.0829e-12
1904 3.0666e-12
1905 3.0604e-12
1906 3.0522e-12
1907 3.0412e-12
1908 3.0386e-12
1909 3.0326e-12
1910 3.0282e-12
1911 3.003e-12
1912 2.9936e-12
1913 2.982e-12
1914 2.972e-12
1915 2.9622e-12
1916 2.9563e-12
1917 2.9311e-12
1918 2.9232e-12
1919 2.9038e-12
1920 2.8996e-12
1921 2.8982e-12
1922 2.8927e-12
1923 2.8724e-12
1924 2.8672e-12
1925 2.8539e-12
1926 2.8519e-12
1927 2.8417e-12
1928 2.8236e-12
1929 2.8148e-12
1930 2.8085e-12
1931 2.7859e-12
1932 2.7798e-12
1933 2.7674e-12
1934 2.7662e-12
1935 2.757e-12
1936 2.7514e-12
1937 2.7452e-12
1938 2.7289e-12
1939 2.7249e-12
1940 2.7091e-12
1941 2.7036e-12
1942 2.6941e-12
1943 2.6786e-12
1944 2.6703e-12
1945 2.6692e-12
1946 2.6614e-12
1947 2.6526e-12
1948 2.6464e-12
1949 2.6392e-12
1950 2.6282e-12
1951 2.6277e-12
1952 2.6151e-12
1953 2.611e-12
1954 2.6063e-12
1955 2.5787e-12
1956 2.5718e-12
1957 2.5657e-12
1958 2.5641e-12
1959 2.5576e-12
1960 2.5468e-12
1961 2.539e-12
1962 2.5336e-12
1963 2.5279e-12
1964 2.5156e-12
1965 2.5048e-12
1966 2.5021e-12
1967 2.4977e-12
1968 2.4882e-12
1969 2.4816e-12
1970 2.4758e-12
1971 2.4755e-12
1972 2.4682e-12
1973 2.4561e-12
1974 2.4488e-12
1975 2.4364e-12
1976 2.4346e-12
1977 2.4304e-12
1978 2.4192e-12
1979 2.4108e-12
1980 2.4009e-12
1981 2.3899e-12
1982 2.3827e-12
1983 2.3754e-12
1984 2.3707e-12
1985 2.3623e-12
1986 2.3595e-12
1987 2.3544e-12
1988 2.3434e-12
1989 2.3409e-12
1990 2.3288e-12
1991 2.3231e-12
1992 2.3183e-12
1993 2.3127e-12
1994 2.3085e-12
1995 2.2883e-12
1996 2.2845e-12
1997 2.2803e-12
1998 2.2683e-12
1999 2.2644e-12
2000 2.2577e-12
2001 2.2539e-12
2002 2.2475e-12
2003 2.2438e-12
2004 2.2401e-12
2005 2.2344e-12
2006 2.2204e-12
2007 2.215e-12
2008 2.213e-12
2009 2.2028e-12
2010 2.1814e-12
2011 2.1771e-12
2012 2.1696e-12
2013 2.1612e-12
2014 2.159e-12
2015 2.1473e-12
2016 2.1417e-12
2017 2.1377e-12
2018 2.1337e-12
2019 2.1327e-12
2020 2.1191e-12
2021 2.1097e-12
2022 2.1083e-12
2023 2.1018e-12
2024 2.0946e-12
2025 2.0917e-12
2026 2.0859e-12
2027 2.0759e-12
2028 2.0704e-12
2029 2.0661e-12
2030 2.0601e-12
2031 2.0537e-12
2032 2.04e-12
2033 2.0352e-12
2034 2.0266e-12
2035 2.0184e-12
2036 2.0144e-12
2037 2.0074e-12
2038 1.9993e-12
2039 1.9985e-12
2040 1.9925e-12
2041 1.985e-12
2042 1.9841e-12
2043 1.975e-12
2044 1.9654e-12
2045 1.9618e-12
2046 1.9579e-12
2047 1.9478e-12
2048 1.9424e-12
2049 1.9353e-12
2050 1.929e-12
2051 1.9189e-12
2052 1.9141e-12
2053 1.9024e-12
2054 1.9002e-12
2055 1.8913e-12
2056 1.8841e-12
2057 1.8827e-12
2058 1.8704e-12
2059 1.8626e-12
2060 1.8559e-12
2061 1.8511e-12
2062 1.8393e-12
2063 1.8375e-12
2064 1.8297e-12
2065 1.8206e-12
2066 1.8153e-12
2067 1.8139e-12
2068 1.8033e-12
2069 1.8015e-12
2070 1.7935e-12
2071 1.7923e-12
2072 1.7899e-12
2073 1.7807e-12
2074 1.7744e-12
2075 1.7718e-12
2076 1.7627e-12
2077 1.7587e-12
2078 1.7549e-12
2079 1.7501e-12
2080 1.7379e-12
2081 1.7361e-12
2082 1.7354e-12
2083 1.7339e-12
2084 1.7285e-12
2085 1.7213e-12
2086 1.7167e-12
2087 1.7067e-12
2088 1.7002e-12
2089 1.6992e-12
2090 1.6946e-12
2091 1.6884e-12
2092 1.6852e-12
2093 1.6759e-12
2094 1.672e-12
2095 1.661e-12
2096 1.6588e-12
2097 1.6565e-12
2098 1.6508e-12
2099 1.6491e-12
2100 1.639e-12
2101 1.6277e-12
2102 1.6267e-12
2103 1.618e-12
2104 1.6151e-12
2105 1.6075e-12
2106 1.6054e-12
2107 1.6007e-12
2108 1.5919e-12
2109 1.5867e-12
2110 1.5824e-12
2111 1.5775e-12
2112 1.5755e-12
2113 1.5707e-12
2114 1.5568e-12
2115 1.5521e-12
2116 1.5456e-12
2117 1.5381e-12
2118 1.5351e-12
2119 1.535e-12
2120 1.5331e-12
2121 1.5226e-12
2122 1.5185e-12
2123 1.5148e-12
2124 1.5133e-12
2125 1.5103e-12
2126 1.5061e-12
2127 1.5019e-12
2128 1.4989e-12
2129 1.4941e-12
2130 1.4871e-12
2131 1.4811e-12
2132 1.4741e-12
2133 1.4714e-12
2134 1.4668e-12
2135 1.4596e-12
2136 1.4499e-12
2137 1.4477e-12
2138 1.4458e-12
2139 1.4422e-12
2140 1.4375e-12
2141 1.4315e-12
2142 1.4295e-12
2143 1.4232e-12
2144 1.4187e-12
2145 1.4138e-12
2146 1.4081e-12
2147 1.4065e-12
2148 1.398e-12
2149 1.3927e-12
2150 1.3861e-12
2151 1.3819e-12
2152 1.3787e-12
2153 1.3761e-12
2154 1.371e-12
2155 1.3692e-12
2156 1.3621e-12
2157 1.3569e-12
2158 1.3542e-12
2159 1.3527e-12
2160 1.3505e-12
2161 1.3421e-12
2162 1.3407e-12
2163 1.3382e-12
2164 1.3313e-12
2165 1.329e-12
2166 1.3248e-12
2167 1.3209e-12
2168 1.3156e-12
2169 1.3103e-12
2170 1.3044e-12
2171 1.3001e-12
2172 1.2971e-12
2173 1.2936e-12
2174 1.2901e-12
2175 1.2866e-12
2176 1.2836e-12
2177 1.2712e-12
2178 1.2699e-12
2179 1.2681e-12
2180 1.2661e-12
2181 1.2615e-12
2182 1.2555e-12
2183 1.2549e-12
2184 1.2486e-12
2185 1.2441e-12
2186 1.2429e-12
2187 1.2384e-12
2188 1.2344e-12
2189 1.2297e-12
2190 1.2271e-12
2191 1.2256e-12
2192 1.2242e-12
2193 1.2204e-12
2194 1.2132e-12
2195 1.2102e-12
2196 1.2015e-12
2197 1.1987e-12
2198 1.1974e-12
2199 1.1924e-12
2200 1.1847e-12
2201 1.1834e-12
2202 1.1783e-12
2203 1.1736e-12
2204 1.1704e-12
2205 1.1687e-12
2206 1.1662e-12
2207 1.1537e-12
2208 1.15e-12
2209 1.1489e-12
2210 1.142e-12
2211 1.1409e-12
2212 1.1373e-12
2213 1.1364e-12
2214 1.1323e-12
2215 1.1321e-12
2216 1.1288e-12
2217 1.1258e-12
2218 1.1207e-12
2219 1.1179e-12
2220 1.1152e-12
2221 1.1143e-12
2222 1.1055e-12
2223 1.1017e-12
2224 1.1007e-12
2225 1.0969e-12
2226 1.0947e-12
2227 1.0894e-12
2228 1.0832e-12
2229 1.0775e-12
2230 1.0745e-12
2231 1.072e-12
2232 1.0712e-12
2233 1.0655e-12
2234 1.0627e-12
2235 1.0605e-12
2236 1.0567e-12
2237 1.0495e-12
2238 1.0459e-12
2239 1.0417e-12
2240 1.0413e-12
2241 1.0388e-12
2242 1.0342e-12
2243 1.0309e-12
2244 1.029e-12
2245 1.025e-12
2246 1.0181e-12
2247 1.0176e-12
2248 1.0125e-12
2249 1.008e-12
2250 1.0035e-12
2251 9.9822e-13
2252 9.9651e-13
2253 9.9472e-13
2254 9.9101e-13
2255 9.8688e-13
2256 9.7905e-13
2257 9.7716e-13
2258 9.7452e-13
2259 9.7065e-13
2260 9.6835e-13
2261 9.6663e-13
2262 9.6403e-13
2263 9.6226e-13
2264 9.5684e-13
2265 9.5163e-13
2266 9.4804e-13
2267 9.451e-13
2268 9.4326e-13
2269 9.4038e-13
2270 9.3898e-13
2271 9.3575e-13
2272 9.3073e-13
2273 9.2835e-13
2274 9.2255e-13
2275 9.1739e-13
2276 9.1571e-13
2277 9.1096e-13
2278 9.0942e-13
2279 9.078e-13
2280 9.0145e-13
2281 9.0022e-13
2282 8.9871e-13
2283 8.9666e-13
2284 8.96e-13
2285 8.9182e-13
2286 8.9098e-13
2287 8.881e-13
2288 8.8084e-13
2289 8.8015e-13
2290 8.7868e-13
2291 8.7644e-13
2292 8.7488e-13
2293 8.7472e-13
2294 8.7056e-13
2295 8.6759e-13
2296 8.6667e-13
2297 8.6527e-13
2298 8.5829e-13
2299 8.5481e-13
2300 8.5391e-13
2301 8.4955e-13
2302 8.481e-13
2303 8.4653e-13
2304 8.4575e-13
2305 8.4243e-13
2306 8.3952e-13
2307 8.3812e-13
2308 8.3301e-13
2309 8.294e-13
2310 8.2492e-13
2311 8.2233e-13
2312 8.1701e-13
2313 8.1481e-13
2314 8.1165e-13
2315 8.1107e-13
2316 8.0878e-13
2317 8.0677e-13
2318 8.05e-13
2319 8.0229e-13
2320 7.989e-13
2321 7.9654e-13
2322 7.9446e-13
2323 7.8497e-13
2324 7.8245e-13
2325 7.8044e-13
2326 7.7824e-13
2327 7.7645e-13
2328 7.7501e-13
2329 7.7316e-13
2330 7.7312e-13
2331 7.6922e-13
2332 7.6697e-13
2333 7.6476e-13
2334 7.6138e-13
2335 7.5863e-13
2336 7.5443e-13
2337 7.5299e-13
2338 7.4983e-13
2339 7.4963e-13
2340 7.4254e-13
2341 7.4042e-13
2342 7.3587e-13
2343 7.3565e-13
2344 7.3397e-13
2345 7.3129e-13
2346 7.2676e-13
2347 7.2476e-13
2348 7.2436e-13
2349 7.212e-13
2350 7.1941e-13
2351 7.1635e-13
2352 7.1399e-13
2353 7.1266e-13
2354 7.0932e-13
2355 7.091e-13
2356 7.0567e-13
2357 7.0282e-13
2358 6.9997e-13
2359 6.9613e-13
2360 6.9338e-13
2361 6.9041e-13
2362 6.8828e-13
2363 6.836e-13
2364 6.8316e-13
2365 6.8143e-13
2366 6.7988e-13
2367 6.7719e-13
2368 6.7572e-13
2369 6.7444e-13
2370 6.7118e-13
2371 6.6803e-13
2372 6.6703e-13
2373 6.6469e-13
2374 6.6215e-13
2375 6.6164e-13
2376 6.5982e-13
2377 6.5509e-13
2378 6.5268e-13
2379 6.4764e-13
2380 6.4668e-13
2381 6.4497e-13
2382 6.4238e-13
2383 6.4029e-13
2384 6.4002e-13
2385 6.3891e-13
2386 6.3537e-13
2387 6.3337e-13
2388 6.3014e-13
2389 6.2687e-13
2390 6.2668e-13
2391 6.2241e-13
2392 6.2118e-13
2393 6.2076e-13
2394 6.1816e-13
2395 6.1374e-13
2396 6.1177e-13
2397 6.0796e-13
2398 6.0636e-13
2399 5.9588e-13
2400 5.9432e-13
2401 5.924e-13
2402 5.9183e-13
2403 5.8923e-13
2404 5.8835e-13
2405 5.8671e-13
2406 5.8506e-13
2407 5.8266e-13
2408 5.8066e-13
2409 5.7861e-13
2410 5.7653e-13
2411 5.7075e-13
2412 5.7061e-13
2413 5.684e-13
2414 5.662e-13
2415 5.6356e-13
2416 5.6195e-13
2417 5.6127e-13
2418 5.6085e-13
2419 5.6058e-13
2420 5.5856e-13
2421 5.5125e-13
2422 5.508e-13
2423 5.5036e-13
2424 5.4739e-13
2425 5.467e-13
2426 5.45e-13
2427 5.3963e-13
2428 5.385e-13
2429 5.3767e-13
2430 5.3355e-13
2431 5.3296e-13
2432 5.3023e-13
2433 5.287e-13
2434 5.2783e-13
2435 5.2732e-13
2436 5.2504e-13
2437 5.2265e-13
2438 5.2149e-13
2439 5.1884e-13
2440 5.1674e-13
2441 5.1582e-13
2442 5.1416e-13
2443 5.1247e-13
2444 5.0955e-13
2445 5.0892e-13
2446 5.0733e-13
2447 5.0666e-13
2448 5.0515e-13
2449 5.0354e-13
2450 5.023e-13
2451 5.0092e-13
2452 4.9964e-13
2453 4.9854e-13
2454 4.9823e-13
2455 4.9717e-13
2456 4.9059e-13
2457 4.8941e-13
2458 4.8744e-13
2459 4.8531e-13
2460 4.831e-13
2461 4.8092e-13
2462 4.8032e-13
2463 4.7993e-13
2464 4.7852e-13
2465 4.7502e-13
2466 4.7381e-13
2467 4.7263e-13
2468 4.7201e-13
2469 4.6871e-13
2470 4.6746e-13
2471 4.6593e-13
2472 4.6414e-13
2473 4.6014e-13
2474 4.5841e-13
2475 4.5482e-13
2476 4.5276e-13
2477 4.5245e-13
2478 4.4993e-13
2479 4.4836e-13
2480 4.467e-13
2481 4.4529e-13
2482 4.4165e-13
2483 4.4029e-13
2484 4.3996e-13
2485 4.3868e-13
2486 4.3813e-13
2487 4.3741e-13
2488 4.3096e-13
2489 4.279e-13
2490 4.2705e-13
2491 4.256e-13
2492 4.241e-13
2493 4.2246e-13
2494 4.2183e-13
2495 4.1983e-13
2496 4.1861e-13
2497 4.1694e-13
2498 4.157e-13
2499 4.1531e-13
2500 4.1367e-13
2501 4.1167e-13
2502 4.1045e-13
2503 4.0946e-13
2504 4.0779e-13
2505 4.0706e-13
2506 4.0629e-13
2507 4.0519e-13
2508 4.0247e-13
2509 4.003e-13
2510 3.9803e-13
2511 3.9744e-13
2512 3.9683e-13
2513 3.9332e-13
2514 3.9286e-13
2515 3.9058e-13
2516 3.8971e-13
2517 3.8857e-13
2518 3.8464e-13
2519 3.8346e-13
2520 3.8248e-13
2521 3.8193e-13
2522 3.816e-13
2523 3.8139e-13
2524 3.7897e-13
2525 3.7858e-13
2526 3.7787e-13
2527 3.7598e-13
2528 3.7455e-13
2529 3.719e-13
2530 3.7061e-13
2531 3.6987e-13
2532 3.6867e-13
2533 3.6834e-13
2534 3.6516e-13
2535 3.6439e-13
2536 3.6202e-13
2537 3.6072e-13
2538 3.5823e-13
2539 3.578e-13
2540 3.554e-13
2541 3.5459e-13
2542 3.5302e-13
2543 3.5209e-13
2544 3.5135e-13
2545 3.5096e-13
2546 3.4958e-13
2547 3.4664e-13
2548 3.4528e-13
2549 3.4337e-13
2550 3.4086e-13
2551 3.4059e-13
2552 3.3751e-13
2553 3.3648e-13
2554 3.3588e-13
2555 3.3537e-13
2556 3.3257e-13
2557 3.3254e-13
2558 3.2641e-13
2559 3.2496e-13
2560 3.2271e-13
2561 3.2033e-13
2562 3.1969e-13
2563 3.1778e-13
2564 3.1656e-13
2565 3.163e-13
2566 3.1598e-13
2567 3.1352e-13
2568 3.1296e-13
2569 3.118e-13
2570 3.1115e-13
2571 3.0918e-13
2572 3.0828e-13
2573 3.0747e-13
2574 3.0569e-13
2575 3.0486e-13
2576 3.0365e-13
2577 3.0093e-13
2578 2.965e-13
2579 2.9553e-13
2580 2.9234e-13
2581 2.922e-13
2582 2.9098e-13
2583 2.9017e-13
2584 2.8772e-13
2585 2.8709e-13
2586 2.8575e-13
2587 2.8337e-13
2588 2.8306e-13
2589 2.8174e-13
2590 2.8106e-13
2591 2.8076e-13
2592 2.7928e-13
2593 2.7873e-13
2594 2.7624e-13
2595 2.7588e-13
2596 2.7517e-13
2597 2.7074e-13
2598 2.7031e-13
2599 2.6908e-13
2600 2.6699e-13
2601 2.669e-13
2602 2.6566e-13
2603 2.6351e-13
2604 2.6232e-13
2605 2.5981e-13
2606 2.5952e-13
2607 2.5836e-13
2608 2.5774e-13
2609 2.5619e-13
2610 2.5332e-13
2611 2.5116e-13
2612 2.5048e-13
2613 2.5036e-13
2614 2.4886e-13
2615 2.4854e-13
2616 2.4802e-13
2617 2.4746e-13
2618 2.4736e-13
2619 2.4668e-13
2620 2.4457e-13
2621 2.441e-13
2622 2.4179e-13
2623 2.408e-13
2624 2.3992e-13
2625 2.3749e-13
2626 2.3629e-13
2627 2.3597e-13
2628 2.3352e-13
2629 2.3157e-13
2630 2.3144e-13
2631 2.3057e-13
2632 2.2938e-13
2633 2.2888e-13
2634 2.2721e-13
2635 2.2588e-13
2636 2.2567e-13
2637 2.2279e-13
2638 2.223e-13
2639 2.2114e-13
2640 2.2075e-13
2641 2.1933e-13
2642 2.1768e-13
2643 2.1678e-13
2644 2.1673e-13
2645 2.1397e-13
2646 2.1337e-13
2647 2.1282e-13
2648 2.1031e-13
2649 2.094e-13
2650 2.0918e-13
2651 2.0655e-13
2652 2.0619e-13
2653 2.0551e-13
2654 2.047e-13
2655 2.0337e-13
2656 2.029e-13
2657 2.0221e-13
2658 2.0071e-13
2659 2.0038e-13
2660 2.0008e-13
2661 2.0006e-13
2662 1.9952e-13
2663 1.9914e-13
2664 1.9606e-13
2665 1.9504e-13
2666 1.9313e-13
2667 1.9226e-13
2668 1.8979e-13
2669 1.887e-13
2670 1.8756e-13
2671 1.8467e-13
2672 1.8379e-13
2673 1.8353e-13
2674 1.8132e-13
2675 1.8126e-13
2676 1.8104e-13
2677 1.788e-13
2678 1.7854e-13
2679 1.7828e-13
2680 1.7694e-13
2681 1.7558e-13
2682 1.7506e-13
2683 1.7433e-13
2684 1.7415e-13
2685 1.7273e-13
2686 1.7257e-13
2687 1.7191e-13
2688 1.712e-13
2689 1.7049e-13
2690 1.6982e-13
2691 1.683e-13
2692 1.6782e-13
2693 1.6764e-13
2694 1.669e-13
2695 1.6622e-13
2696 1.6558e-13
2697 1.6466e-13
2698 1.6319e-13
2699 1.6128e-13
2700 1.6036e-13
2701 1.6028e-13
2702 1.5821e-13
2703 1.5668e-13
2704 1.5569e-13
2705 1.5486e-13
2706 1.5407e-13
2707 1.5303e-13
2708 1.5232e-13
2709 1.5126e-13
2710 1.4926e-13
2711 1.4888e-13
2712 1.4805e-13
2713 1.4699e-13
2714 1.4671e-13
2715 1.4616e-13
2716 1.4574e-13
2717 1.4443e-13
2718 1.4402e-13
2719 1.4371e-13
2720 1.4301e-13
2721 1.4193e-13
2722 1.4092e-13
2723 1.3997e-13
2724 1.3952e-13
2725 1.3949e-13
2726 1.3846e-13
2727 1.3803e-13
2728 1.3758e-13
2729 1.3662e-13
2730 1.3627e-13
2731 1.3606e-13
2732 1.3555e-13
2733 1.3459e-13
2734 1.3414e-13
2735 1.338e-13
2736 1.3377e-13
2737 1.3174e-13
2738 1.3125e-13
2739 1.3088e-13
2740 1.3018e-13
2741 1.2948e-13
2742 1.2857e-13
2743 1.2727e-13
2744 1.2674e-13
2745 1.2633e-13
2746 1.2612e-13
2747 1.2565e-13
2748 1.2539e-13
2749 1.2492e-13
2750 1.2194e-13
2751 1.2114e-13
2752 1.1972e-13
2753 1.1934e-13
2754 1.193e-13
2755 1.1845e-13
2756 1.1759e-13
2757 1.173e-13
2758 1.162e-13
2759 1.1605e-13
2760 1.1492e-13
2761 1.1489e-13
2762 1.1483e-13
2763 1.1354e-13
2764 1.1297e-13
2765 1.1244e-13
2766 1.1204e-13
2767 1.1113e-13
2768 1.1073e-13
2769 1.0989e-13
2770 1.0937e-13
2771 1.0728e-13
2772 1.0673e-13
2773 1.0653e-13
2774 1.0551e-13
2775 1.0449e-13
2776 1.0408e-13
2777 1.0364e-13
2778 1.0276e-13
2779 1.0232e-13
2780 1.0209e-13
2781 1.0168e-13
2782 1.0066e-13
2783 9.9972e-14
2784 9.9507e-14
2785 9.9143e-14
2786 9.8783e-14
2787 9.8741e-14
2788 9.6921e-14
2789 9.6873e-14
2790 9.5574e-14
2791 9.5481e-14
2792 9.4894e-14
2793 9.4804e-14
2794 9.2996e-14
2795 9.2978e-14
2796 9.2162e-14
2797 9.0816e-14
2798 9.0388e-14
2799 8.9213e-14
2800 8.9003e-14
2801 8.8844e-14
2802 8.8018e-14
2803 8.7339e-14
2804 8.6283e-14
2805 8.6209e-14
2806 8.5421e-14
2807 8.509e-14
2808 8.3532e-14
2809 8.3285e-14
2810 8.3163e-14
2811 8.2709e-14
2812 8.1951e-14
2813 8.1914e-14
2814 8.1768e-14
2815 8.1012e-14
2816 8.0551e-14
2817 8.0266e-14
2818 8.0011e-14
2819 7.8958e-14
2820 7.8913e-14
2821 7.803e-14
2822 7.763e-14
2823 7.7238e-14
2824 7.5964e-14
2825 7.5616e-14
2826 7.5541e-14
2827 7.5116e-14
2828 7.4958e-14
2829 7.3987e-14
2830 7.2427e-14
2831 7.2347e-14
2832 7.1775e-14
2833 7.1569e-14
2834 7.028e-14
2835 6.9898e-14
2836 6.9661e-14
2837 6.94e-14
2838 6.7646e-14
2839 6.7517e-14
2840 6.7273e-14
2841 6.7156e-14
2842 6.6874e-14
2843 6.5442e-14
2844 6.5223e-14
2845 6.4648e-14
2846 6.4424e-14
2847 6.4397e-14
2848 6.3042e-14
2849 6.2486e-14
2850 6.2256e-14
2851 6.2036e-14
2852 6.1904e-14
2853 6.1829e-14
2854 6.1136e-14
2855 6.0137e-14
2856 6.0023e-14
2857 5.9791e-14
2858 5.9524e-14
2859 5.922e-14
2860 5.823e-14
2861 5.8101e-14
2862 5.7691e-14
2863 5.65e-14
2864 5.6218e-14
2865 5.5911e-14
2866 5.5519e-14
2867 5.4673e-14
2868 5.4581e-14
2869 5.4018e-14
2870 5.3101e-14
2871 5.282e-14
2872 5.2704e-14
2873 5.2178e-14
2874 5.1662e-14
2875 5.1288e-14
2876 5.0836e-14
2877 5.0457e-14
2878 4.9307e-14
2879 4.9158e-14
2880 4.9025e-14
2881 4.8585e-14
2882 4.8316e-14
2883 4.8101e-14
2884 4.7864e-14
2885 4.7117e-14
2886 4.6716e-14
2887 4.6588e-14
2888 4.6317e-14
2889 4.6061e-14
2890 4.5126e-14
2891 4.5098e-14
2892 4.4938e-14
2893 4.45e-14
2894 4.352e-14
2895 4.3034e-14
2896 4.2762e-14
2897 4.2626e-14
2898 4.2438e-14
2899 4.2295e-14
2900 4.1631e-14
2901 4.1232e-14
2902 4.0849e-14
2903 4.0681e-14
2904 4.0661e-14
2905 4.057e-14
2906 4.0429e-14
2907 3.9559e-14
2908 3.9328e-14
2909 3.9305e-14
2910 3.9005e-14
2911 3.873e-14
2912 3.8569e-14
2913 3.8309e-14
2914 3.8226e-14
2915 3.7995e-14
2916 3.769e-14
2917 3.7438e-14
2918 3.7183e-14
2919 3.6799e-14
2920 3.6651e-14
2921 3.6476e-14
2922 3.6204e-14
2923 3.5815e-14
2924 3.5723e-14
2925 3.5162e-14
2926 3.5075e-14
2927 3.4918e-14
2928 3.4271e-14
2929 3.4031e-14
2930 3.3775e-14
2931 3.3247e-14
2932 3.3037e-14
2933 3.2624e-14
2934 3.2548e-14
2935 3.2274e-14
2936 3.1786e-14
2937 3.16e-14
2938 3.1352e-14
2939 3.0761e-14
2940 3.0606e-14
2941 3.0415e-14
2942 3.0112e-14
2943 2.9805e-14
2944 2.9381e-14
2945 2.8925e-14
2946 2.8873e-14
2947 2.8658e-14
2948 2.8293e-14
2949 2.8071e-14
2950 2.7683e-14
2951 2.7198e-14
2952 2.6963e-14
2953 2.6933e-14
2954 2.6816e-14
2955 2.6209e-14
2956 2.6144e-14
2957 2.5814e-14
2958 2.5433e-14
2959 2.5384e-14
2960 2.496e-14
2961 2.4838e-14
2962 2.4672e-14
2963 2.4346e-14
2964 2.4111e-14
2965 2.387e-14
2966 2.3734e-14
2967 2.3449e-14
2968 2.3226e-14
2969 2.3167e-14
2970 2.2918e-14
2971 2.2742e-14
2972 2.2426e-14
2973 2.2017e-14
2974 2.1799e-14
2975 2.1599e-14
2976 2.1535e-14
2977 2.096e-14
2978 2.0801e-14
2979 2.0586e-14
2980 2.0446e-14
2981 2.0269e-14
2982 2.0051e-14
2983 1.9985e-14
2984 1.9586e-14
2985 1.9412e-14
2986 1.907e-14
2987 1.889e-14
2988 1.8662e-14
2989 1.8533e-14
2990 1.8245e-14
2991 1.7918e-14
2992 1.7879e-14
2993 1.7677e-14
2994 1.7596e-14
2995 1.7295e-14
2996 1.7277e-14
2997 1.7072e-14
2998 1.673e-14
2999 1.6581e-14
3000 1.6449e-14
3001 1.6268e-14
3002 1.6182e-14
3003 1.6015e-14
3004 1.591e-14
3005 1.5784e-14
3006 1.5449e-14
3007 1.5116e-14
3008 1.4978e-14
3009 1.4955e-14
3010 1.4844e-14
3011 1.4826e-14
3012 1.4511e-14
3013 1.4283e-14
3014 1.3861e-14
3015 1.3684e-14
3016 1.3604e-14
3017 1.3401e-14
3018 1.3019e-14
3019 1.2606e-14
3020 1.2392e-14
3021 1.2296e-14
3022 1.2232e-14
3023 1.2113e-14
3024 1.1833e-14
3025 1.1689e-14
3026 1.1349e-14
3027 1.1056e-14
3028 1.0774e-14
3029 1.0662e-14
3030 1.0433e-14
3031 9.654e-15
3032 9.23e-15
3033 9.0833e-15
3034 8.4785e-15
3035 8.4251e-15
3036 8.1444e-15
3037 7.9696e-15
3038 7.8568e-15
3039 7.4973e-15
3040 7.223e-15
3041 7.0548e-15
3042 7.0392e-15
3043 6.9819e-15
3044 6.6566e-15
3045 6.5653e-15
3046 6.3391e-15
3047 6.1037e-15
3048 5.8871e-15
3049 5.6645e-15
3050 5.3663e-15
3051 5.2956e-15
3052 5.0661e-15
3053 4.9315e-15
3054 4.9214e-15
3055 4.8313e-15
3056 4.7517e-15
3057 4.6397e-15
3058 4.5061e-15
3059 4.275e-15
3060 4.1142e-15
3061 3.9919e-15
3062 3.8917e-15
3063 3.7919e-15
3064 3.7496e-15
3065 3.6629e-15
3066 3.5627e-15
3067 3.4022e-15
3068 3.3594e-15
3069 3.1762e-15
3070 3.0306e-15
3071 2.6315e-15
3072 2.3696e-15
